tree
version=v4
num_class=1
num_tree_per_iteration=1
label_index=0
max_feature_idx=22
objective=lambdarank
feature_names=rank_biencoder_large_top100 score_biencoder_large_top100 rank_biencoder_top100 score_biencoder_top100 rank_bm25_norepeat score_bm25_norepeat rank_cf_bpr score_cf_bpr rank_decay_descending score_decay_descending rank_generative_top100 score_generative_top100 rank_metadata_qwen3 score_metadata_qwen3 rank_pmi_leg score_pmi_leg popularity turn_number n_prior_accepts pmi_sum is_in_all_legs n_legs_containing biencoder_cosine
feature_infos=[0:101] [0:0.016393441706895828] [0:101] [0:0.016393441706895828] [0:101] [0:0.016393441706895828] [0:101] [0:0.016393441706895828] [0:101] [0:0.016393441706895828] [0:101] [0:0.016393441706895828] [0:101] [0:0.016393441706895828] [0:101] [0:0.016393441706895828] [0:93] [1:8] [0:7] [0:58.415699005126953] [0:1] [1:8] none
tree_sizes=7002 6917 6931 6912 6961 6962 6943 6939 6942

Tree=0
num_leaves=63
num_cat=0
split_feature=21 0 11 19 0 19 21 7 16 2 0 0 16 8 16 16 0 0 2 16 15 4 16 4 0 17 21 0 19 16 16 2 16 15 16 1 0 21 2 2 7 0 0 0 12 21 5 0 16 16 8 2 17 17 0 0 2 2 0 7 4 16
split_gain=4753.93 678.049 515.831 222.217 181.43 172.835 140.871 103.493 73.382 51.2537 50.1635 48.2388 39.8335 33.8536 24.7843 23.9804 23.2533 21.9549 21.1792 20.0257 18.3232 17.2958 24.1422 16.3469 14.8615 15.0475 14.1728 12.7151 12.1314 14.5599 13.3726 12.0244 11.6239 11.4063 11.0724 11.9706 10.8581 10.7643 10.4281 9.733 13.4151 9.89175 9.50852 9.48314 9.36025 9.25635 21.8532 9.04701 9.05039 9.1096 11.6158 8.78871 16.7644 12.7906 8.74896 11.1939 8.69973 10.5175 8.69011 8.58962 8.50231 8.26698
threshold=1.5000000000000002 29.500000000000004 0.0062696540262550124 4.4483160972595224 67.500000000000014 1.0000000180025095e-35 2.5000000000000004 0.014389234129339458 50.500000000000007 28.500000000000004 7.5000000000000009 61.500000000000007 61.500000000000007 6.5000000000000009 57.500000000000007 74.500000000000014 21.500000000000004 8.5000000000000018 27.500000000000004 48.500000000000007 1.0000000180025095e-35 60.000000000000007 45.500000000000007 8.5000000000000018 100.00000000000001 1.5000000000000002 2.5000000000000004 96.500000000000014 10.499359607696535 67.500000000000014 38.500000000000007 38.500000000000007 34.500000000000007 0.013423423748463394 79.500000000000014 0.0082988981157541292 98.500000000000014 2.5000000000000004 52.500000000000007 92.500000000000014 0.013606071937829258 49.500000000000007 30.500000000000004 85.500000000000014 1.5000000000000002 4.5000000000000009 0.014389234129339458 63.500000000000007 45.500000000000007 39.500000000000007 12.500000000000002 17.500000000000004 2.5000000000000004 6.5000000000000009 25.500000000000004 53.500000000000007 54.500000000000007 52.500000000000007 83.500000000000014 0.013423423748463394 1.5000000000000002 73.500000000000014
decision_type=2 2 2 2 2 2 2 2 2 2 2 2 2 2 2 2 2 2 2 2 2 2 2 2 2 2 2 2 2 2 2 2 2 2 2 2 2 2 2 2 2 2 2 2 2 2 2 2 2 2 2 2 2 2 2 2 2 2 2 2 2 2
left_child=2 6 3 4 12 7 10 11 9 51 -2 19 16 44 38 -10 -1 -8 61 23 43 26 27 -3 -9 60 -20 32 29 30 -5 -25 -23 -32 35 -21 -29 -24 -12 40 -33 -41 -7 58 -13 46 -46 -28 49 50 -49 53 -53 -6 -14 -56 57 -45 -11 -19 -26 -15
right_child=1 5 -4 28 8 42 17 24 15 20 14 13 54 18 -16 -17 -18 59 21 34 -22 22 37 31 25 -27 47 36 -30 -31 33 39 -34 -35 -36 -37 -38 -39 -40 41 -42 -43 -44 56 45 -47 -48 48 -50 -51 -52 52 -54 -55 55 -57 -58 -59 -60 -61 -62 -63
leaf_value=0.0065123274372560179 0.069783252812044935 0.06025288986514693 -0.099215374629890649 0.069983214097283433 -0.029510347635986152 -0.10000000000000001 0.08825251390490059 0.066744702239450213 -0.041201936699929755 -0.060368771928478775 0.031643422161327837 0.080950760379890463 0.051704675605504007 0.0013306349528592713 0.062406119817441277 0.0050645816250462026 -0.029700788539344311 0.063836325593912321 -0.081885970319857934 -0.10000000000000001 -0.10000000000000001 -0.035262941235749565 -0.0071588705478446745 0.010120134545697625 0.033758372001492808 0.039679511879463766 0.068014343931725119 0.041986950255501664 0.067687331065153719 0.052702031473000704 -0.10000000000000001 -0.026088174577192008 -0.078568952399545422 -0.0011388439255029671 0.085747212596780198 0.025154540387248354 -0.035651275461649805 0.053325351181973374 0.0024864370241832181 -0.025894532934276127 0.076192649181306249 0.056515412723284877 0.060923492083068215 -0.064003213126644851 0.031660713533196959 0.077297985205821346 -0.080120329742761384 -0.0028765982348114287 -0.077726041218717748 0.02006632709581423 -0.085681252810959285 0.0053805955617842894 -0.070710987920070412 0.037120355455719539 -0.02532154585868426 0.035357891296584419 -0.07510171372864255 -0.010723231361245427 -0.015831909926382993 0.07909303046402838 -0.07971321951016655 0.084631373966057341
leaf_weight=55.119674611327355 160.30386131230625 10.490455040475352 562.1415945027984 4.2247497253702049 19.616009181219855 0.92311774974223126 550.86483092440176 52.871526131100836 213.55749362845381 75.422244045272237 178.84036697504052 6.5704115324770092 19.62194908852689 33.708016185846645 62.46710850665113 32.234069670725148 226.45168194337748 160.66472278414585 26.608828159078257 1.9527646570350032 51.897213014221052 49.184980116260704 52.250094111295766 83.303317118698033 2.6038746801204979 48.571228539163712 2.0428295612800857 7.8952743883710363 30.70398900937289 22.547638143441873 4.2312826523557296 82.0499543085607 22.62197751342319 9.3978043650276941 7.4809161182492963 88.41106464996119 10.482789214132936 8.5613098802277801 37.012719879188808 6.3079519319580859 3.3362104059197 8.6133498877752555 163.63758313006838 75.629510455997661 15.643113317666581 4.7763705905526868 6.0686084482586002 8.4546000193804502 11.09908776974771 8.1160033947089669 8.4865341961849516 11.464086927997416 19.639033488405403 11.381505931261925 13.42774479169748 17.513613399161841 373.44955026492244 10.555097750562707 12.813614902319385 216.66992795158876 4.5103475805371991 3.2671244053053661
leaf_count=25592 17962 865 505439 1351 12453 242 17048 4331 113624 41488 31857 669 4538 11261 7818 11737 107792 12341 13907 1071 53644 16882 17156 19865 833 11742 104 1176 3519 6105 3334 25042 9627 3888 515 18704 4079 972 10569 1948 271 1206 17751 45735 3141 499 3306 2770 6515 2182 4439 4356 11632 3869 7559 4613 213154 4361 5455 10060 3129 338
internal_value=-0.000495212 0.04904 -0.0591461 -0.0419635 -0.0468935 0.0140001 0.0708537 0.00296591 -0.0584639 -0.0671275 0.0475031 -0.00545 -0.0152741 -0.0200508 0.0346704 -0.0351344 -0.0226118 0.0818881 -0.0262736 0.00884533 -0.0716047 -0.0322643 -0.0229908 -0.000452198 0.0477587 0.0297322 -0.0538705 -0.0394081 0.0439967 0.0259925 -0.00773892 -0.00392053 -0.048906 -0.0318313 0.0272895 0.0224499 -0.00229765 0.00135638 0.0266438 -0.015581 -0.0220919 0.0216768 0.0600208 -0.0689149 0.0275311 0.0142803 0.000416974 -0.0343554 -0.0401393 -0.0234903 -0.044357 -0.0238871 -0.0426649 -0.00504523 0.0255873 0.00902459 -0.0717971 -0.057478 -0.0539011 0.0725969 -0.0381815 0.00869109
internal_weight=4090.77 2217.73 1873.04 1310.9 1239.79 850.902 1366.82 686.341 907.659 661.868 438.624 577.784 332.135 285.838 278.32 245.792 281.571 928.199 252.779 291.946 599.767 215.804 150.996 194.101 108.557 55.6855 64.8079 90.185 71.1055 40.4015 17.8538 183.611 71.807 13.6291 97.8447 90.3638 18.3781 60.8114 215.853 100.307 85.3862 14.9213 164.561 547.87 33.0585 26.4881 21.7117 38.1991 36.1562 25.0571 16.9411 62.1006 31.1031 30.9975 50.5633 30.9414 459.634 86.1846 88.2359 377.335 7.11422 36.9751
internal_count=1509431 314193 1195238 689799 671602 206538 107655 188545 521508 396147 68206 168510 150094 99023 50244 125361 133384 39449 91408 69487 363837 79809 49892 49197 20035 15704 29917 31764 18197 14678 8573 48332 26509 7222 20290 19775 5255 18128 42426 28467 25313 3154 17993 310193 7615 6946 6447 16010 15906 9391 7209 32310 15988 16322 16710 12172 263250 50096 46943 22401 3962 11599
is_linear=0
shrinkage=0.05


Tree=1
num_leaves=63
num_cat=0
split_feature=0 10 12 19 14 2 16 0 2 8 2 16 0 19 6 16 19 2 4 6 0 6 6 0 16 0 0 0 0 12 16 16 19 4 12 4 0 2 0 4 16 16 16 8 16 0 6 16 4 16 19 16 16 12 4 0 16 16 16 16 16 6
split_gain=3592.97 1219.74 899.503 366.152 213.686 203.079 252.14 210.483 196.799 149.931 131.718 111.769 96.1727 93.4481 90.2993 86.3796 72.7909 68.7987 68.767 67.9051 61.2443 59.9443 55.7759 51.7345 51.6528 47.5056 47.1522 46.32 45.6115 42.4266 40.8823 40.8555 40.7151 39.4041 38.8956 37.718 37.9947 36.2528 45.9019 42.7311 43.1091 34.8517 33.9102 52.9553 55.5743 43.3341 33.0918 31.3694 34.1424 30.9637 30.8314 30.7222 30.6018 29.394 28.1676 28.0318 27.5119 25.7287 27.333 25.545 25.4773 50.2172
threshold=79.500000000000014 100.00000000000001 5.5000000000000009 1.0000000180025095e-35 60.000000000000007 30.500000000000004 47.500000000000007 8.5000000000000018 9.5000000000000018 18.500000000000004 3.5000000000000004 53.500000000000007 1.0000000180025095e-35 3.9758369922637944 7.5000000000000009 33.500000000000007 13.221879482269289 17.500000000000004 7.5000000000000009 17.500000000000004 15.500000000000002 2.5000000000000004 8.5000000000000018 7.5000000000000009 69.500000000000014 4.5000000000000009 8.5000000000000018 1.5000000000000002 63.500000000000007 2.5000000000000004 70.500000000000014 61.500000000000007 5.0020184516906747 17.500000000000004 17.500000000000004 12.500000000000002 12.500000000000002 12.500000000000002 3.5000000000000004 1.5000000000000002 32.500000000000007 71.500000000000014 56.500000000000007 5.5000000000000009 36.500000000000007 6.5000000000000009 60.000000000000007 25.500000000000004 2.5000000000000004 56.500000000000007 25.010989189147953 63.500000000000007 54.500000000000007 10.500000000000002 16.500000000000004 1.5000000000000002 14.500000000000002 38.500000000000007 25.500000000000004 14.500000000000002 44.500000000000007 3.5000000000000004
decision_type=2 2 2 2 2 2 2 2 2 2 2 2 2 2 2 2 2 2 2 2 2 2 2 2 2 2 2 2 2 2 2 2 2 2 2 2 2 2 2 2 2 2 2 2 2 2 2 2 2 2 2 2 2 2 2 2 2 2 2 2 2 2
left_child=2 -2 10 4 -3 7 19 8 12 22 29 17 33 24 31 -16 30 59 -10 35 -9 -12 -6 37 -8 -21 -15 34 -27 50 -5 49 -22 60 -20 36 -7 39 -39 -23 55 -35 43 44 -29 -44 54 53 -49 -14 -1 -17 -25 -24 57 -41 -36 58 -45 -11 -4 -62
right_child=1 3 5 16 9 6 13 20 18 11 21 -13 14 26 15 51 -18 -19 27 25 32 23 47 52 -26 28 -28 42 -30 -31 -32 -33 -34 41 56 -37 -38 38 -40 40 -42 -43 45 46 -46 -47 -48 48 -50 -51 -52 -53 -54 -55 -56 -57 -58 -59 -60 -61 61 -63
leaf_value=0.065564656339028984 -0.090809693601244967 -0.092357328645251979 0.02364468935020915 -0.012009703223706696 0.016122431653780505 -0.10322763660874408 -0.0012548958196680151 0.041047643398571039 0.028541770187517676 0.030410334493158355 0.045913554066968953 -0.013543412022799651 0.026041925917272488 -0.0089560541304362067 0.018217503435494786 -0.016942888989328081 0.042623294318055602 -0.049704494157900271 0.040887796791656023 -0.055717944792733724 0.015987102586723249 0.055435286990284376 0.044720765591096057 0.026286148106164239 0.026059865892492436 -0.014963198616518101 0.047085372087805333 0.057378133859086515 -0.042925402486963644 0.040027272808653674 0.023857243732023289 0.067338629803679925 0.041706133303199125 0.049954908663229408 -0.10302696601610768 0.021820107858648033 -0.0046097581210037325 0.0089147403912931706 -0.068916059837457591 0.029429978504806577 0.020275885671692754 -0.10199810177481002 0.0075862276537104825 -0.10201751259828183 -0.10209925918614356 -0.077070088700203696 -0.032827161530450587 -0.085062654336754473 -0.021598399874907775 -0.10235600289690366 -0.037332261978518223 0.013433180727604825 0.058112721817410479 -0.025204138343248545 -0.092547901486770431 -0.065822562485317523 -0.0066693060878819351 -0.10187390197123658 0.015868306321197234 -0.024131786482256321 0.076469719305065617 -0.10230296215040141
leaf_weight=726.09784124861471 970.83463717089035 146.8180320225656 48.193683577701449 219.02133621962275 190.69014709140174 12.422524500172583 685.09087386314059 619.67166980728507 75.673049114178866 33.132708988385275 549.41185511671938 360.69339097919874 188.78049891861156 44.436643389519304 445.58937659021467 452.17473820154555 151.27507412759587 970.72099272115156 46.599690995644778 99.288887415314093 792.74986118212109 58.164509140886366 31.826219418086112 233.24307621608023 231.58216615871061 888.42578840628266 241.62640154524706 26.326807438395917 174.47957220324315 232.64365855022334 124.67313922720496 70.353332296945155 190.94636571360752 258.83884253795259 8.1090467937756312 148.56443459494039 45.685477585298941 50.119950558058918 30.454875814728439 10.574900664854793 119.37402847292833 3.8293325155973426 99.056086724856868 6.3547852262854603 6.8931280188262454 17.838765827007592 263.69144089519978 24.277803527191281 166.74103226151783 4.8152161478064945 7.3536718012765041 102.02017310867086 111.6969757033512 28.476586089236662 50.707873082719743 28.649710579775274 85.659989413572475 10.713183662388472 21.733393892645836 60.974643484689295 5.7423392706550684 12.433756540995089
leaf_count=2015 511359 63594 274 16548 12353 202 77169 15321 362 4303 3850 93300 1034 483 4444 5495 3660 326386 196 4785 48273 197 1275 3755 13456 146289 6084 71 51541 1280 7331 199 4170 1575 217 3028 1104 315 364 66 650 69 892 83 77 382 5047 1583 35909 76 74 993 1231 6793 629 302 1194 132 114 15316 14 148
internal_value=-0.000322559 -0.0432204 0.0169467 -0.0248085 -0.0342762 0.00764487 -0.00327125 0.0148143 0.00516057 -0.0297101 0.0449116 -0.0375989 0.0149638 0.0134314 0.00869461 0.00182723 0.0137217 -0.0457473 -0.0165454 -0.0179468 0.0287354 0.0337887 -0.00426803 0.023417 0.00564572 -0.0226429 0.03838 -0.021846 -0.0195533 0.0586318 0.00100082 0.0347068 0.0209795 0.039042 0.00355218 0.00846143 -0.0256926 0.00813276 -0.020503 0.0187772 0.00533319 0.0477396 -0.0289293 -0.0360674 0.0242866 -0.00533277 -0.0417439 -0.0197393 -0.0296645 0.0228483 0.064533 -0.011351 0.0365921 0.0117004 -0.0680123 -0.0401426 -0.0150022 -0.0359477 -0.0108027 -0.00492895 0.00462002 -0.0458236
internal_weight=12125 3480.16 8644.88 2509.32 2014.35 6487.1 2571.6 3915.5 2312.13 1867.53 2157.79 1425.52 1592.77 1202.74 1263.73 999.784 494.97 1064.83 719.357 1368.87 1603.37 1191.69 442.012 642.278 916.673 1162.19 286.063 643.684 1062.91 966.095 343.694 263.949 983.696 329.038 140.369 206.672 58.108 297.338 80.5748 216.763 158.599 262.668 503.315 386.421 33.2199 116.895 353.201 251.322 191.019 193.596 733.452 554.195 344.94 60.3028 89.5092 39.2246 93.769 38.8014 28.0882 94.1074 66.3698 18.1761
internal_count=1509431 1099710 409721 588351 560812 395622 304141 91481 23717 497218 14099 439305 14321 97192 12241 10932 27539 346005 9396 206949 67764 10730 57913 6880 90625 202615 6567 9034 197830 3369 23879 1309 52443 2080 1607 4334 1306 1894 679 1215 1018 1644 7427 6153 148 1274 6005 45560 37492 1110 2089 6488 4986 8068 958 368 1411 329 197 19619 436 162
is_linear=0
shrinkage=0.05


Tree=2
num_leaves=63
num_cat=0
split_feature=0 10 0 12 12 16 12 2 2 16 2 16 0 14 16 16 2 17 2 4 8 14 2 16 2 16 2 16 14 2 17 16 16 12 17 8 16 2 8 0 2 16 17 2 16 17 12 0 0 1 17 0 4 2 0 17 8 4 8 17 16 0
split_gain=3709.44 1049.18 926.911 243.043 238.344 298.831 147.926 86.8356 72.426 59.9531 56.4608 55.8293 48.4653 43.8809 50.9496 41.7059 36.1453 34.519 34.3555 33.3324 38.3622 32.9551 32.1121 41.1602 31.7295 30.5083 32.178 29.1952 32.0291 29.9429 29.0953 34.5458 26.6918 27.08 24.5408 31.6931 24.4886 32.9331 24.3136 23.5149 23.5148 25.2454 21.829 21.4485 21.0743 20.81 20.6253 20.3352 20.0979 19.6877 21.5885 19.1797 19.053 19.0504 19.031 29.5003 18.9289 26.1049 27.8043 20.0115 18.7469 18.5835
threshold=61.500000000000007 100.00000000000001 8.5000000000000018 17.500000000000004 16.500000000000004 50.500000000000007 18.500000000000004 66.500000000000014 17.500000000000004 74.500000000000014 14.500000000000002 59.500000000000007 2.5000000000000004 18.500000000000004 46.500000000000007 48.500000000000007 10.500000000000002 1.5000000000000002 29.500000000000004 11.500000000000002 6.5000000000000009 17.500000000000004 31.500000000000004 54.500000000000007 8.5000000000000018 51.500000000000007 61.500000000000007 41.500000000000007 10.500000000000002 92.500000000000014 2.5000000000000004 56.500000000000007 74.500000000000014 4.5000000000000009 2.5000000000000004 13.500000000000002 68.500000000000014 95.500000000000014 18.500000000000004 46.500000000000007 71.500000000000014 29.500000000000004 3.5000000000000004 32.500000000000007 80.500000000000014 3.5000000000000004 15.500000000000002 69.500000000000014 84.500000000000014 0.013423423748463394 2.5000000000000004 69.500000000000014 17.500000000000004 1.5000000000000002 98.500000000000014 6.5000000000000009 18.500000000000004 13.500000000000002 3.5000000000000004 3.5000000000000004 87.500000000000014 85.500000000000014
decision_type=2 2 2 2 2 2 2 2 2 2 2 2 2 2 2 2 2 2 2 2 2 2 2 2 2 2 2 2 2 2 2 2 2 2 2 2 2 2 2 2 2 2 2 2 2 2 2 2 2 2 2 2 2 2 2 2 2 2 2 2 2 2
left_child=2 47 6 10 13 8 12 11 53 21 -4 -5 16 44 17 -9 -1 -15 -8 20 39 36 23 -22 -23 -21 32 61 42 -30 31 -20 33 -27 -35 -36 45 48 -13 -12 -14 -42 -29 -32 -3 -7 -28 -2 -38 50 -25 -16 -26 -6 55 -11 57 59 -59 -19 -17 -10
right_child=1 4 3 7 5 9 18 15 27 54 19 38 40 14 51 60 -18 56 30 25 22 24 -24 49 52 26 46 28 29 -31 43 -33 -34 34 35 -37 37 -39 -40 -41 41 -43 -44 -45 -46 -47 -48 -49 -50 -51 -52 -53 -54 -55 -56 -57 -58 58 -60 -61 -62 -63
leaf_value=0.058602486022386727 0.054683781655068021 0.019188971049388465 0.031770357882233438 -0.0020635137692789443 0.048963772070140021 -0.036034851202241223 0.03047500044577452 -0.025316609180006101 -0.041414970488152389 0.041420805229626566 0.016420753194116296 0.047723161090625202 0.041086604612903421 -0.039487759644026461 -0.10321417344935427 -0.0056773276073331233 0.030167252827172086 0.040525203483350238 -0.063147451432084431 0.034537483581493965 -0.088755862278060538 0.042078043031184481 0.0011524402797616479 0.026930938374721904 -0.073342304400405525 -0.10338683106148482 -0.10274876521331373 -0.09289176648593854 -0.026274752990782076 -0.057765850860646423 -0.10084284841093683 0.010892934745303782 0.065125516240884612 0.052293489877715454 0.020687461594287391 -0.073265096164654181 -0.10219804562996093 -0.048145867372770802 0.013185770838386145 -0.028545273328819867 0.03865410526242815 -0.10536730209253263 0.020671982126895021 0.02297251717171973 0.068975509014823647 0.016499224380465163 0.028328599551526074 -0.086040475953649331 0.05332811529146593 0.064500025493667415 -0.10277239233033636 -0.022104288412011411 -0.024786521071861876 -0.015855339607825595 0.0014934489945841044 -0.065047417451819953 -0.011985243695425002 -0.10361619537366658 0.061523983935582539 0.00011636235817997028 0.06251777798848987 -0.057065808073977944
leaf_weight=1028.5484500755556 2.5742677794769397 104.62279301183298 721.60653293109499 1470.9072102470091 12.615891694091259 21.906914161052555 891.90346125524957 504.19000335060991 249.82937748183031 69.078766826307401 333.97066168941092 57.240399058093317 916.45480434875935 32.280578861478716 7.6488737340550861 411.20456180348992 125.38114146457519 42.969681384973228 26.807573988335207 236.31595342850778 29.295312858652323 17.285999836632982 75.014608700526878 6.6895923805423099 21.082785973092541 5.9690456273965529 10.763024283340199 4.8373608458787194 152.04600588115864 149.90712768770754 3.5794472743291399 38.208732123486698 19.270488426554948 20.630757624050602 23.323426974471658 14.591766204335725 2.409807895310224 48.827253545983694 464.26119986071717 31.847166665596887 6.5034299031831306 5.7180948704481125 33.784903026651591 153.24120246618986 26.674652958288789 135.12732390570454 4.1615157667547455 927.52738674241118 15.050970930373296 8.0351639473810774 6.1646368862129748 154.6599029651843 484.26705910521559 111.68584471661597 176.13674406684004 7.1826877295970908 50.36203550035134 2.6887748767621806 48.981641662539914 106.76287142350338 10.330948759336023 787.60486112814397
leaf_count=3921 69 3133 6884 87888 1315 4219 17867 105276 66712 3496 3359 658 7149 5488 349 44008 999 1088 3517 4442 981 2701 1733 76 6014 119 451 1596 43114 52508 469 1153 139 284 336 561 90 4400 13159 675 65 210 2095 10684 195 10471 96 511439 284 43 175 23013 118206 19663 14591 902 12860 201 2090 7270 183 272299
internal_value=-0.000140451 -0.0391137 0.0202483 0.00553561 -0.0250527 -0.0317395 0.0408042 -0.00295907 -0.0458297 -0.0105368 0.0215525 0.00292013 0.0486702 0.00389476 -0.00357941 -0.0156127 0.0555128 0.0091902 0.0260954 0.0126266 0.0043301 -0.017664 -0.0195593 -0.0505186 -0.0245337 0.0247859 0.0014403 -0.049127 -0.0364249 -0.0419088 0.00848709 -0.0196355 0.0134888 -0.00193492 0.0084086 -0.0154704 -0.00158688 -0.0270708 0.0169766 0.0125061 0.0401678 -0.0287293 0.00644835 0.0201464 0.0293037 0.00917051 -0.0661995 -0.085651 0.0318635 0.00310544 -0.0352722 -0.0259266 -0.0268122 -0.00927658 0.0105275 0.0313931 0.0154315 0.0222873 0.0529306 0.0117127 -0.00400601 -0.0532969
internal_weight=11670.6 4008.42 7662.13 4465.78 3078.32 2500.67 3196.35 2918.13 1502.31 998.356 1547.65 1992.41 2082.61 577.652 446.354 925.726 1153.93 284.046 1113.74 826.043 491.017 745.958 125.199 50.1847 522.636 335.026 98.71 1378.01 340.575 301.953 221.837 65.0163 83.7855 64.515 58.546 37.9152 223.322 66.288 521.502 365.818 928.676 12.2215 38.6223 156.821 131.297 157.034 14.9245 930.102 17.4608 20.8894 12.8542 162.309 505.35 124.302 252.398 76.2615 251.765 201.403 51.6704 149.733 421.536 1037.43
internal_count=1509431 1191871 317560 271526 680363 624676 46034 251172 459302 165374 20354 101705 12344 55687 52359 149467 4920 28997 33690 13470 7042 146385 3008 1275 126921 6428 1986 438324 99313 95622 15823 4670 1439 1300 1181 897 19464 4774 13817 4034 7424 275 3691 11153 3328 14690 547 511508 374 294 251 23362 124220 20978 18989 4398 23509 10649 2291 8358 44191 339011
is_linear=0
shrinkage=0.05


Tree=3
num_leaves=63
num_cat=0
split_feature=21 21 10 19 0 0 14 19 0 12 2 4 0 6 14 2 0 2 2 17 17 0 17 0 17 14 19 12 4 0 0 21 5 19 0 0 19 6 6 14 17 14 14 2 14 19 17 2 0 0 0 17 4 17 19 14 4 19 5 21 4 4
split_gain=4349.32 644.427 584.509 217.686 217.414 152.477 75.794 73.9857 73.4614 52.4204 54.7693 51.1766 45.698 44.7055 42.4618 40.5059 39.8565 38.7749 28.4811 25.8102 23.143 22.1249 24.3308 21.3572 21.2623 18.7748 20.1092 18.6649 19.477 18.3254 20.6491 18.7404 32.5321 18.7353 26.5547 19.7498 18.0021 28.1803 17.835 17.1385 17.8704 27.9529 21.0219 17.0509 16.7518 22.9671 17.885 17.5091 16.1013 15.2226 21.9387 22.4108 15.087 14.9832 16.5215 18.3969 14.9575 15.3779 14.4973 18.068 22.9463 16.573
threshold=1.5000000000000002 2.5000000000000004 100.00000000000001 5.9832961559295663 8.5000000000000018 66.500000000000014 18.500000000000004 18.285771369934086 4.5000000000000009 2.5000000000000004 9.5000000000000018 13.500000000000002 15.500000000000002 4.5000000000000009 1.5000000000000002 100.00000000000001 100.00000000000001 17.500000000000004 3.5000000000000004 1.5000000000000002 2.5000000000000004 41.500000000000007 1.5000000000000002 31.500000000000004 7.5000000000000009 2.5000000000000004 10.254117965698244 1.5000000000000002 4.5000000000000009 12.500000000000002 56.500000000000007 4.5000000000000009 0.013072453904896976 5.1829023361206064 77.500000000000014 98.500000000000014 8.4565043449401873 12.500000000000002 9.5000000000000018 60.000000000000007 5.5000000000000009 9.5000000000000018 12.500000000000002 4.5000000000000009 7.5000000000000009 15.971739292144777 4.5000000000000009 53.500000000000007 43.500000000000007 55.500000000000007 81.500000000000014 1.5000000000000002 60.000000000000007 5.5000000000000009 7.6062848567962655 15.500000000000002 18.500000000000004 5.1829023361206064 0.015504807699471714 5.5000000000000009 1.0000000180025095e-35 11.500000000000002
decision_type=2 2 2 2 2 2 2 2 2 2 2 2 2 2 2 2 2 2 2 2 2 2 2 2 2 2 2 2 2 2 2 2 2 2 2 2 2 2 2 2 2 2 2 2 2 2 2 2 2 2 2 2 2 2 2 2 2 2 2 2 2 2
left_child=2 8 -1 5 9 12 -7 13 18 10 20 -10 -4 21 -5 23 29 24 -2 -19 -3 -6 -23 -13 -8 26 -17 28 -18 39 58 -32 -33 34 -34 -36 37 -16 -20 40 -15 -42 -43 -25 47 -46 -47 -11 -24 -27 51 -51 -21 -39 -55 -56 57 -52 61 -60 -61 -31
right_child=1 4 3 14 7 6 17 -9 11 44 -12 15 -14 16 36 25 27 19 38 52 -22 22 48 43 -26 49 -28 -29 -30 30 31 32 33 -35 35 -37 -38 53 -40 -41 41 42 -44 -45 45 46 -48 -49 -50 50 56 -53 -54 54 55 -57 -58 -59 59 60 -62 -63
leaf_value=-0.082041968084562239 0.028706803548496591 0.064708806003298119 0.0052414589306815735 -0.060305145638426018 0.034003319215472089 -0.084814225139453192 -0.028415608701824881 0.043478941311538531 -0.073617492586223895 0.04875194506526942 0.016911349189478338 -0.00024374069613789938 -0.026688360522121216 0.057635794774040107 0.080151908987044149 -0.10301651505722725 0.043976261600146893 -0.029179331482421342 0.089066708466736755 -0.078864930744752912 0.048059599847851797 -0.046811691970350802 -0.10370965620780624 0.019448663026018068 0.024692023873131484 0.033615261603586251 0.064110187043984496 -0.01282206038349888 -0.10361036114032361 -0.0064722844113882924 0.039200601618220976 -0.10101052607797621 0.045998143734791976 -0.054047772636881986 -0.10214330652070031 0.07494842793732194 0.029987886835011898 0.0033161291506082326 0.0041197775665623455 0.020014204899965492 -0.10459339768365786 0.079094820239312219 -0.10319122539156954 -0.012425488329011932 0.033835813489541386 0.050491577086371711 -0.063014804660308329 -0.10413492249681092 0.021075090425671281 0.065599709791782576 -0.059258923791149547 -0.099486384433032593 -0.048843045950417746 -0.099353643256027302 -0.10089095599993131 0.043863023148343033 0.017690579264450976 0.077771654189275896 0.048125373319115705 -0.10384188869015853 0.016895550136481485 0.011505847199709381
leaf_weight=898.04662678251043 266.32833905960433 338.46913757082075 138.84102661756333 18.148571165744215 504.02052549831569 130.66062529617921 73.894572162535042 320.10709020425566 25.691481028217822 236.39187391055748 109.23639475693926 1117.0109760844498 580.90939757530577 66.871507228817791 8.9350071218796057 1.9144005952402938 25.506329210475091 171.38137570023537 6.3183610015548757 43.489794559311122 544.50630052271299 14.644201561575754 2.6148221774492404 44.265051476657391 25.299296529265121 55.099720366531983 30.086700219660997 183.06986916461028 2.4502169680781654 158.03757928241976 128.25011990708299 6.3975334591232231 40.424368242267519 7.7757256878539911 5.7871570833958677 2.1627216809429228 134.44834498921409 36.147860535420477 280.15323734085541 232.12755382875912 4.6511352588422588 8.1182987936772388 1.9643273502588261 804.91645616141614 1205.0573494706769 5.1097247330471864 10.817817480769007 1.8876340510323633 227.44529068097472 2.6439101286232463 12.474387376336379 9.2417126039508712 1107.9294967912138 9.2570093192625809 3.3489300617948174 6.3698682000394893 81.267114619025961 2.4494233243167391 52.932443777797744 4.4097636421211055 36.568995373789221 678.72736818424892
leaf_count=510565 2795 726 18780 1626 4515 60215 19177 3290 10063 1936 854 60281 128206 517 215 215 1086 50309 13 16529 1903 2299 114 2840 2650 2502 448 28001 272 4503 5393 526 893 256 582 23 6658 3911 8251 3475 191 39 68 110371 11238 42 250 99 8810 33 4914 1403 372247 2449 972 729 8607 51 637 131 497 18240
internal_value=-5.55387e-05 0.0202536 -0.0474624 -0.0349862 0.0306488 -0.0395519 -0.0483702 0.0209025 0.000651481 0.041443 0.0503098 -0.00346465 -0.020529 0.017885 0.0129016 -0.00263076 0.013278 -0.0450215 0.0169363 -0.0472825 0.0544417 0.0280144 0.015679 -0.00478735 -0.0148706 0.0190944 0.0541122 -0.0070111 0.0310412 0.0162612 0.0132729 0.0282573 0.00581862 0.0179904 0.0295698 -0.0539665 0.0195946 -0.00221928 0.00599335 0.0269432 0.046653 -0.0031943 0.0435813 -0.010764 0.035414 0.0330474 -0.0266008 0.0475408 0.0196568 0.0122269 0.00132271 -0.0627636 -0.049977 -0.0155708 -0.0515495 -0.0060167 0.0092414 -0.0367683 0.010201 0.0288286 0.00390288 0.00811037
internal_weight=11293.5 7906.4 3387.11 2489.06 5166.54 2272.41 1552.66 2715.06 2739.86 2451.48 992.212 2187.06 719.75 2394.96 216.656 2161.37 1646.23 1421.99 552.8 1322.8 882.975 748.725 244.704 1966.19 99.1939 195.177 32.0011 211.026 27.9565 1435.21 1121.47 190.798 62.5475 56.15 48.3742 7.94988 198.507 64.0587 286.472 313.733 81.6053 14.7338 10.0826 849.182 1459.26 1220.98 15.9275 238.28 230.06 163.176 108.077 11.8856 1151.42 55.1237 18.9758 9.7188 96.1909 14.9238 930.676 93.9112 40.9788 836.765
internal_count=1509431 314193 1195238 684673 101406 668113 521127 84358 212787 17048 3483 201728 146986 81068 16560 191665 65330 460912 11059 439085 2629 15738 11223 173492 21827 18173 663 29359 1358 35971 31681 7673 2280 1754 1498 605 14934 8276 8264 4290 815 298 107 113211 13565 11530 292 2035 8924 17510 15008 1436 388776 8061 4150 1701 13572 4965 24008 1265 628 22743
is_linear=0
shrinkage=0.05


Tree=4
num_leaves=63
num_cat=0
split_feature=21 21 11 19 2 16 0 16 0 0 0 17 7 17 2 8 4 2 16 16 19 19 16 16 17 16 0 16 15 19 15 2 16 16 16 16 3 2 17 2 0 2 16 16 8 19 16 8 0 16 4 15 2 15 12 16 9 12 17 17 17 16
split_gain=3907.58 555.08 504.91 259.194 199.144 142.907 97.483 73.3762 82.4338 64.276 61.7381 54.4542 48.437 48.1918 47.1613 39.1721 33.601 38.8015 31.9858 30.1449 27.2283 27.0957 26.5834 25.1879 36.3379 22.5963 29.4199 22.4902 22.308 21.8939 22.048 20.9362 20.2299 21.0324 19.7656 37.6437 31.9154 19.4532 19.3714 19.3002 18.9641 21.8929 20.9091 22.5588 28.1628 21.2522 18.8323 18.5098 24.3835 20.9954 19.9581 19.6128 25.5414 18.4572 18.4378 28.8049 26.1473 20.1287 20.3167 19.8743 18.2495 40.7079
threshold=1.5000000000000002 2.5000000000000004 1.0000000180025095e-35 4.4483160972595224 4.5000000000000009 47.500000000000007 100.00000000000001 70.500000000000014 19.500000000000004 76.500000000000014 63.500000000000007 5.5000000000000009 0.012739370577037336 4.5000000000000009 28.500000000000004 1.5000000000000002 18.500000000000004 98.500000000000014 66.500000000000014 68.500000000000014 6.5253655910491952 21.661660194396976 26.500000000000004 48.500000000000007 2.5000000000000004 35.500000000000007 1.0000000180025095e-35 63.500000000000007 0.016261236742138866 23.815717697143558 0.015749008394777778 1.5000000000000002 66.500000000000014 68.500000000000014 80.500000000000014 72.500000000000014 1.0000000180025095e-35 24.500000000000004 4.5000000000000009 5.5000000000000009 1.5000000000000002 2.5000000000000004 48.500000000000007 34.500000000000007 11.500000000000002 42.69694900512696 67.500000000000014 7.5000000000000009 46.500000000000007 48.500000000000007 17.500000000000004 0.013793759513646366 26.500000000000004 1.0000000180025095e-35 1.5000000000000002 34.500000000000007 0.015749008394777778 2.5000000000000004 1.5000000000000002 7.5000000000000009 2.5000000000000004 51.500000000000007
decision_type=2 2 2 2 2 2 2 2 2 2 2 2 2 2 2 2 2 2 2 2 2 2 2 2 2 2 2 2 2 2 2 2 2 2 2 2 2 2 2 2 2 2 2 2 2 2 2 2 2 2 2 2 2 2 2 2 2 2 2 2 2 2
left_child=2 7 3 5 15 10 12 8 11 -7 -1 31 21 -9 -12 60 -10 23 39 22 -15 28 -14 24 -18 26 -24 -13 47 30 -5 -2 -29 -34 35 54 -36 -26 -32 -11 41 -17 43 44 -43 -44 -19 48 51 -50 -49 52 -6 -16 55 -8 -57 -56 -59 -58 -3 -62
right_child=1 4 -4 29 6 9 34 13 16 18 14 27 19 20 53 40 17 46 -20 -21 -22 -23 25 -25 37 -27 -28 32 -30 -31 38 -33 33 -35 36 -37 -38 -39 -40 -41 -42 42 45 -45 -46 -47 -48 50 49 -51 -52 -53 -54 -55 57 56 59 58 -60 -61 61 -63
leaf_value=-0.032063602259548359 0.017908812380897306 0.064910414550990878 -0.078627151918065449 0.017566156692137371 0.034850092225321233 -0.005254717839096066 0.045838115778174648 0.036357644714487471 -0.059752334338438046 0.042107166237137165 -0.02536063325256642 0.022337730261112632 0.037560777808050644 -0.035728115613776937 -0.056940284961410272 0.050022536840424417 -0.039737423750989695 0.016329037489460015 -0.012721458172587151 0.045522371075793884 0.024120074324974677 0.041477217784118663 0.061425770525803551 -0.00288593736784175 0.0014825463614719387 0.02660362801500504 0.004155303919122234 -0.1042933585800494 -0.059636171561497323 0.067706702168421451 0.015846923861199347 -0.0059055051342288955 0.033569971496879632 -0.1045974562562561 0.055911388373811627 -0.070962022777206174 -0.1048143570458981 -0.019681007062687085 -0.10168887701677272 -0.044102389925309023 0.032436914728265064 0.023544884836061399 -0.10675154859296332 0.051063790681144 -0.10621272024049203 0.084540243726445446 -0.10061270567775032 -0.0070898336355203553 -0.10248212700341415 0.024616583454012322 0.014322065069042354 0.069788919810170019 -0.015780492523659082 -0.080150821616319978 -0.067756520841486034 -0.10323007792414896 0.019462690115228328 -0.053257897280502224 -0.00022488173011865403 -0.10331962748203052 0.051946276063026979 -0.007375159246302854
leaf_weight=389.04999339545611 110.54572092089802 218.05044179130346 867.60847373562865 182.9641185044311 128.19722489337437 325.60815898492001 45.683247713372111 216.59130882960744 34.957536588888615 6.6237524519674471 114.49285783362575 464.70996428688522 446.75445633404888 43.586965189548209 785.65039256564341 390.76785164792091 164.27531112008728 147.83777783694677 124.8580800970085 251.36685079615563 33.697078389115632 93.046713312156498 24.91718801856041 357.48582045827061 163.97466116654687 1072.040435242001 224.14035393064842 6.4040799539070603 10.411542796762658 20.097321140347049 6.5229698293842358 558.90618896472733 11.837521950714288 3.5895624356344333 26.338102279696617 20.564631991321221 3.4989829710684708 321.41627519368194 7.5783436554484069 326.86270874016918 714.8408420458436 14.677956842817368 5.740992654580622 39.974458068143576 5.8476497558876863 1.9434714671224353 3.5248322132974854 135.96020631212741 6.4970020060427469 6.4999696267768741 545.39192982017994 28.897133409045637 30.916272697271779 96.131889714626595 13.422997962450607 6.6021164865232995 29.461219718679786 19.752166886813939 210.70600604615174 3.7109428276307872 308.21600419841707 31.914326629135758
leaf_count=95504 1471 450 510565 15686 1386 54497 1068 5458 14211 1189 30037 16978 5201 3850 292593 1600 21844 11318 32546 2505 1011 959 70 36544 16630 15747 4236 433 427 159 714 24228 240 222 521 2300 131 57877 1638 110946 6806 87 141 174 96 3 472 4953 612 345 14482 127 1122 49164 1918 897 1471 7717 22337 306 935 276
internal_value=2.82034e-05 0.0193135 -0.0459625 -0.034087 0.0289251 -0.0393007 0.021869 0.000708312 -0.00223793 -0.022241 -0.0489547 0.00727834 0.0248854 0.0242628 -0.0555507 0.0427146 -0.0114554 -0.00999802 -0.034308 0.0293209 -0.00963335 0.0158004 0.0270173 -0.0135454 -0.0194108 0.0234518 0.00988498 0.0200077 0.0131243 0.0179931 0.0129232 -0.00197308 -0.0295897 0.00142128 -0.00200087 -0.00533195 0.0370631 -0.0125315 -0.0473193 -0.0423901 0.0375293 0.0454609 0.0193179 0.0291858 -0.0134225 -0.0583721 0.0136058 0.0139828 0.0273158 -0.0389183 0.0100494 0.0318945 0.0250124 -0.0594707 -0.00123387 0.0187518 -0.0123586 -0.00823696 -0.00477025 0.00572713 0.0536189 0.0463802
internal_weight=11014.1 7760.09 3254.05 2386.44 5116.75 2169.28 3384.78 2643.34 2349.47 783.953 1385.33 1155.99 3005.04 293.875 996.275 1731.97 1193.47 1158.51 458.345 2019.22 77.284 985.818 1767.85 1007.15 649.666 1321.1 249.058 486.541 892.771 217.163 197.065 669.452 21.8312 15.4271 379.74 349.903 29.8371 485.391 14.1013 333.486 1173.79 458.952 68.1845 60.5001 20.5256 7.68446 151.363 882.36 201.008 12.997 681.352 188.011 159.113 881.782 329.339 85.4575 39.7743 243.881 230.458 33.1722 558.181 340.13
internal_count=1509431 314193 1195238 684673 101406 666476 90838 212787 202468 199178 467298 43572 52172 10319 371794 10568 158896 144685 144681 27759 4861 24413 25254 132895 96351 20053 4306 17873 23454 18197 18038 25699 895 462 38666 38014 652 74507 2352 112135 8907 2101 501 357 183 144 11790 23027 3592 957 19435 2635 2508 341757 35714 3742 2674 31972 30054 1777 1661 1211
is_linear=0
shrinkage=0.05


Tree=5
num_leaves=63
num_cat=0
split_feature=0 11 19 12 6 0 3 16 0 16 14 3 3 16 4 12 19 19 8 3 18 12 19 16 3 16 18 3 0 19 16 18 16 8 16 12 19 6 18 0 4 16 16 19 6 18 8 4 6 16 5 0 16 19 0 16 4 3 8 3 11 8
split_gain=2715.23 900.62 482.11 429.631 262.002 128.443 91.8007 95.1333 87.267 74.2143 71.1025 60.9228 54.7217 60.7696 40.1557 34.2079 30.2283 30.9302 30.1877 29.9253 29.749 34.9263 31.6731 31.066 29.2452 28.4846 28.0493 27.4911 27.2043 27.1109 27.0128 26.919 26.7365 26.2625 25.4357 24.382 24.1173 23.8027 22.3266 21.9347 21.5391 25.6247 24.5356 20.6087 25.3336 20.3867 19.4366 21.0684 20.7457 20.4204 18.9598 18.7761 26.195 27.2099 18.4798 18.3213 18.1853 47.6768 23.1686 19.5575 18.018 17.9481
threshold=37.500000000000007 1.0000000180025095e-35 4.7312474250793466 15.500000000000002 17.500000000000004 67.500000000000014 0.015038444194942715 45.500000000000007 2.5000000000000004 50.500000000000007 60.000000000000007 0.0092167854309082049 0.012739370577037336 62.500000000000007 14.500000000000002 7.5000000000000009 31.867984771728519 17.567214965820316 7.5000000000000009 0.0069204980973154315 1.5000000000000002 1.5000000000000002 17.241424560546879 26.500000000000004 0.0088107436895370501 8.5000000000000018 1.0000000180025095e-35 0.010929288342595102 60.500000000000007 10.154716968536379 81.500000000000014 6.5000000000000009 55.500000000000007 14.500000000000002 19.500000000000004 1.0000000180025095e-35 16.18867111206055 8.5000000000000018 6.5000000000000009 69.500000000000014 60.000000000000007 66.500000000000014 88.500000000000014 21.414972305297855 14.500000000000002 2.5000000000000004 17.500000000000004 6.5000000000000009 2.5000000000000004 48.500000000000007 0.014815627597272398 10.500000000000002 77.500000000000014 8.4993681907653826 29.500000000000004 84.500000000000014 1.0000000180025095e-35 0.015268065501004459 2.5000000000000004 0.014389234129339458 0.0071175277698785075 7.5000000000000009
decision_type=2 2 2 2 2 2 2 2 2 2 2 2 2 2 2 2 2 2 2 2 2 2 2 2 2 2 2 2 2 2 2 2 2 2 2 2 2 2 2 2 2 2 2 2 2 2 2 2 2 2 2 2 2 2 2 2 2 2 2 2 2 2
left_child=3 2 4 8 15 9 7 11 35 14 -7 24 13 18 -6 40 17 -13 -12 28 21 -10 23 25 -5 54 -21 31 -17 -4 38 61 -23 -9 -14 -1 56 50 -11 60 41 -2 -43 51 -45 -16 47 -30 -49 -50 -8 -35 -53 -54 -22 -36 57 -29 -58 -60 -3 -25
right_child=1 39 29 6 5 10 37 33 20 30 12 16 34 -15 45 19 -18 -19 -20 26 22 32 -24 27 -26 -27 -28 36 46 -31 -32 -33 -34 43 55 -37 -38 -39 -40 -41 -42 42 -44 44 -46 -47 -48 48 49 -51 -52 52 53 -55 -56 -57 58 -59 59 -61 -62 -63
leaf_value=0.058109103740310974 0.015982852875040501 0.06930497701176834 0.0069156851377871519 -0.022558381013760502 0.032653431602254639 -0.077932095657157044 0.049985418764290884 0.035856705717664791 0.055667946624728806 0.0014031679469217898 -0.0064642747998445924 -9.3625574146187122e-05 0.020539057646021493 -0.016032031269536156 -0.044285699066491269 0.03047481222638404 0.069890513186470923 -0.10254004685230117 -0.047250953567167867 -0.099388800822718962 0.019505320119760979 0.020527883246731878 0.041736377802732982 0.014597378906861741 -0.095957667533215163 0.0460435154784785 0.018693504679823007 0.01590469162001585 -0.098313186030604086 0.026100392682781984 0.049971258989155269 -0.10469359894567812 0.049177568771400566 0.01845076785929296 -0.029014446365055693 0.04174174574426779 -0.10332576821096373 0.020093164600526528 -0.056852039491838952 -0.075863415349104971 0.057813281067176009 -0.10100111674388622 0.087378448157594685 -0.1020240901544724 0.045727320088639944 -0.023841823973985724 -0.042936571717204261 0.048788528948010224 0.0011593226527537085 -0.076572488980775177 -0.11054864343118527 0.00014068592403041955 0.041636824113578316 -0.10562907583784685 -0.10675465656671074 0.08546123949802395 0.037173281608043611 -0.11036595982122835 0.025867605932427429 0.0041498222261419073 -0.1000868588332718 -0.026303227130042142
leaf_weight=318.50586000457406 219.69988702156115 4.6956964535638681 326.58859944599681 287.04078253195621 25.378561428515241 124.7836353755556 92.730101622175425 120.44181743054651 194.17944060557056 252.40308438474312 47.147908087586984 792.03208159183851 48.35470283520408 200.16362531040795 199.28929652553052 23.398350766394287 15.305323517881332 7.4368207729421547 1200.5360602627043 5.2812468484044066 140.56592162512243 258.09140404255595 230.7848171594087 73.783785065636039 14.244452223181723 201.70140088628978 105.34391523548402 37.239796339999884 5.9061932307668021 422.23027256666683 27.100816464517266 6.5188311389647415 118.97204884933308 349.84695889987051 86.656577015295625 796.66516330535524 3.9444038961082688 705.60169292730279 17.593664363725111 843.33324523968622 29.29246924770996 8.5861723097041232 2.1641767788678399 3.0468642762862137 60.671979930251837 314.204214183148 88.328133024275303 16.49724974646233 38.216652040136978 10.847133647184817 1.8764587603509415 524.60740763496142 60.686547259334475 3.3075779881328335 2.9590594340115777 3.6420717895962289 195.57821405003779 9.3530787746421975 236.47616797080263 184.57234348775819 2.3582763923332095 42.142321348655969
leaf_count=731 11797 38 23509 56302 1006 63490 501 1658 711 30963 8572 39531 5575 48777 39590 593 68 314 419210 474 1677 3420 1497 1150 2291 1349 4760 364 1097 10156 811 433 886 12236 21471 3906 111 13155 3946 511284 472 1616 4 82 488 67712 27389 438 6111 3163 40 40075 1778 152 185 50 1282 162 3728 2467 256 1546
internal_value=-8.57922e-06 -0.0285605 -0.0182735 0.0220234 -0.0269688 -0.0337441 0.00871531 0.00351962 0.035274 -0.01768 -0.0415914 -0.0068178 -0.0387331 -0.0416068 -0.0287418 0.00420848 0.000285933 -0.0010466 -0.0457097 -0.00747795 0.0288587 0.0384397 0.0248509 0.021417 -0.0260286 0.0339283 0.0130563 0.015947 -0.0198779 0.0177332 0.0023837 -0.00583045 0.0295675 0.0137967 -0.00872591 0.0464165 0.0199438 0.0232508 -0.00239289 -0.075129 0.0174281 0.0122947 -0.063078 0.0111455 0.0386622 -0.0317762 -0.0272509 -0.00786468 0.000283552 -0.0160258 0.0468013 0.00927719 0.0038247 0.0340253 0.0169022 -0.0243972 0.0206769 -0.00944295 0.0229528 0.0163473 0.0126741 -0.000271114
internal_weight=10790.9 4700.02 3849.63 6090.91 3100.82 2547.25 3038.88 2238.67 3052.03 835.97 1711.28 1116.06 1586.5 1447.85 538.872 553.562 814.774 799.469 1247.68 293.819 1936.86 571.243 1365.62 1134.84 301.285 345.226 110.625 789.609 183.194 748.819 297.098 122.445 377.063 1122.61 138.653 1115.17 667.164 800.208 269.997 850.387 259.743 230.45 10.7503 1002.17 63.7188 513.494 159.795 71.4672 65.561 49.0638 94.6066 938.448 588.602 63.9941 143.525 90.2986 663.22 46.5929 616.627 421.049 7.05397 115.926
internal_count=1508606 1314330 802752 194276 769087 711173 168671 154975 25605 144028 567145 98506 503655 476559 108308 57914 39913 39845 427782 44025 20968 5017 15951 14454 58593 3211 5234 11243 38791 33665 35720 3129 4306 56469 27096 4637 8114 13696 34909 511578 13889 13417 1620 54811 570 107302 38198 10809 9712 9274 541 54241 42005 1930 1862 21521 8003 526 7477 6195 294 2696
is_linear=0
shrinkage=0.05


Tree=6
num_leaves=63
num_cat=0
split_feature=21 21 10 19 2 0 0 0 12 14 6 0 0 19 2 19 5 14 2 9 19 14 21 19 14 19 19 19 6 0 2 9 1 18 2 9 0 2 0 5 5 2 2 6 19 18 21 12 1 6 18 10 3 10 21 0 19 0 18 5 5 6
split_gain=3339.08 472.45 412.244 229.418 180.553 102.842 88.9357 61.0058 60.7085 47.3584 44.4399 37.8991 37.8636 41.5172 37.8449 27.9044 27.1489 24.1753 21.355 20.5894 19.6942 33.0332 24.4911 18.8348 16.5624 17.6271 16.6049 16.5078 16.4716 16.0751 41.217 22.7462 18.3382 15.1776 18.6402 16.6455 18.7472 15.8162 15.086 15.0114 18.688 14.8709 25.5311 20.6897 22.4123 19.3566 43.9466 19.3278 17.5272 16.7063 16.6886 14.8665 14.8252 14.4291 14.1379 17.8568 14.0685 14.0366 13.8352 14.3376 13.569 25.4686
threshold=1.5000000000000002 2.5000000000000004 100.00000000000001 4.4483160972595224 4.5000000000000009 66.500000000000014 4.5000000000000009 16.500000000000004 3.5000000000000004 60.000000000000007 4.5000000000000009 15.500000000000002 31.500000000000004 5.1829023361206064 6.5000000000000009 11.205747604370119 1.0000000180025095e-35 17.500000000000004 6.5000000000000009 1.0000000180025095e-35 14.344163417816164 1.5000000000000002 4.5000000000000009 15.424549102783205 2.5000000000000004 20.827833175659183 16.534275054931644 10.705485820770265 9.5000000000000018 46.500000000000007 48.500000000000007 0.013606071937829258 0.0072203108575195083 1.0000000180025095e-35 32.500000000000007 0.015268065501004459 76.500000000000014 76.500000000000014 32.500000000000007 0.013606071937829258 0.014389234129339458 20.500000000000004 24.500000000000004 13.500000000000002 26.296989440917972 6.5000000000000009 5.5000000000000009 10.500000000000002 0.014185110572725536 14.500000000000002 1.0000000180025095e-35 100.00000000000001 0.010582306887954475 100.00000000000001 4.5000000000000009 55.500000000000007 12.285765647888185 33.500000000000007 2.5000000000000004 0.015268065501004459 1.0000000180025095e-35 14.500000000000002
decision_type=2 2 2 2 2 2 2 2 2 2 2 2 2 2 2 2 2 2 2 2 2 2 2 2 2 2 2 2 2 2 2 2 2 2 2 2 2 2 2 2 2 2 2 2 2 2 2 2 2 2 2 2 2 2 2 2 2 2 2 2 2 2
left_child=2 6 -1 5 8 11 -2 41 -3 -7 20 -4 23 16 -11 60 28 18 -17 -15 21 -9 -22 -8 26 -26 -5 29 -14 -23 31 32 -31 37 35 36 38 57 -35 -32 -41 43 45 -6 49 46 47 -43 -47 50 -45 -39 -29 -10 58 -56 -54 -30 -42 -60 -12 -62
right_child=1 4 3 24 7 9 12 10 53 14 15 -13 13 19 -16 17 -18 -19 -20 -21 22 27 -24 -25 25 -27 -28 52 33 30 39 -33 -34 34 -36 -37 -38 51 -40 40 54 42 -44 44 -46 48 -48 -49 -50 -51 -52 -53 56 -55 55 -57 -58 -59 59 -61 61 -63
leaf_value=-0.073302819966540242 0.019286243358611996 0.049250566397981713 0.0010614291541398704 -0.0069237140345444819 0.034324520964252772 -0.075108878422288528 0.0016754631984795135 -0.10666844038202142 -0.10953683054463292 0.011116517202935484 0.0097523387066800853 -0.02770948170237493 0.024509241908336248 0.015014730866751756 -0.043764406254896124 -0.10419871261239806 -0.056429251406859351 -0.097199854732689495 0.025952353264591978 -0.10610374307516342 -0.1043789476251069 0.032205618797158067 0.048587345721723685 0.065957984494140406 0.011820267985539902 -0.059881123068717915 0.073039681944860504 -0.1058307633368822 -0.094848473567659297 0.048434719225041008 0.043346660741123873 -0.10604124123538657 -0.10277285899925999 -0.093953536307958441 -0.025106269860608457 0.095001248061616139 -0.048093662144670452 0.05446416270177154 -0.0001202007498393397 -0.069474370103568717 0.022607078763715895 0.045007546843534418 0.023988846919342499 0.042898951966578905 0.058810038245693023 -0.10710225700792507 -0.10658488472896133 -0.033294903279574739 0.063283067730108195 0.018305597178788362 -0.10296202561258008 -0.072896775979377298 -0.10543567049766644 0.030890074172080118 -0.11083460296971977 0.039717629179622432 0.052561819976846294 0.0090446665541882316 -0.099967088927604211 -0.0079436585804474706 0.0068380179398170749 -0.01791175539983705
leaf_weight=824.66928122960962 502.62323840055615 898.19319311960135 145.2492726680357 9.4044913337565976 828.4294170497451 120.99792903405614 1012.6961380963912 5.0663432460278264 1.8332503512501706 32.209185001440346 379.23615616746247 540.01349697128171 26.841640550643206 151.48202326823957 1270.1786314502824 3.1942484322935334 39.596814824733883 4.1708996202796689 236.60861502052285 3.5920413958374402 2.6875082887709132 236.58447358896956 99.344804146327078 11.524707628879694 204.18621523119509 8.9472716073505563 20.965177801437676 4.6811470338143391 3.3463640823028973 6.4307618648745137 51.798000461887568 10.465025397017596 2.913670290261507 4.395452515454962 394.15958918281831 3.9646470653824499 25.946941378293559 2.830020708497611 168.18583054933697 6.7214563824236384 39.19846636778675 14.887878860346968 326.36333326390013 3.0107614076696319 34.4929284225218 1.7373311026021827 12.6891065351665 16.744397128233693 11.501618627458809 345.20286370045505 5.6243636719882488 12.035847050137818 1.9461199613288043 844.15610994084273 2.0407701409421852 56.442439689300954 5.1041922643780708 114.19175284472294 4.8625749838538459 32.677610618527979 255.889727557078 175.05300529650412
leaf_count=510404 11013 3177 18780 2097 6978 63315 61235 235 64 6139 15466 128075 1850 6290 449823 104 16171 312 3839 428 110 2415 710 130 15709 148 306 201 441 179 1147 822 131 768 75488 25 6323 80 19386 649 2595 132 5249 29 162 63 362 529 62 5517 273 2506 64 7452 117 1070 37 10079 838 2670 17883 19954
internal_value=3.25072e-05 0.0183442 -0.0428839 -0.032219 0.0272385 -0.0375254 0.0005083 0.0202273 0.0401975 -0.045187 0.0133969 -0.0216112 -0.00427106 -0.0114577 -0.0424072 0.00731869 -0.0160713 0.022143 0.0242187 0.0122092 0.0246582 0.0203097 0.0445582 0.00239878 0.0137326 0.00881027 0.0482776 0.0217026 -0.0139572 0.0232286 0.0132833 -0.0554128 0.00128696 -0.0153734 -0.0187719 -0.00644181 -0.00846765 -5.89932e-05 -0.00251003 0.0203073 0.0118997 0.0271535 0.0185739 0.0298606 0.0203376 -0.0121284 -0.0279753 0.00355851 0.0409236 0.0165873 -0.0521055 -0.048651 -0.0368508 0.0305858 0.0159446 0.0344641 0.00894927 0.00608678 0.0018307 -0.0198634 0.00285457 -0.00321557
internal_weight=10622.2 7445.4 3176.82 2352.15 4967.98 2108.65 2477.41 3223.8 1744.18 1423.39 1623.12 685.263 1974.79 950.569 1302.39 1054.15 795.495 243.974 239.803 155.074 568.965 466.933 102.032 1024.22 243.503 213.133 30.3697 461.867 755.898 450.135 213.551 19.8095 9.34443 729.056 596.652 202.493 198.528 132.404 172.581 193.741 141.943 1600.68 383.924 1216.76 388.331 57.5603 44.3214 31.6323 13.2389 353.838 8.63513 14.8659 11.7315 845.989 135.222 58.4832 7.05031 117.538 76.7387 37.5402 810.179 430.943
internal_count=1508606 313810 1194796 684392 101597 666132 212213 90904 10693 519277 71548 146855 201200 139835 455962 57558 133117 4255 3943 6718 13990 13170 820 61365 18260 15857 2403 12935 116946 12633 10218 1132 310 115096 101990 26502 26477 13106 20154 9086 7939 19356 6397 12959 5981 1148 1023 661 125 5819 302 2586 302 7516 7290 1187 101 10520 6103 3508 53303 37837
is_linear=0
shrinkage=0.05


Tree=7
num_leaves=63
num_cat=0
split_feature=0 10 12 19 9 0 16 0 19 2 6 2 16 16 9 14 6 17 4 16 16 2 0 2 0 17 0 19 4 2 6 12 19 19 19 17 16 17 19 12 16 17 19 9 9 12 17 6 16 16 1 4 12 4 4 17 2 16 2 9 0 16
split_gain=2291.28 748.15 406.309 403.996 274.675 136.637 78.3091 70.0003 81.1543 61.9846 56.8971 49.8087 42.4387 38.4869 33.8817 33.4266 32.317 33.7649 32.5085 32.3007 29.8493 26.1649 25.2194 24.2606 24.1643 25.996 22.8873 22.7597 23.8038 21.7196 19.7987 24.0329 21.5231 23.8175 19.3603 18.8522 18.4422 18.4206 19.5383 17.7325 17.3713 32.1702 18.9197 17.2554 16.8206 16.7722 16.2286 16.199 16.1678 16.1534 27.3932 16.0954 15.9758 15.8436 15.2386 15.1011 14.9626 17.539 14.9362 22.3224 14.7454 22.275
threshold=37.500000000000007 100.00000000000001 15.500000000000002 4.7312474250793466 0.012579114176332952 82.500000000000014 51.500000000000007 6.5000000000000009 4.4483160972595224 3.5000000000000004 12.500000000000002 28.500000000000004 35.500000000000007 81.500000000000014 0.016261236742138866 60.000000000000007 16.500000000000004 1.5000000000000002 1.0000000180025095e-35 69.500000000000014 42.500000000000007 17.500000000000004 1.0000000180025095e-35 96.500000000000014 42.500000000000007 7.5000000000000009 69.500000000000014 10.499359607696535 1.5000000000000002 84.500000000000014 3.5000000000000004 4.5000000000000009 6.0368230342864999 7.3681256771087655 9.2478270530700701 2.5000000000000004 78.500000000000014 4.5000000000000009 10.833029270172121 60.000000000000007 66.500000000000014 6.5000000000000009 8.6757621765136737 0.012903762981295587 0.015038444194942715 60.000000000000007 7.5000000000000009 14.500000000000002 81.500000000000014 71.500000000000014 0.010695492848753931 12.500000000000002 6.5000000000000009 5.5000000000000009 60.000000000000007 4.5000000000000009 54.500000000000007 46.500000000000007 4.5000000000000009 1.0000000180025095e-35 31.500000000000004 62.500000000000007
decision_type=2 2 2 2 2 2 2 2 2 2 2 2 2 2 2 2 2 2 2 2 2 2 2 2 2 2 2 2 2 2 2 2 2 2 2 2 2 2 2 2 2 2 2 2 2 2 2 2 2 2 2 2 2 2 2 2 2 2 2 2 2 2
left_child=2 26 9 4 5 6 10 22 12 14 20 -7 21 46 -1 -13 17 18 -6 52 -3 58 -4 -12 25 -19 -2 28 -5 -18 31 53 -32 45 -35 -31 60 44 40 51 41 -39 -42 49 -10 -34 -8 -24 -47 -14 -51 -40 55 -30 -21 -17 -45 -58 59 -9 -11 -62
right_child=1 3 7 27 16 11 13 8 37 36 23 15 43 -15 -16 19 29 24 -20 54 -22 -23 47 -25 -26 -27 -28 -29 30 35 32 -33 33 34 -36 -37 -38 38 39 -41 42 -43 -44 56 -46 48 -48 -49 -50 50 -52 -53 -54 -55 -56 -57 57 -59 -60 -61 61 -63
leaf_value=0.037323779894122951 0.02400933729106668 0.04090358236306 0.030751475153465681 0.059688137879913776 0.038001830324212033 -0.01873584210097733 -0.0028518761606188257 -0.011983977666355382 0.040946478418632824 0.027554186977890749 -0.022462517917015118 -0.072713489088889791 -0.0018537024116089228 0.047913429504188178 0.056271623825718188 0.014186678911322964 0.013761920897717397 -0.10664528672253722 -0.04879866533877112 -0.082494510052898179 -0.10264308626310735 -0.022944360052765282 0.031090554963925116 -0.041324142802205331 0.023625103466224803 0.038964678963465012 -0.071092364856233006 0.023497811058145829 -0.108082647151475 -0.061931024357332491 0.042554925748462563 -0.1067500212524044 -0.10285477555096023 0.018298366836472856 -0.018457994593483542 -0.013037138968765608 0.056231665055615089 -0.10193894471295942 0.057835355826118123 0.02875955731574208 0.044328831075219677 0.0026263691720804488 -0.11300377254504426 0.02733708113084703 -0.10225250009572354 -0.0090242470890887477 -0.05050769666400419 0.010273830305920087 -0.1026853270029961 -0.09803578362158738 0.023575385190152308 -0.1024641932843658 -0.048017077850750906 0.040949414942474241 -0.0066014736323749771 -0.084939152802810558 0.023902552972437999 -0.10618548241468878 0.0058551232813990614 -0.10862719139014994 0.011210209261520707 -0.10432808442562505
leaf_weight=918.58424615475815 6.3768638214096418 38.343720182776451 273.15969231328927 19.453267902135849 15.380567742045967 175.47541975369677 289.17735820950475 48.984393733553588 131.68769390671514 1619.7016396287363 324.1950580017874 116.5715643321164 757.14945571077988 37.401945065241307 317.47104956302792 18.632197077386085 63.403850347967818 7.4662494924850744 36.115775290410966 7.2911431984975925 3.9992072263266882 335.16466392471921 108.30055356188677 359.57209671963938 302.69608397921547 5.2001385390758514 799.7075586845167 411.11027104826644 2.3241178682073951 23.966376768425107 35.234576093498617 8.8894652128219587 6.2616915879771105 151.75945180561393 46.895402681548148 111.13303131680004 54.275652649346739 11.364502810407428 2.2914013126865029 126.36244281753898 16.621437367983166 20.851778690237552 2.1590028740465632 102.69353653374128 2.0831394530832759 55.043576972559094 19.040694291936234 681.77957253693603 5.0284981317818156 4.8370005707256487 108.50688889948651 4.9461908475495866 937.68347919546068 7.6642585848458129 71.245486106025055 4.8402772117406121 5.6759551079012436 4.7672117711044848 179.11438384023495 6.8050797255709758 60.085682217264548 4.482869121246039
leaf_count=4847 294 662 3438 295 461 47867 43375 2124 2175 18037 57203 63450 68617 1222 758 2939 5214 387 8076 2630 294 49412 1190 108174 15480 82 511284 9298 215 7149 2154 738 680 10076 4201 27963 316 881 13 2048 396 966 153 1874 70 5268 5444 21786 604 760 3837 175 351534 136 17512 1969 263 302 7960 231 1442 205
internal_value=0.000106289 -0.0266715 0.0206072 -0.0172052 -0.0254868 -0.032863 -0.0195737 0.00740955 0.00159055 0.0336304 -0.0288983 -0.0435576 -0.00312189 1.63643e-05 0.0421904 -0.0473246 0.00587081 0.0146642 -0.0228737 -0.044478 0.0273459 -0.0139766 0.0176552 -0.0323813 0.0207939 -0.0468657 -0.07034 0.0155918 0.00599155 -0.0103805 0.00271806 -0.0469492 0.0058411 0.000959401 0.00962149 -0.0217108 0.0275445 0.0245882 0.01435 0.0244 -0.011979 -0.0342597 0.0262418 0.00316904 0.0387165 -0.0249816 -0.0057959 0.0131273 -0.0168644 0.000781583 0.0183856 -0.0517138 -0.0469972 0.0062723 -0.0136472 -0.00625414 0.0215386 -0.0354815 -0.00118137 -0.0237723 0.0266201 0.00318861
internal_weight=10434.5 4524.58 5909.91 3718.5 2968.83 2403.47 1071.73 2935.31 1872.07 2974.6 726.11 1331.74 1553.7 345.62 1236.06 1156.26 565.362 366.859 51.4963 1039.69 42.3429 570.069 1063.24 683.767 315.362 12.6664 806.084 749.665 338.554 198.503 319.101 18.8778 300.223 264.989 198.655 135.099 1738.55 318.368 184.597 133.6 50.9967 32.2163 18.7804 983.63 133.771 66.3338 308.218 790.08 60.0721 870.493 113.344 7.23759 961.156 9.98838 78.5366 23.4725 113.137 10.4432 234.904 55.7895 1684.27 64.5686
internal_count=1508606 1314330 194276 802752 769087 704275 216374 168671 142257 25605 166333 487901 135380 50041 5605 440034 64812 24486 8537 376584 956 59727 26414 165377 15949 469 511578 33665 24367 40326 24072 1089 22983 20829 14277 35112 20000 6877 4632 2236 2396 1847 549 75653 2245 6552 48819 22976 5872 73214 4597 188 356442 351 20142 4908 2439 565 10315 2355 19684 1647
is_linear=0
shrinkage=0.05


Tree=8
num_leaves=63
num_cat=0
split_feature=21 21 11 16 0 16 0 12 6 16 14 14 0 2 0 2 17 17 16 8 0 14 16 4 16 6 17 16 17 2 16 4 16 21 4 8 2 16 12 0 17 14 2 16 6 7 14 16 5 17 21 2 2 0 6 14 0 1 0 0 6 16
split_gain=2846.86 416.257 332.936 161.104 131.852 64.3562 81.2392 58.1433 54.7292 43.7766 37.6413 36.5736 34.1872 27.627 26.5597 26.3676 24.4535 24.415 24.0335 23.9509 22.694 28.2454 31.6462 22.3071 28.5638 26.8015 22.0764 22.1953 21.9723 23.7917 25.6966 20.8959 20.8754 19.7137 27.1119 45.3081 19.6775 18.8272 18.416 20.0355 17.7284 22.5285 17.6533 16.2836 16.188 22.5992 15.8902 15.8689 21.4883 15.4123 15.1299 18.7443 16.1309 24.2004 16.3396 15.1726 15.9021 15.0991 14.8531 14.8185 14.4955 14.1826
threshold=1.5000000000000002 2.5000000000000004 1.0000000180025095e-35 54.500000000000007 8.5000000000000018 70.500000000000014 12.500000000000002 1.5000000000000002 4.5000000000000009 73.500000000000014 5.5000000000000009 17.500000000000004 37.500000000000007 17.500000000000004 36.500000000000007 5.5000000000000009 4.5000000000000009 7.5000000000000009 40.500000000000007 6.5000000000000009 58.500000000000007 4.5000000000000009 63.500000000000007 60.000000000000007 65.500000000000014 9.5000000000000018 5.5000000000000009 17.500000000000004 3.5000000000000004 7.5000000000000009 56.500000000000007 1.5000000000000002 51.500000000000007 4.5000000000000009 7.5000000000000009 60.000000000000007 12.500000000000002 48.500000000000007 8.5000000000000018 12.500000000000002 3.5000000000000004 13.500000000000002 38.500000000000007 33.500000000000007 1.5000000000000002 0.016261236742138866 60.000000000000007 57.500000000000007 0.013986697886139156 1.5000000000000002 3.5000000000000004 100.00000000000001 61.500000000000007 9.5000000000000018 10.500000000000002 6.5000000000000009 16.500000000000004 0.014599318150430919 68.500000000000014 100.00000000000001 5.5000000000000009 68.500000000000014
decision_type=2 2 2 2 2 2 2 2 2 2 2 2 2 2 2 2 2 2 2 2 2 2 2 2 2 2 2 2 2 2 2 2 2 2 2 2 2 2 2 2 2 2 2 2 2 2 2 2 2 2 2 2 2 2 2 2 2 2 2 2 2 2
left_child=2 5 3 12 7 6 15 28 -6 20 42 31 18 17 -12 26 -7 -14 -1 47 -5 22 -22 33 38 -26 27 -2 -3 30 -30 -10 49 -21 35 -35 -9 -16 39 -25 -15 43 -8 -42 45 -32 -40 59 -49 -20 51 52 -33 -54 -55 56 -52 -31 -43 -13 -48 -17
right_child=1 4 -4 9 8 16 10 36 11 -11 14 19 13 40 37 61 -18 -19 32 23 21 -23 -24 24 25 -27 -28 -29 29 57 44 50 -34 34 -36 -37 -38 -39 46 -41 41 58 -44 -45 -46 -47 60 48 -50 -51 55 -53 53 54 -56 -57 -58 -59 -60 -61 -62 -63
leaf_value=-0.034774859336076179 0.033258152357685249 0.053486997957600639 -0.069101480500811649 -0.0020192723779677508 0.027658305222539866 0.030520791168352351 -0.10684608564651943 0.031323779590325881 -0.10474698478154015 0.0089263327154401276 -0.0050038701026842349 0.027618842505936249 -0.031211189318746554 -0.051478543501999763 -0.02644182385750124 0.001996710836144746 -0.0049082686779542478 0.032050662902752991 -0.060843220940820592 -0.022552422564725838 0.052167338847318591 -0.030538559778434417 -0.064993492214410684 -0.10562398782773255 -0.10737083670269008 0.048197622034568156 0.031250068903689865 -0.0050262006917995011 0.045733830482537569 -0.11069753304647732 0.042919874391585261 0.011407033200181259 -0.062244112637829058 -0.092288099587249234 0.0090994260910752488 0.026999914295079482 0.016821377989073034 -0.0086092880746954491 -0.09951086998365756 0.04031967151919371 -0.042627911114100858 -0.029040243334828006 0.035443713899487986 0.0051304691905544467 -0.11347662532787767 -0.11402870668068724 -0.10164449564594634 -0.10659444790492044 0.0030841792228817281 0.016275865473581376 0.035961466062494118 0.043641513931214224 0.076370358330811183 0.075233403887542655 -0.080609195978567805 0.040290130522490419 0.0061457055614368402 0.011181599517554429 -0.046484166923148995 -0.0020883876696250864 0.0020207602281377387 -0.10397749904910228
leaf_weight=132.99710920988582 54.446407031733543 407.42177067650482 766.70941201527603 140.60665456939023 884.35833196388558 216.56545039406046 2.2742838505655518 1322.0184823584277 3.2177986353635779 202.67253130045719 568.52436784480233 229.73016221751459 53.405310894362628 524.21368085336871 401.94749916484579 468.58948460640386 62.834747825982049 21.348091137129813 7.1658174607437095 132.13576825079508 21.527191992383454 302.31558306002989 7.8709981569554648 2.4794362452812484 2.9031064962036899 59.744465452153236 185.87874503666535 124.25889300159179 260.51630664337426 2.6815281417220822 10.085245277732612 166.89353557536379 11.969113226979969 18.304137155413628 188.93643491668627 14.085882597835733 284.17801001016051 234.28723193635233 4.0076220605988047 45.623887558700517 29.266889709513634 159.57758387643844 52.474105280591175 45.74538475042209 3.528634386137127 2.9687634091824284 3.4136892377864561 5.288368245586752 28.710424873046577 67.55751047458034 80.865498162573203 40.947393706999719 3.8826239518821266 1.9033284839242739 14.459673454985019 169.56942248018458 100.04851171653718 48.547521381173283 518.64117204886861 51.363304077414796 277.09758334420621 3.1785780610516658
leaf_count=35393 672 1038 510404 20538 16468 5473 256 10289 135 22578 51339 4284 15658 188813 86022 21478 4832 2153 2097 21939 748 92302 1926 107 195 1076 2882 2804 801 64 39 3967 2878 1251 5975 262 4335 34786 326 749 13108 45582 1365 7153 71 62 248 558 1847 10712 737 847 14 19 795 2562 2264 438 222753 6012 11823 304
internal_value=0.00019037 0.0171736 -0.0406515 -0.0309434 0.0255407 1.18817e-05 -0.0029931 0.03409 0.0176267 -0.0105122 -0.0110148 0.0122356 -0.0397169 -0.042689 -0.0128574 0.0090872 0.0225531 -0.0131449 -0.0214229 0.00672329 -0.0188532 -0.0259888 0.020799 0.0018564 0.0100176 0.0409885 0.0191861 0.00663795 0.0457303 0.0361051 0.0418923 0.0223152 -0.000939428 -0.0072701 0.00185372 -0.0404117 0.0287579 -0.0198752 0.00418437 0.0327972 -0.0444179 -0.039504 0.0295329 -0.013503 -0.0184581 0.00722638 -0.000653162 0.0182881 -0.0139759 0.0088803 0.0230219 0.012999 0.00629419 -0.0358532 -0.0624817 0.0295446 0.0194728 0.00480197 -0.0423798 0.0221905 0.000759203 0.0012827
internal_weight=10260.8 7247.18 3013.59 2246.88 4871.92 2375.26 2095.86 2341.95 2529.97 674.993 1259.51 1645.61 1571.89 1352.2 1204.76 836.352 279.4 74.7534 219.69 1063.82 472.32 331.714 29.3982 748.732 395.27 62.6476 364.584 178.705 735.75 328.328 277.099 581.788 86.6924 353.462 221.326 32.39 1606.2 636.235 332.622 48.1033 1277.44 753.231 54.7484 75.0123 16.5826 13.054 284.519 315.092 33.9988 74.7233 578.57 228.087 187.139 20.2456 16.363 350.483 180.914 51.229 678.219 281.093 280.511 471.768
internal_count=1508606 313810 1194796 684392 101597 212213 201908 17137 84460 138092 173768 67992 546300 495220 172147 28140 10305 17811 51080 56652 115514 94976 2674 43951 14524 1271 6358 3476 2513 1475 973 11340 15687 29427 7488 1513 14624 120808 13253 856 477409 288596 1621 20261 172 101 12397 12701 2405 12809 11205 5642 4795 828 814 5563 3001 502 268335 10296 12071 21782
is_linear=0
shrinkage=0.05


end of trees

feature_importances:
popularity=101
rank_biencoder_large_top100=93
rank_biencoder_top100=62
pmi_sum=47
turn_number=39
rank_bm25_norepeat=32
rank_cf_bpr=27
rank_metadata_qwen3=27
rank_pmi_leg=24
n_legs_containing=20
rank_decay_descending=19
score_biencoder_top100=10
score_bm25_norepeat=10
score_decay_descending=9
n_prior_accepts=9
rank_generative_top100=7
score_biencoder_large_top100=6
score_pmi_leg=6
score_cf_bpr=5
score_generative_top100=5

parameters:
[boosting: gbdt]
[objective: lambdarank]
[metric: ndcg]
[tree_learner: serial]
[device_type: cpu]
[data_sample_strategy: bagging]
[data: ]
[valid: ]
[num_iterations: 500]
[learning_rate: 0.05]
[num_leaves: 63]
[num_threads: -1]
[seed: 0]
[deterministic: 0]
[force_col_wise: 0]
[force_row_wise: 0]
[histogram_pool_size: -1]
[max_depth: -1]
[min_data_in_leaf: 10]
[min_sum_hessian_in_leaf: 0.001]
[bagging_fraction: 0.8]
[pos_bagging_fraction: 1]
[neg_bagging_fraction: 1]
[bagging_freq: 5]
[bagging_seed: 3]
[bagging_by_query: 0]
[feature_fraction: 0.8]
[feature_fraction_bynode: 1]
[feature_fraction_seed: 2]
[extra_trees: 0]
[extra_seed: 6]
[early_stopping_round: 0]
[early_stopping_min_delta: 0]
[first_metric_only: 0]
[max_delta_step: 0]
[lambda_l1: 0]
[lambda_l2: 0]
[linear_lambda: 0]
[min_gain_to_split: 0]
[drop_rate: 0.1]
[max_drop: 50]
[skip_drop: 0.5]
[xgboost_dart_mode: 0]
[uniform_drop: 0]
[drop_seed: 4]
[top_rate: 0.2]
[other_rate: 0.1]
[min_data_per_group: 100]
[max_cat_threshold: 32]
[cat_l2: 10]
[cat_smooth: 10]
[max_cat_to_onehot: 4]
[top_k: 20]
[monotone_constraints: ]
[monotone_constraints_method: basic]
[monotone_penalty: 0]
[feature_contri: ]
[forcedsplits_filename: ]
[refit_decay_rate: 0.9]
[cegb_tradeoff: 1]
[cegb_penalty_split: 0]
[cegb_penalty_feature_lazy: ]
[cegb_penalty_feature_coupled: ]
[path_smooth: 0]
[interaction_constraints: ]
[verbosity: -1]
[saved_feature_importance_type: 0]
[use_quantized_grad: 0]
[num_grad_quant_bins: 4]
[quant_train_renew_leaf: 0]
[stochastic_rounding: 1]
[linear_tree: 0]
[max_bin: 255]
[max_bin_by_feature: ]
[min_data_in_bin: 3]
[bin_construct_sample_cnt: 200000]
[data_random_seed: 1]
[is_enable_sparse: 1]
[enable_bundle: 1]
[use_missing: 1]
[zero_as_missing: 0]
[feature_pre_filter: 1]
[pre_partition: 0]
[two_round: 0]
[header: 0]
[label_column: ]
[weight_column: ]
[group_column: ]
[ignore_column: ]
[categorical_feature: ]
[forcedbins_filename: ]
[precise_float_parser: 0]
[parser_config_file: ]
[objective_seed: 5]
[num_class: 1]
[is_unbalance: 0]
[scale_pos_weight: 1]
[sigmoid: 1]
[boost_from_average: 1]
[reg_sqrt: 0]
[alpha: 0.9]
[fair_c: 1]
[poisson_max_delta_step: 0.7]
[tweedie_variance_power: 1.5]
[lambdarank_truncation_level: 20]
[lambdarank_norm: 1]
[label_gain: ]
[lambdarank_position_bias_regularization: 0]
[eval_at: ]
[multi_error_top_k: 1]
[auc_mu_weights: ]
[num_machines: 1]
[local_listen_port: 12400]
[time_out: 120]
[machine_list_filename: ]
[machines: ]
[gpu_platform_id: -1]
[gpu_device_id: -1]
[gpu_use_dp: 0]
[num_gpu: 1]

end of parameters

pandas_categorical:null
