tree
version=v4
num_class=1
num_tree_per_iteration=1
label_index=0
max_feature_idx=32
objective=lambdarank
feature_names=rank_biencoder_current_only_top100 score_biencoder_current_only_top100 rank_biencoder_large_top100 score_biencoder_large_top100 rank_biencoder_last2turns_top100 score_biencoder_last2turns_top100 rank_biencoder_mxbai_top100 score_biencoder_mxbai_top100 rank_biencoder_nv_embed_top100 score_biencoder_nv_embed_top100 rank_biencoder_stella_top100 score_biencoder_stella_top100 rank_biencoder_top100 score_biencoder_top100 rank_bm25_norepeat score_bm25_norepeat rank_cf_bpr score_cf_bpr rank_decay_descending score_decay_descending rank_e5_large_top100 score_e5_large_top100 rank_metadata_qwen3 score_metadata_qwen3 rank_pmi_leg score_pmi_leg popularity turn_number n_prior_accepts pmi_sum is_in_all_legs n_legs_containing biencoder_cosine
feature_infos=[0:101] [0:0.016393441706895828] [0:101] [0:0.016393441706895828] [0:101] [0:0.016393441706895828] [0:101] [0:0.016393441706895828] [0:101] [0:0.016393441706895828] [0:101] [0:0.016393441706895828] [0:101] [0:0.016393441706895828] [0:101] [0:0.016393441706895828] [0:101] [0:0.016393441706895828] [0:101] [0:0.016393441706895828] [0:101] [0:0.016393441706895828] [0:101] [0:0.016393441706895828] [0:101] [0:0.016393441706895828] [0:93] [1:8] [0:7] [0:58.093009948730469] [0:1] [1:13] [-0.096716508269309998:0.93324398994445801]
tree_sizes=7030 7026 7027 7009 7009 7029 7004 7037 7011 7033 7022

Tree=0
num_leaves=63
num_cat=0
split_feature=8 4 10 26 17 8 17 10 26 8 26 8 31 31 10 4 20 17 19 26 24 4 19 8 24 10 2 26 26 31 4 24 26 12 27 26 10 4 26 26 27 10 19 10 22 27 10 24 27 10 26 22 14 8 10 8 20 10 8 8 8 2
split_gain=4651.44 597.289 469.396 410.795 252.093 173.293 134.699 98.9279 86.9887 82.7695 82.0423 59.8305 59.4377 57.8718 52.2973 42.439 41.6891 36.6554 35.121 30.7772 29.8675 29.884 29.7739 28.5054 27.9086 26.8311 35.4588 30.1598 25.459 24.9254 23.0851 22.1165 19.7479 19.5786 18.6663 17.7532 17.5762 17.1666 17.0645 15.6389 15.4012 15.259 15.2202 20.1344 15.1532 14.9034 14.7819 14.8989 14.0134 16.607 13.6375 17.687 14.0491 12.4556 12.112 12.1078 12.0846 11.5811 11.5736 11.4531 11.3281 11.2202
threshold=57.500000000000007 18.500000000000004 27.500000000000004 58.500000000000007 0.012739370577037336 98.500000000000014 1.0000000180025095e-35 61.500000000000007 49.500000000000007 15.500000000000002 73.500000000000014 22.500000000000004 4.5000000000000009 3.5000000000000004 26.500000000000004 3.5000000000000004 12.500000000000002 0.013245614245533945 1.0000000180025095e-35 48.500000000000007 12.500000000000002 49.500000000000007 0.015504807699471714 97.500000000000014 6.5000000000000009 22.500000000000004 100.00000000000001 72.500000000000014 70.500000000000014 2.5000000000000004 39.500000000000007 14.500000000000002 43.500000000000007 1.0000000180025095e-35 1.5000000000000002 8.5000000000000018 22.500000000000004 6.5000000000000009 60.500000000000007 46.500000000000007 2.5000000000000004 100.00000000000001 0.012579114176332952 13.500000000000002 1.5000000000000002 3.5000000000000004 63.500000000000007 18.500000000000004 3.5000000000000004 49.500000000000007 44.500000000000007 16.500000000000004 15.500000000000002 24.500000000000004 48.500000000000007 81.500000000000014 21.500000000000004 59.500000000000007 68.500000000000014 9.5000000000000018 92.500000000000014 28.500000000000004
decision_type=2 2 2 2 2 2 2 2 2 2 2 2 2 2 2 2 2 2 2 2 2 2 2 2 2 2 2 2 2 2 2 2 2 2 2 2 2 2 2 2 2 2 2 2 2 2 2 2 2 2 2 2 2 2 2 2 2 2 2 2 2 2
left_child=2 15 9 4 5 14 8 16 11 37 13 -4 22 23 -3 -2 -7 38 30 45 -9 -22 24 -5 -6 -17 27 60 29 59 61 -25 57 -23 -14 -32 -34 -1 42 -24 -28 -35 43 53 -43 55 -12 -48 49 -15 51 52 -26 -11 -33 -16 -57 -18 -21 -10 -27 -13
right_child=1 3 6 10 12 7 -8 20 28 17 46 18 34 48 19 25 32 -19 -20 58 21 33 39 31 50 26 40 -29 -30 -31 35 54 36 41 -36 -37 -38 -39 -40 -41 -42 44 -44 -45 -46 -47 47 -49 -50 -51 -52 -53 -54 -55 -56 56 -58 -59 -60 -61 -62 -63
leaf_value=0.091912380812838035 0.071986742572836493 0.028423474442248658 0.028795627798396114 0.002673213770116074 0.088566958499637319 0.041776866982769889 0.07246421970631145 -0.02257255011953312 0.050490882371117402 0.068425643050104956 0.06457467098006707 -0.013602361295181565 -0.063010019881728524 0.034147382029116671 -0.077616498071909457 0.057253104221900303 -0.060122570805615241 0.077731175720430784 0.054471165207501407 0.02119691264914543 -0.050434625257155911 0.081929314176052565 0.067599873216045242 0.012498707078950191 -0.029538758902745404 0.0084583098299848506 0.08493325226176697 0.077607430166071828 0.067253761274457216 0.043460692216168849 0.0028307250138132809 0.0039601104183265689 0.02774380025600498 -0.065952332573768924 0.058523460271073163 -0.033189172489834627 -0.036799628870204625 0.078005581436147067 0.069339479109626553 -0.060429547288086541 0.0070339974022239826 0.036931945973370135 0.065359421366958478 0.0053626785018844941 -0.082122114639501059 -0.037063926420151161 0.057281704780706259 0.0093429200811020342 0.028544295713435253 -0.044333434578463476 -0.072963937724610559 -0.052754099935844838 0.060902294721361161 0.025514280704532006 -0.050694316838735425 0.050130071523324965 -0.049820522383425804 -0.00034024668162940249 -0.023441814939430566 -0.0045888552370005678 -0.041724755037054431 0.036127712553080643
leaf_weight=462.48932760203024 69.477674993453547 31.608707603882067 153.7979172973719 47.13315953577694 4.404396593803539 15.450206749141215 143.10854032676434 25.614422285725595 11.589298888633492 31.749992837154423 26.277713369272533 19.594661657814868 3.3882308344327603 11.034816081024475 53.530936048628064 40.40698375768261 106.61052756963181 119.94694343071023 18.994533722026972 22.724450943613192 97.330328303462011 1.8816016574273806 12.685947167861739 17.351356389233842 8.8916588740539755 16.118541309318971 16.923411741154272 7.9912318547721943 68.218154144968139 144.01755827442685 45.49698375427397 10.881884367510791 14.749859969670068 177.76864743434271 46.784231534285937 137.8708677215036 37.023898421379272 426.58742242459266 47.180611090021557 2.9375318278325713 10.150614450278225 2.6796869777608654 32.880920926923864 57.482969551318092 1029.2140366525709 170.79493415143224 21.812104780779919 63.078925714573415 62.896696727722883 17.321902859548572 22.364361223604647 23.235682682090555 8.3042064966866729 36.181448308590916 148.06153153399646 3.2385798485483965 45.670793636629242 8.7672767957119486 40.222061922104331 50.844335970177781 37.197729923354927 26.931478507787688
leaf_count=11378 8243 7413 43426 17477 320 4504 10733 36429 2815 3932 4868 5325 1343 2381 28547 7184 78020 6813 2246 6764 65860 460 2326 10439 5904 3498 1439 838 11595 23392 21192 6294 6961 108059 7871 68343 23053 27091 4392 786 5419 731 2881 14631 770100 84764 4481 33738 17763 8865 10298 13776 983 7069 103930 379 20589 3864 19401 24345 22681 5379
internal_value=0.000789417 -0.0429723 0.0576053 -0.049744 -0.0591615 -0.0638559 0.0283887 -0.0713206 0.0190766 0.0773428 -0.0051193 0.00427819 0.00736975 -0.0181635 -0.0330649 0.0404915 -0.036804 0.0557677 -0.0108721 -0.0388462 -0.0760436 -0.07709 -0.018646 -0.0318667 -0.0331009 0.0235008 0.00806965 -0.0129764 0.0407722 0.0320218 -0.0162709 -0.0411011 -0.0440674 -0.0792314 0.0503161 -0.024252 -0.0184118 0.0852398 0.0429465 0.0435277 0.0557272 -0.0794821 0.03508 0.0271414 -0.0818129 -0.0461075 0.0318044 0.0216604 0.0153881 -0.0137932 -0.0416344 -0.0243048 0.0141369 0.0455703 -0.0469525 -0.0611856 -0.0432022 -0.0555799 -0.0073267 0.00563537 -0.0265534 0.0151837
internal_weight=4676.96 2641.99 2034.96 2443.73 2017.88 1884.88 820.464 1517.09 677.356 1214.5 425.85 402.686 132.996 314.681 367.79 198.266 182.602 325.423 248.889 336.182 1334.49 1308.87 82.8238 223.428 67.2003 128.789 88.3815 61.3075 274.669 206.451 229.894 176.295 167.152 1211.54 50.1725 183.368 51.7738 889.077 205.476 15.6235 27.074 1209.66 158.295 125.414 1031.89 273.235 111.169 84.891 91.2534 28.3567 62.7959 40.4315 17.1959 67.9314 158.943 102.44 48.9094 115.378 62.9465 62.4336 53.3163 46.5261
internal_count=1866021 1569043 296978 1519741 1309505 1265898 218791 1098041 208058 78187 210236 145911 43607 167149 167857 49302 116402 39718 102485 160444 981639 945210 34393 138140 31281 41059 33875 27017 62147 50552 100239 120663 111898 879350 9214 89535 30014 38469 32905 3112 6858 878890 28513 25632 770831 134279 43087 38219 29009 11246 30961 20663 6887 11001 110224 49515 20968 81884 26165 27160 26179 10704
is_linear=0
shrinkage=0.05


Tree=1
num_leaves=63
num_cat=0
split_feature=31 8 23 26 32 16 4 24 8 11 24 32 11 8 23 8 11 4 32 32 24 8 11 23 4 32 32 8 23 2 32 26 4 32 18 16 8 20 2 11 18 4 32 26 4 11 32 2 1 8 26 16 12 26 21 11 26 32 11 23 26 27
split_gain=3674.52 1026.29 754.764 552.458 316.607 170.715 152.898 152.405 187.615 146.288 141.971 158.129 156.265 190.422 140.27 135.908 130.711 122.354 115.416 106.679 146.304 95.9482 94.8308 89.1232 94.7138 88.0025 86.9274 86.5961 78.732 74.4125 71.2851 69.3129 63.2586 63.1037 61.8352 54.5052 54.4464 65.9533 89.6938 63.4545 53.5865 58.1453 54.5584 56.8826 53.7948 53.4303 51.6068 51.4519 51.2475 50.0422 49.7915 49.7479 42.9072 42.7819 41.7028 42.1727 41.0024 40.844 39.8033 39.5818 39.3655 38.5283
threshold=7.5000000000000009 97.500000000000014 0.015038444194942715 55.500000000000007 0.53514903783798229 60.000000000000007 13.500000000000002 17.500000000000004 2.5000000000000004 0.015749008394777778 17.500000000000004 0.42345631122589117 0.011299795936793091 15.500000000000002 0.013793759513646366 7.5000000000000009 0.011050061322748663 57.500000000000007 0.53612238168716442 0.44103248417377477 18.500000000000004 2.5000000000000004 0.013793759513646366 0.012579114176332952 55.500000000000007 0.67169415950775158 0.33143690228462225 40.500000000000007 0.013245614245533945 58.500000000000007 0.58503264188766491 32.500000000000007 27.500000000000004 0.69283893704414379 14.500000000000002 10.500000000000002 15.500000000000002 15.500000000000002 19.500000000000004 0.009756329935044052 15.500000000000002 2.5000000000000004 0.58853074908256542 20.500000000000004 62.500000000000007 0.011428944766521456 0.47055877745151525 42.500000000000007 0.012422839645296337 13.500000000000002 52.500000000000007 18.500000000000004 2.5000000000000004 38.500000000000007 0.010582306887954475 0.015504807699471714 79.500000000000014 0.31757020950317388 0.016261236742138866 0.014389234129339458 35.500000000000007 7.5000000000000009
decision_type=2 2 2 2 2 2 2 2 2 2 2 2 2 2 2 2 2 2 2 2 2 2 2 2 2 2 2 2 2 2 2 2 2 2 2 2 2 2 2 2 2 2 2 2 2 2 2 2 2 2 2 2 2 2 2 2 2 2 2 2 2 2
left_child=1 10 7 4 5 26 46 -2 22 -4 -1 50 15 21 16 -13 25 29 27 -19 -21 61 -9 36 31 -6 -3 -17 -8 33 56 -25 53 -5 -26 -34 37 48 -39 -38 -23 52 44 47 -43 -40 -7 54 -10 -50 -12 60 -42 -24 -44 -56 -22 -30 -37 -29 -47 -14
right_child=2 3 9 17 14 6 28 8 23 -11 11 12 13 -15 -16 18 -18 19 -20 20 30 40 32 24 34 -27 -28 59 57 -31 -32 -33 35 -35 -36 58 39 38 45 -41 41 42 43 -45 -46 51 -48 -49 49 -51 -52 -53 -54 -55 55 -57 -58 -59 -60 -61 -62 -63
leaf_value=0.044936106837215023 0.036006744565210344 -0.079970709626387734 0.040414050198811877 -0.03383116581375465 -0.048528996023924291 0.029015684347499578 -0.077122953308859335 -0.0046694912823228079 -0.02233831366929441 0.065936753135444129 -0.06142740715293471 0.042496854002343126 -0.012660126517827431 0.014848168476341132 0.033382428059328687 0.0054175232492587556 -0.0023385472016633842 -0.055749422187616193 0.011043008952400839 0.050298984474776057 -0.044473235337100965 0.027259735474454917 0.056894921216819327 0.037497673084100264 -0.0076647035263962288 -0.0036862325777235264 -0.002574302985411522 -0.034931039159786424 -0.093805121906849309 0.045549940875381473 0.0042188226006818338 0.01010415334355195 0.065090900067586763 0.031777969516812887 -0.10125112031787975 -0.083509617204132067 -0.016916454195533746 -0.058642536006335858 0.033206014647510843 0.017601153315671275 -0.10355161675331592 0.021547752552407474 0.056340783088245 -0.068259147076223187 -0.041270380919622984 -0.10183097888320941 -0.059281409270158784 -0.10312856793641563 0.013823633445353568 -0.056233804574222716 -0.010110439703295768 -0.037277563742181712 0.022778160554821562 0.029340249196344582 -0.079890961496330154 0.022949633517034912 0.013054998425250625 0.021160150703951778 0.032970048065825763 0.051074388707588653 0.055335029319539708 0.03563430059434123
leaf_weight=147.53975905384868 793.78048978152219 48.015268025570549 1247.0483350219438 82.851931296987459 1010.8434852111386 48.605376821476966 1319.7105515513103 134.87566341331694 176.36681794701144 1021.1648032781668 155.52921078400686 228.89014535659226 208.6618703333661 351.12483909109142 75.339674235205166 280.61472922097892 230.05191840854241 150.30340198799968 1153.0746864823159 89.395150402910076 225.20521579764318 28.930216464679688 357.53806274035014 405.40931395074585 74.430535622406751 122.68732377118431 148.42355941759888 346.9550173454918 10.258147192769682 144.89394538849592 181.75558395509142 536.51164100156166 15.568322036880998 65.720698320190422 23.136787834577262 23.825462954118848 177.79612372349948 134.91852171486244 60.550742738181725 530.15090407367097 7.7812581087928256 46.779633550671861 21.593592994846404 294.06260739534628 125.5460768872872 4.6551567092537871 25.090795425814576 14.922097320901228 415.91603689058684 27.154031416168436 67.906998779741116 119.18650819477625 49.346325321123004 232.45110021741129 20.515202809125185 19.39161660685204 35.91249544324819 31.29358773806598 10.596171563491223 13.914262189297004 27.64181256480515 51.488066583871841
leaf_count=4327 11033 14006 12766 12516 417702 1420 598894 1761 2256 3078 44981 13996 2052 24620 4676 37141 27325 49443 164826 7311 87104 210 1261 4561 2276 30436 18862 95316 4997 11643 50371 9385 69 3437 1419 299 16622 2374 2259 25102 91 471 115 4634 1951 89 2581 252 3324 444 10320 1555 251 1138 484 138 5837 7358 50 304 147 354
internal_value=0.00107303 -0.0223897 0.0285841 -0.0397115 -0.0501282 -0.0652073 -0.0711917 0.0162323 0.0117331 0.0519045 -0.00310548 -0.00513817 -0.0023522 -0.0163276 -0.033032 0.00621312 -0.0367014 -0.0069438 0.00158524 -0.0185516 -0.00804761 -0.0286407 0.0334328 0.00553734 0.017037 -0.0436755 -0.0214922 -0.0154152 -0.0749893 0.0200548 -0.019825 0.0218945 0.0414628 -0.00480914 -0.0298575 -0.0125414 -0.00160209 -0.00931924 -0.0267725 0.00893229 -0.0392056 -0.0424107 -0.0474604 -0.0582715 -0.0242177 -0.00649335 -0.00104618 -0.0198403 0.000456478 0.00953009 -0.0458311 -0.0223619 0.00557098 0.0460386 0.000368309 -0.0299184 -0.0365612 -0.00722207 -0.0476531 -0.0316149 0.0326817 -0.00310184
internal_weight=14231.6 7680.93 6550.67 4046.36 3070.32 1631.4 1434.96 4282.46 3488.68 2268.21 3634.57 3487.03 3263.59 1240.14 1438.92 2023.45 1363.58 976.038 1794.56 682.572 532.268 889.019 774.855 2713.82 1039.49 1133.53 196.439 641.484 1361.26 293.467 442.873 941.921 639.979 148.573 97.5673 49.99 1674.34 966.39 346.953 707.947 628.869 599.938 542.811 370.485 172.326 212.034 73.6962 76.4225 619.437 443.07 223.436 151.483 57.1276 589.989 61.5004 39.9068 261.118 41.5517 34.4216 360.869 32.297 260.15
internal_count=1866021 1762753 103268 1355919 1128257 648118 615250 87424 76391 15844 406834 402507 347206 35623 480139 311583 475463 227662 297587 200066 150623 11003 4578 71813 17641 448138 32868 132761 611249 27596 143312 13946 2817 15953 3695 418 54172 12448 6424 41724 8597 8387 8045 5623 2422 4050 4001 989 6024 3768 55301 1791 342 2399 737 622 92941 12355 349 95620 236 2406
is_linear=0
shrinkage=0.05


Tree=2
num_leaves=63
num_cat=0
split_feature=10 8 8 4 29 22 32 12 32 26 32 7 29 32 12 29 8 32 22 4 22 26 32 8 14 8 7 22 2 26 26 22 27 0 20 7 4 26 18 18 32 26 8 27 26 4 20 7 20 0 26 7 31 8 18 27 10 20 29 24 20 32
split_gain=4224.34 886.703 665.346 456.77 378.518 263.786 231.299 205.3 174.308 150.937 113.303 105.94 93.1916 81.3459 80.6462 59.9281 55.4632 55.2642 49.1121 48.1188 44.938 57.4025 44.7473 44.7268 42.8823 42.5635 42.2456 41.7122 65.2529 53.1596 41.0808 39.0657 38.7067 38.1743 37.5218 74.7297 48.9087 55.7849 36.7212 44.7017 35.7472 37.7491 36.928 32.8479 32.5465 31.8001 31.7536 29.8749 29.8659 29.4012 28.8093 32.7096 28.58 35.4433 28.4003 31.585 28.3603 28.2539 28.1567 27.9581 27.7547 50.6284
threshold=51.500000000000007 12.500000000000002 100.00000000000001 26.500000000000004 6.3569352626800546 12.500000000000002 0.55468189716339122 5.5000000000000009 0.61025997996330272 50.500000000000007 0.54982799291610729 0.0077221228275448093 15.733413696289064 0.65372738242149364 30.500000000000004 21.00797271728516 7.5000000000000009 0.31757020950317388 13.500000000000002 1.0000000180025095e-35 10.500000000000002 72.500000000000014 0.58046168088912975 15.500000000000002 60.000000000000007 68.500000000000014 0.0063898416701704272 60.000000000000007 35.500000000000007 14.500000000000002 73.500000000000014 8.5000000000000018 1.5000000000000002 4.5000000000000009 11.500000000000002 0.0068260179832577714 17.500000000000004 48.500000000000007 1.5000000000000002 14.500000000000002 0.76890170574188244 53.500000000000007 21.500000000000004 2.5000000000000004 57.500000000000007 23.500000000000004 44.500000000000007 0.015504807699471714 97.500000000000014 23.500000000000004 78.500000000000014 0.013986697886139156 1.5000000000000002 31.500000000000004 18.500000000000004 1.5000000000000002 9.5000000000000018 68.500000000000014 5.4837968349456796 17.500000000000004 3.5000000000000004 0.73707407712936412
decision_type=2 2 2 2 2 2 2 2 2 2 2 2 2 2 2 2 2 2 2 2 2 2 2 2 2 2 2 2 2 2 2 2 2 2 2 2 2 2 2 2 2 2 2 2 2 2 2 2 2 2 2 2 2 2 2 2 2 2 2 2 2 2
left_child=1 7 9 11 5 17 30 16 23 10 14 32 19 26 -2 -11 33 -5 45 -10 -6 -22 -13 -3 54 31 44 28 -25 -30 58 -16 -4 -1 -29 36 -36 52 -12 43 50 42 -42 -40 -8 56 -33 -47 -39 -28 60 -52 -38 -54 55 -19 -9 -37 -7 -14 61 -21
right_child=2 8 3 4 20 6 13 18 12 15 38 22 59 -15 25 -17 -18 24 -20 40 21 -23 -24 27 -26 -27 49 34 29 -31 -32 46 -34 -35 35 57 37 48 39 -41 41 -43 -44 -45 -46 47 -48 -49 -50 -51 51 -53 53 -55 -56 -57 -58 -59 -60 -61 -62 -63
leaf_value=0.065021004038073954 0.045171375846896136 0.032146219875753008 0.048988732436770349 -0.089814978259038752 -0.05358445490284347 -0.073560233844147435 -0.044659362618032272 0.049983865930469301 0.037743243397538442 0.0002076378104357559 -0.078525776446325857 -0.092551825398304671 0.042538012182892479 -0.0044120818193089271 0.021952920392704807 0.056292231155474264 0.030286028975790476 -0.053980072265150419 0.024587532744488553 0.032234061398022949 0.037312512102389145 -0.011718227700395545 -0.013165394945451468 -0.10386173116819797 0.04219226836351285 -0.058054181997955992 -0.0055399333247118897 0.012932202076387178 0.074379169144780516 -0.0045782695030629744 -0.035623287410338815 0.01702863274215748 0.0065869663110547944 0.04994490798025264 0.060678362601158657 -0.040908658888061868 -0.066578413569303205 -0.041179365899486453 -0.05254863561931488 -0.011897401765282169 0.024826641965286271 0.032979871272222495 -0.0011155275799178673 0.029126569672860939 -0.013449203063478266 0.026097943616660676 -0.037718737926337009 -0.10515708857003166 0.013857725976909619 -0.067007185229787922 0.044879657360415048 -0.10240866352123075 -0.080290816668430506 -0.014448964558450151 -0.072808490274942531 0.0059747388818904056 0.027998077729990113 -0.087641653547121431 0.051031777120421409 -0.099542030393399789 -0.00014854244082337248 -0.051743747997776236
leaf_weight=798.10970981325954 29.93978218594566 49.184667884139344 123.30521091085393 18.156104535562918 28.045253672404215 1606.8557503221091 344.59855444962159 585.71559250971768 150.32174403208774 1102.2459765311796 18.218777996720746 20.548903743969277 277.03567574196495 137.58143355813809 32.644634299911559 49.781463329214603 217.98443903238513 26.439126282464713 1172.0170273594558 143.48463097919011 121.98799089016393 116.89821082050912 130.3511443391908 10.72098452458158 49.026055100839585 201.8993344840128 21.125169773353264 67.085217954707332 35.303225583396852 53.810127994976938 76.136242075881455 28.111784943612292 95.512152810930274 886.02958073234186 20.009306958410889 87.049318193749059 57.406516788294539 30.699639459955506 13.795944736804811 671.9128039421048 235.82886111468542 253.10848886263557 327.92825278942473 114.31190819619223 110.25886772351805 236.15066297654994 457.79272756970022 4.4163355226628473 125.0707103976747 245.97891592257656 62.676862437976524 4.0106574867386362 24.390798220119905 126.17012446082663 16.676514718215913 129.87217765871901 195.68226181971841 51.462902826606296 4.5474629856180391 3.5062534478493026 1248.6869824471651 20.513454492902383
leaf_count=2377 1499 1579 2365 9639 1516 742848 175316 2810 1773 97741 470 8526 2792 50343 431 431 2239 3816 24361 3405 13880 4057 22653 492 4492 66235 6328 4145 275 1852 17021 2492 13408 4915 549 10940 29645 4483 645 98002 4413 4292 12509 2508 35013 1995 93132 84 16101 109888 1089 201 3285 28333 4741 9594 1830 11923 836 198 80411 859
internal_value=0.00122442 0.0262469 -0.0295686 -0.0442351 -0.050589 -0.0560363 -0.0607596 0.0419958 0.00763217 -0.0111112 -0.0212038 0.00825425 0.0134671 -0.0396476 -0.035236 0.00263117 0.0540177 -0.0059441 0.0315731 0.0103372 0.00629019 0.0133195 -0.0239759 -0.0139186 0.000914785 -0.0385775 -0.0463624 -0.0172062 0.0126807 0.0267016 -0.0715129 -0.0309942 0.0304807 0.0570894 -0.022269 -0.0267906 -0.0154276 -0.0196142 -0.0083351 -0.00673665 0.00854305 0.0169385 0.00973651 0.020331 -0.0370939 0.0395842 -0.0345514 0.0236884 0.00301087 -0.0621458 0.0039073 0.0360216 -0.0365606 -0.0251153 -0.0107836 -0.00416626 0.0444781 -0.0582719 -0.0732086 0.0407623 0.00239131 0.0217298
internal_weight=13706.1 7561.57 6144.56 3423.9 3054.18 2787.25 2547.08 4096.11 3465.47 2720.66 1568.63 369.717 2727.1 859.543 750.388 1152.03 1902.12 240.17 2193.98 2446.56 266.931 238.886 150.9 738.364 222.014 720.448 721.962 689.179 99.8343 89.1134 1687.54 518.549 218.817 1684.14 589.345 522.259 383.747 363.738 818.239 800.021 2296.24 816.866 563.757 128.108 454.857 1021.96 485.905 240.567 155.77 267.104 1479.37 66.6875 207.967 150.561 172.988 156.311 781.398 138.512 1611.4 280.542 1412.69 163.998
internal_count=1866021 266155 1599866 1236280 1189328 1169875 1137593 40611 225544 363586 265414 46952 111942 376888 163789 98172 9531 32282 31080 108952 19453 17937 31179 113602 22643 162290 326545 112023 2619 2127 760705 96055 15773 7292 109404 105259 82396 81847 101625 101155 107179 21214 16922 3153 210329 6719 95624 2079 20584 116216 85965 1290 61263 31618 18151 13410 4640 22863 743684 2990 84675 4264
is_linear=0
shrinkage=0.05


Tree=3
num_leaves=63
num_cat=0
split_feature=31 8 8 4 29 32 22 22 16 8 32 6 8 11 32 16 11 32 32 29 4 4 20 11 29 32 4 16 24 4 32 4 27 11 4 16 3 29 29 24 4 22 32 6 0 4 27 22 18 3 20 32 29 24 12 18 14 14 3 24 32 20
split_gain=3842.58 666.64 586.023 451.92 283.559 256.399 176.797 175.913 156.514 116.861 116.511 106.749 105.905 89.1419 66.787 81.612 63.589 61.7564 61.476 54.8436 52.5795 49.9254 47.9453 43.817 40.7993 39.4642 38.3117 37.1244 37.0138 35.852 35.7946 35.4559 36.0646 37.9348 34.9945 34.7529 34.7079 33.944 33.0288 32.4491 32.2364 35.2175 30.4584 29.0795 44.5121 28.0836 29.0862 27.7988 39.2882 27.5173 26.6268 26.4527 26.3525 26.4398 25.7189 24.9842 39.7897 31.0945 24.7789 24.5149 24.2505 28.1153
threshold=5.5000000000000009 8.5000000000000018 93.500000000000014 26.500000000000004 5.4837968349456796 0.54982799291610729 18.500000000000004 16.500000000000004 8.5000000000000018 45.500000000000007 0.51913198828697216 80.500000000000014 40.500000000000007 0.014185110572725536 0.65166243910789501 17.500000000000004 0.0066007319837808618 0.73707407712936412 0.31757020950317388 7.9144067764282235 4.5000000000000009 16.500000000000004 4.5000000000000009 0.0080972984433174151 21.678595542907718 0.66079795360565197 1.0000000180025095e-35 11.500000000000002 11.500000000000002 1.0000000180025095e-35 0.57828825712203991 2.5000000000000004 6.5000000000000009 0.0099504948593676108 11.500000000000002 5.5000000000000009 0.0063092110212892303 15.979799747467043 10.435384273529055 10.500000000000002 34.500000000000007 17.500000000000004 0.37943622469902044 2.5000000000000004 3.5000000000000004 91.500000000000014 6.5000000000000009 14.500000000000002 6.5000000000000009 0.015504807699471714 68.500000000000014 0.5719924569129945 12.393771171569826 1.5000000000000002 43.500000000000007 8.5000000000000018 15.500000000000002 7.5000000000000009 0.011428944766521456 2.5000000000000004 0.64330801367759716 98.500000000000014
decision_type=2 2 2 2 2 2 2 2 2 2 2 2 2 2 2 2 2 2 2 2 2 2 2 2 2 2 2 2 2 2 2 2 2 2 2 2 2 2 2 2 2 2 2 2 2 2 2 2 2 2 2 2 2 2 2 2 2 2 2 2 2 2
left_child=2 8 10 11 5 7 21 18 31 30 12 25 40 43 15 -7 -17 19 -5 45 -15 35 -19 -9 34 -4 -24 -21 -23 -13 50 -2 -33 -34 58 -3 -32 -30 42 -14 -1 -42 -6 44 -10 46 60 48 -36 51 -8 -48 -38 -54 -31 57 -57 -20 -12 -46 -11 -62
right_child=1 6 3 4 38 14 9 23 13 17 24 29 39 20 -16 16 -18 22 55 27 -22 28 26 -25 -26 -27 -28 -29 37 54 36 32 33 -35 47 -37 52 -39 -40 -41 41 -43 -44 -45 59 -47 49 -49 -50 -51 -52 -53 53 -55 -56 56 -58 -59 -60 -61 61 -63
leaf_value=0.062536674059157471 0.061142113589376303 0.040790941210940027 -0.062175284291718425 -0.085127867767446713 0.049845528596895637 0.021074708351865406 -0.010957224956034581 -0.070765246786014216 0.024437494675434757 -0.049852257582540818 0.059316945768788834 0.075885408401092647 0.038630917825828878 0.047483089523695066 -0.0021965180113660879 -0.049753063292406904 -0.019181860482916247 0.049308584189936069 -0.0070857133623491763 -0.10397813436303725 0.026851179034220032 0.030549603348204026 -0.10628412987906617 -0.044717723961575612 0.072303457285035413 0.0077304601394204784 0.0020266729337805344 0.030003335736387172 0.0091603673215527714 -0.10097653979203425 -0.10134979501032818 0.050531630836616853 -0.10649904638563785 0.028974247507523632 -0.1062385004249109 0.021519498145327626 0.011025580036752466 -0.10181896035543761 0.025305937487556374 -0.044899790355627384 0.050000649662566281 -0.012921143962092155 -0.018380860360377522 0.0184819077050494 0.049471841192010965 0.0054460344317096565 -0.092573643106769077 -0.0037391107501245323 0.055813670042299895 -0.10548016975031863 -0.098216002691591253 0.0044236764208195186 -0.018838331097436836 0.041171335691036461 0.023717202197856061 -0.090147228797752874 0.00067835151459262047 0.059502081087454139 -0.10102469572543626 -0.10631292146022786 -0.032053786184802403 0.015208454195370572
leaf_weight=16.22380714234896 663.61918703350239 446.14810422039591 53.249916818924248 25.084920378518291 18.210693553555757 55.232878454728052 49.958370904438198 1542.2765880337683 20.972523784614168 163.07734818395693 33.19144650734961 34.869331333786249 11.986343994038178 725.87492124829441 152.96714686858468 638.05562986806035 231.92511698033195 56.991455858573318 43.027725895866752 5.5754450666718176 537.43516605824698 251.31451934855431 8.4938140031881613 180.3327311030589 19.20403661695309 32.517956933937967 210.56217387923971 71.139371106866747 648.84337076160591 4.2152807989623389 6.5891198087483636 761.00609137583524 5.3450403702445319 155.47016685828567 4.1803037133067837 491.83320644113701 1121.9632145381765 6.9639498018659642 92.86288840812631 387.32292308349861 23.588819892611355 388.34626099804882 160.83130844892003 591.64317274163477 3.0046839453279981 68.918457605643198 7.5049896542914203 1259.7132684910903 35.524652533698827 6.75577976880595 10.597075019497423 110.81239674123935 21.25759003974963 134.42815078818239 217.83693160209805 16.333502736408263 46.072283177869394 29.58806156530045 2.5981238421518347 15.82971287984401 212.61310283280909 36.933085068361834
leaf_count=312 1704 3596 20840 13802 3179 5290 3147 721844 175 27872 665 223 309 3388 52783 302414 71989 1117 5326 300 6014 2969 202 67367 63 5578 14647 2594 19234 793 671 3799 135 1076 281 7872 53980 239 4113 109363 353 51145 13667 12143 16 8178 1943 157149 717 586 1480 13904 374 1779 13869 8125 7347 1859 463 471 25768 3420
internal_value=0.00132916 0.0245997 -0.0295082 -0.0419695 -0.047757 -0.0522445 0.0110639 -0.063379 0.0407378 0.00182811 -0.00908767 0.0126279 -0.0238698 0.0310385 -0.0328015 -0.0378615 -0.0416032 -0.0115034 -0.013247 -0.0195664 0.0387059 0.0225976 0.00845562 -0.0680384 -5.66272e-05 -0.0356713 -0.00217304 0.0202659 0.0142342 0.0287516 0.0113388 0.0523295 0.0459853 0.0244715 -0.00109737 0.0306859 0.0131102 0.00798189 0.00110879 -0.0423924 -0.00659531 -0.00931803 -0.0114414 0.0156987 -0.0256674 -0.0246037 -0.0284553 -0.00244075 0.0387521 -0.00733304 -0.0262273 -0.00172896 0.0137005 0.0329775 0.0213501 0.000107407 -0.0230935 0.0200462 0.047677 -0.0814603 -0.0348578 -0.0250589
internal_weight=13386.8 7629.47 5757.37 3575.49 3232.8 2960.9 4149.27 1882.72 3480.2 2304.17 2181.88 342.689 827.468 1894.76 1078.18 925.214 869.981 959.377 160.106 683.33 1263.31 1845.1 276.047 1722.61 1354.41 85.7679 219.056 76.7148 907.122 256.922 1344.79 1585.44 921.821 160.815 1335.21 937.981 1284.24 655.807 271.905 399.309 428.159 411.935 179.042 631.45 39.8069 606.615 537.697 1299.42 39.705 125.073 60.5554 118.317 1277.65 155.686 222.052 135.022 62.4058 72.6158 35.7896 18.8344 412.624 249.546
internal_count=1866021 224793 1641228 1320408 1279105 1258146 195872 825670 28921 161962 320820 41303 161482 22207 432476 379693 374403 100531 36459 84565 9402 33910 15966 789211 159338 26418 14849 2894 22442 14885 61431 6714 5010 1211 159275 11468 56804 19473 20959 109672 51810 51498 16846 12805 662 81671 73493 158147 998 16433 4627 15847 56133 2153 14662 22657 15472 7185 1128 487 57060 29188
is_linear=0
shrinkage=0.05


Tree=4
num_leaves=63
num_cat=0
split_feature=31 8 8 4 29 16 31 10 26 31 26 10 16 22 2 26 26 10 29 10 13 29 27 22 18 13 20 4 0 18 10 8 18 4 26 22 31 15 16 13 20 8 20 20 26 26 8 25 26 25 26 0 10 15 13 20 13 10 4 2 26 4
split_gain=3534.86 631.956 448.456 424.228 378.551 212.37 153.06 147.953 127.335 110.252 86.9951 82.0674 75.8183 74.657 73.029 67.4479 61.0094 60.7642 69.1162 53.1224 54.6309 69.5338 49.999 45.6136 45.5825 43.0945 43.0409 41.246 40.5066 40.224 40.1344 36.5538 36.4825 36.4754 33.492 33.4442 33.1313 48.6625 42.5119 30.8533 59.2046 30.1768 29.9436 45.2708 28.6711 28.5328 28.503 27.7355 66.2405 27.4857 26.3499 25.8543 38.2979 25.8314 25.7973 36.4351 25.5143 29.4372 28.3207 44.6226 25.779 25.4204
threshold=6.5000000000000009 97.500000000000014 11.500000000000002 26.500000000000004 4.6005294322967538 60.000000000000007 1.5000000000000002 2.5000000000000004 64.500000000000014 10.500000000000002 63.500000000000007 100.00000000000001 18.500000000000004 15.500000000000002 88.500000000000014 77.500000000000014 55.500000000000007 5.5000000000000009 10.566078662872316 50.500000000000007 0.0063092110212892303 7.473834991455079 2.5000000000000004 3.5000000000000004 17.500000000000004 0.014815627597272398 94.500000000000014 4.5000000000000009 34.500000000000007 5.5000000000000009 79.500000000000014 24.500000000000004 16.500000000000004 2.5000000000000004 56.500000000000007 16.500000000000004 1.5000000000000002 1.0000000180025095e-35 3.5000000000000004 0.0092167854309082049 65.500000000000014 22.500000000000004 58.500000000000007 82.500000000000014 67.500000000000014 82.500000000000014 34.500000000000007 0.016001024283468727 56.500000000000007 0.014815627597272398 75.500000000000014 28.500000000000004 87.500000000000014 0.013793759513646366 0.0079052620567381399 100.00000000000001 0.0099504948593676108 10.500000000000002 13.500000000000002 18.500000000000004 52.500000000000007 3.5000000000000004
decision_type=2 2 2 2 2 2 2 2 2 2 2 2 2 2 2 2 2 2 2 2 2 2 2 2 2 2 2 2 2 2 2 2 2 2 2 2 2 2 2 2 2 2 2 2 2 2 2 2 2 2 2 2 2 2 2 2 2 2 2 2 2 2
left_child=1 6 7 14 5 36 10 23 11 19 41 25 -8 -9 16 17 26 44 32 39 -21 -22 61 -2 -23 -7 33 -25 35 -13 53 -26 -19 -3 56 -15 -5 -38 -39 40 49 -1 -41 -44 -14 51 -11 -6 -49 -4 -33 -10 -53 -30 55 -48 58 -58 59 -34 -59 -16
right_child=2 3 9 4 47 8 12 13 45 46 -12 29 15 28 22 -17 -18 18 -20 20 21 24 -24 27 31 -27 -28 -29 30 -31 -32 50 34 -35 -36 -37 37 38 -40 42 -42 -43 43 -45 -46 -47 54 48 -50 -51 -52 52 -54 -55 -56 -57 57 60 -60 -61 -62 -63
leaf_value=-0.013361831932106169 0.058111980826089107 0.037736571827332588 -0.013683489694865027 -0.041019404269379202 0.016854522053952745 -0.044571903334028606 0.031892119782582704 0.03787005214098748 0.029069427411269597 0.032258499405948306 0.0069821574198380438 0.0060677348119317041 0.0335485334942002 -0.10300068894504991 0.067446347583547436 0.035056019328887779 0.020705489628655829 0.025816610743685676 0.04733669066177483 0.022232416104830392 -0.030661564606016191 -0.071512773103737007 -0.0044483351055096499 0.048385112352345092 -0.10224346273125046 0.045788788422133159 -0.080831769110793747 0.023296735514227777 0.010235079370348017 -0.064679544007645903 -0.10387545101217027 0.04575292299652603 -0.10078940975056078 -0.042303932750332139 0.0010250168000852185 0.028115114091493306 0.038242615545155866 0.015893037827268145 -0.040004937472702451 0.015738154887764803 0.026181761081589101 -0.038817773929599286 -0.070129266438907045 0.012103365832754556 -0.10545315745867097 0.02448370259521554 -0.10220981649985506 0.036983307904214134 -0.10454039647586083 -0.10532268484588188 -0.10328012935978337 -0.00022498663881006313 -0.045559251213135449 -0.10435127836559699 0.017321674587963604 0.062211615990513593 -0.10409022939355175 0.012768410547226933 -0.022878493474701715 0.032980467910305719 -0.10004540591891049 0.026214624926563804
leaf_weight=150.63113659899682 782.61236400203779 21.270732998847961 236.71207175636664 56.905433074105531 239.54389927058946 587.56565526209306 179.22287871106528 1195.5224965679226 18.269201945280656 629.74155254266225 170.76739584631287 20.320603688713163 115.98246268322691 4.9020626437850288 56.713390873046592 112.28856257279404 62.375113188987598 66.901261789025739 54.30067456047982 108.73098250618204 278.85014316032175 12.231872723437844 100.12826594931539 565.09350924217142 4.7947442405857137 13.497932395432143 42.157166430028155 230.70660875807516 355.51968327979557 1779.7732340900693 8.1023207977414113 75.987131061032414 7.2108747600577763 43.024928706232458 355.39252120465972 618.61485537700355 63.878773152595386 62.372766088461503 74.811350556090474 1148.2410353586311 118.58280222653411 512.63054166187067 26.062762155663222 46.772538723889738 3.8323293672874561 28.699802626157179 10.397562776226549 16.967777822399512 16.126001443713903 8.4754247909877432 3.0863505853340021 64.969169713323936 164.65158193768002 4.987369925947859 328.32427457929589 4.984578436240553 6.1171446973457924 123.95667650178075 750.43979385704733 46.025547799188644 5.2795424698851994 109.66680217575049
leaf_count=21492 1741 1210 16434 22227 20768 229492 3979 8999 3447 7232 21130 4513 3110 181 276 3442 6405 2843 1067 5394 33214 675 10779 2210 313 1667 18316 2176 8191 886786 584 1797 1074 12613 28606 8929 6415 5296 18381 44984 5232 152817 2800 2383 278 4504 543 1040 1137 409 167 13669 66261 194 5348 28 587 11284 114315 1252 901 2484
internal_value=0.00135826 -0.0256185 0.0263404 -0.0391464 -0.0454309 -0.0506649 -0.00709459 0.0378737 -0.0548389 0.0120618 -0.0248427 -0.0585395 0.00100769 0.0294557 0.00716919 -0.00235161 -0.0185607 -0.00508727 -0.00798101 0.00553187 -0.00897228 -0.0180213 0.0234686 0.0495409 0.0186567 -0.0425427 -0.0415684 0.0411119 0.0193163 -0.0638809 0.00617646 0.0318076 -0.0101875 -0.0158244 -0.0120484 0.0270843 -0.00733759 0.00219514 -0.0145901 0.0099584 -0.0028232 -0.0330366 0.0137662 -0.0173221 0.0291025 -0.0227133 0.0259377 0.010927 -0.0319786 -0.0168512 0.039936 -0.0281776 -0.0327323 0.00864986 0.0143567 -0.0489291 -0.0169962 0.00308674 -0.0203786 0.0148613 0.00815975 0.0402691
internal_weight=13112.7 6304.67 6808.04 3643.69 3208.35 2935.72 2660.98 3766.06 2677.75 3041.98 834.029 2401.16 1826.95 2187.65 435.336 1647.73 168.828 1535.44 1415.62 2068.53 483.681 374.95 266.508 1578.41 96.1001 601.064 106.453 795.8 992.126 1800.09 368.609 83.8682 1361.32 64.2957 1294.42 623.517 257.968 201.063 137.184 1584.85 363.77 663.262 1221.08 72.8353 119.815 276.59 973.448 272.638 33.0938 245.187 79.0735 247.89 229.621 360.507 343.706 15.3821 939.03 135.353 803.676 53.2364 129.236 166.38
internal_count=1866021 1705863 160158 1337686 1285603 1262658 368177 33205 1210339 126953 195439 1122458 172738 27078 52083 168759 38544 165317 161929 113802 41560 36166 13539 6127 2952 231159 32139 4386 18079 891299 8969 2277 160862 13823 158019 9110 52319 30092 23677 72242 22075 174309 50167 5183 3388 87881 13151 22945 2177 16843 1964 83377 79930 8385 5919 571 129413 12772 116641 2326 12185 2760
is_linear=0
shrinkage=0.05


Tree=5
num_leaves=63
num_cat=0
split_feature=8 32 11 22 26 4 18 8 4 26 26 16 8 22 8 16 4 32 11 3 27 27 21 11 32 16 32 21 26 8 24 0 31 26 14 11 11 21 27 32 16 21 27 16 12 11 26 4 6 6 8 26 0 22 4 6 21 21 32 3 21 12
split_gain=3276.29 650.187 530.81 250.043 238.166 224.419 183.887 148.664 129.063 110.5 101.089 115.575 86.697 83.4826 71.352 72.7871 62.6078 58.0603 52.0162 51.876 50.5677 49.2567 44.9892 41.1595 39.2512 39.0926 38.6014 38.5232 37.9817 37.6612 36.392 36.1456 35.9927 35.8838 61.2886 35.0689 32.4684 35.2543 31.9981 31.3921 28.163 35.4363 27.6502 27.047 26.5455 26.2644 25.8768 45.9985 42.0743 24.6917 35.4828 24.1872 24.9746 24.0564 24.0081 34.7995 36.8619 23.9119 37.7874 24.2713 23.2349 23.0717
threshold=45.500000000000007 0.54487544298172008 0.012739370577037336 11.500000000000002 62.500000000000007 15.500000000000002 18.500000000000004 3.5000000000000004 13.500000000000002 73.500000000000014 49.500000000000007 3.5000000000000004 92.500000000000014 17.500000000000004 86.500000000000014 60.000000000000007 18.500000000000004 0.42123219370841986 0.0064309346489608296 0.0088107436895370501 1.5000000000000002 3.5000000000000004 0.01183473411947489 0.010811126790940763 0.63567849993705761 7.5000000000000009 0.4834864884614945 0.0072203108575195083 30.500000000000004 52.500000000000007 60.000000000000007 24.500000000000004 2.5000000000000004 4.5000000000000009 13.500000000000002 0.016001024283468727 0.013793759513646366 0.012579114176332952 4.5000000000000009 0.51913198828697216 60.000000000000007 0.015749008394777778 2.5000000000000004 15.500000000000002 15.500000000000002 0.015038444194942715 38.500000000000007 25.500000000000004 4.5000000000000009 10.500000000000002 7.5000000000000009 46.500000000000007 12.500000000000002 60.000000000000007 25.500000000000004 28.500000000000004 0.0088890646584332007 0.015268065501004459 0.64126911759376537 0.016261236742138866 0.0088890646584332007 29.500000000000004
decision_type=2 2 2 2 2 2 2 2 2 2 2 2 2 2 2 2 2 2 2 2 2 2 2 2 2 2 2 2 2 2 2 2 2 2 2 2 2 2 2 2 2 2 2 2 2 2 2 2 2 2 2 2 2 2 2 2 2 2 2 2 2 2
left_child=2 3 10 20 6 42 28 13 19 14 11 -1 21 35 39 26 25 -13 24 -8 -2 27 -21 -11 -14 -9 -16 -10 33 -30 49 46 -22 34 -3 -4 37 -24 -36 -7 41 -6 -5 -38 60 53 47 48 -19 50 -12 -17 -53 -23 55 56 -42 58 -15 61 -20 -60
right_child=1 4 7 5 40 9 8 16 12 23 30 17 18 57 15 51 -18 31 44 22 32 45 36 -25 -26 -27 -28 -29 29 -31 -32 -33 -34 -35 38 -37 43 -39 -40 -41 54 -43 -44 -45 -46 -47 -48 -49 -50 -51 -52 52 -54 -55 -56 -57 -58 -59 59 -61 -62 -63
leaf_value=0.036472505898302698 -0.089996923636367243 -0.080675241899841835 0.04237909964561936 0.029533574637113726 0.036869759190841081 -0.046132855990366151 0.038278946766073976 0.039719891675418798 -0.059636145183226144 -0.020956540562002787 0.039133130992439626 -0.065441750820125141 -0.054347491737143296 0.04135753703085928 -0.042352482095628419 -0.068367296552479792 0.013051740197994681 -0.10306257493735237 -0.090634551761208479 -0.043362871605938075 -0.033746117827872152 -0.099420743659738714 0.043324142422307206 0.064832437627165437 -0.025141227595307493 0.024393236281151569 0.021011691968641732 -0.015825566432179927 -0.064542660172226846 0.0047609480614216231 0.010884076178684495 -0.010887742003511225 0.026488488525796883 0.048058448931794326 -0.098336490376888089 0.058937110083926172 -0.10750262920672156 -0.047371166863039486 0.057039783722706787 -0.012131714722127089 -0.099743801451178907 -0.10679731805450841 -0.022380773925885021 0.030559245629088072 -0.030866835031709575 0.044351972039043203 0.02732598270668837 -0.058255980515388939 0.017454191150332431 0.034296101795887851 -0.076610632765795536 0.025083375910050228 -0.05645381585673595 -0.0070456992051733565 0.0015466225262960888 0.049314061735955927 0.013307619873183544 0.039038310799195862 0.017447992193894642 -0.11150990774110155 0.018340572000039402 -0.024775012242814819
leaf_weight=161.47485154587775 12.04870366048999 17.064888120628893 584.57579503487796 86.886151942890137 139.03410120937042 268.81589700572658 79.772545860148966 711.94670339906588 93.55844774027355 115.31295954994857 13.898882136680188 43.101685409783386 565.0724990896415 111.20085237664171 81.200019823154435 1200.5340340769617 704.00421838730108 7.7261902086902401 5.4512918724212787 65.779236332513392 30.052138577098958 7.199059857055544 14.506462380988522 15.910371390171347 144.44393805158325 1001.0127028400893 34.141814852366224 108.21360541670583 21.477417713031173 224.6112655850593 948.14660352317151 983.00141965656076 141.92349836532958 98.766598371323198 3.7843171132262823 705.94167137215845 3.6986437314189962 40.993038838962093 26.63696699636057 90.820128259947523 8.2180005048867297 4.4288672828115514 36.391224106308073 86.755020238924772 341.30965945147909 24.746405709767714 117.98503175447695 30.971805548062548 115.57518319424707 300.90286874375306 12.646570046897976 9.600064307684077 431.94522389688063 335.70138042164035 415.3934052286204 73.182932963594794 58.81504047033377 271.94284357689321 133.40710008377209 4.4131287992931894 47.616195585811511 42.711803527083248
leaf_count=1568 4606 1129 3075 2673 5015 82150 3634 4606 20294 23493 128 13463 280474 1212 26045 579106 19336 537 2089 13459 9024 876 930 577 64038 16843 5078 11949 1020 15128 52791 100581 11955 2606 588 1578 153 4719 627 18776 1586 168 4360 2252 108886 843 3997 2824 3894 4124 407 2597 183162 56932 68285 2203 2338 1714 1605 96 3689 880
internal_value=-3.9934e-05 -0.0285082 0.0227613 -0.0471199 -0.0129453 -0.0514765 -0.0205466 0.0337748 -0.0267871 -0.0550782 0.00556452 -0.00342036 -0.0321357 0.044425 -0.0578379 -0.0619903 0.0256044 -0.00838177 -0.0403098 0.00391547 0.00902516 -0.0162893 -0.00903136 -0.0105549 -0.0484017 0.0307634 -0.0235963 -0.0361398 0.0107056 -0.00128753 0.0158471 -0.00642251 0.0159627 0.0308855 -0.00483264 0.0514367 0.00644142 -0.0236652 0.0377114 -0.0375464 0.0126848 0.0324346 0.0142086 0.0249139 -0.0257518 -0.00539495 0.00969945 -0.00378097 0.00990249 0.030218 -0.0160086 -0.0646871 -0.054681 -0.00898508 0.00758518 0.0254746 -0.000552062 0.0283719 0.0184291 0.00430612 0.00714624 0.0072082
internal_weight=12618.4 5611.81 7006.59 2555.58 3056.23 2371.56 2357.16 4271.16 1964.82 2248.28 2735.43 1459.84 1673.31 1854.19 2117.06 1757.42 2416.96 1298.36 1103.89 291.505 184.024 569.419 211.732 131.223 709.516 1712.96 115.342 201.772 392.341 246.089 1275.59 1255.26 171.976 146.253 47.4862 1290.52 145.953 55.4995 30.4213 359.636 699.072 143.463 123.277 90.4537 394.377 367.647 272.258 154.273 123.301 327.448 26.5455 1642.08 441.545 342.9 555.609 140.216 67.033 563.676 291.733 180.532 53.0675 176.119
internal_count=1864771 1629512 235259 953602 675910 928017 596315 50945 575217 920984 184314 126864 550070 10160 896914 795988 40785 125296 459176 25147 25585 90894 21513 24070 344512 21449 31123 32243 21098 16148 57450 111833 20979 4950 2344 4653 8054 5649 1215 100926 79595 5183 7033 2405 114664 58651 11252 7255 4431 4659 535 764865 185759 57808 74412 6127 3924 5507 3793 2581 5778 2485
is_linear=0
shrinkage=0.05


Tree=6
num_leaves=63
num_cat=0
split_feature=31 8 29 5 8 22 26 22 19 26 29 10 10 8 10 5 2 5 10 20 26 26 8 6 5 19 24 6 12 29 29 26 22 8 0 8 26 20 12 8 20 10 27 2 2 26 20 26 27 12 26 10 2 26 5 22 20 19 5 26 6 7
split_gain=2954.01 649.659 387.431 403.996 357.001 163.356 155.553 140.752 101.847 113.194 90.815 78.4282 69.1041 66.0016 65.7691 65.6259 54.0887 47.2115 46.8638 45.9974 47.3922 44.6211 38.422 40.488 34.3824 33.1265 31.7814 30.4824 30.5329 30.0913 52.5209 28.5437 27.4018 29.1568 31.384 29.5897 26.7784 26.6013 26.4277 26.155 46.1111 25.8625 25.7364 25.225 26.0064 24.8822 25.3782 33.7642 24.4774 24.2659 29.1093 23.8679 34.9804 28.3039 28.0828 26.3779 24.9636 23.2022 23.128 23.025 32.6687 31.7119
threshold=6.5000000000000009 65.500000000000014 6.5518381595611581 0.012579114176332952 14.500000000000002 8.5000000000000018 62.500000000000007 2.5000000000000004 1.0000000180025095e-35 48.500000000000007 1.0000000180025095e-35 3.5000000000000004 35.500000000000007 98.500000000000014 100.00000000000001 0.013423423748463394 88.500000000000014 0.013606071937829258 4.5000000000000009 4.5000000000000009 75.500000000000014 44.500000000000007 24.500000000000004 45.500000000000007 0.016001024283468727 0.015749008394777778 17.500000000000004 98.500000000000014 84.500000000000014 6.4859840869903573 14.644769668579103 79.500000000000014 17.500000000000004 7.5000000000000009 67.500000000000014 9.5000000000000018 52.500000000000007 1.5000000000000002 8.5000000000000018 40.500000000000007 41.500000000000007 38.500000000000007 3.5000000000000004 82.500000000000014 77.500000000000014 24.500000000000004 19.500000000000004 26.500000000000004 6.5000000000000009 52.500000000000007 36.500000000000007 17.500000000000004 15.500000000000002 35.500000000000007 0.013245614245533945 5.5000000000000009 12.500000000000002 0.012903762981295587 0.012579114176332952 23.500000000000004 2.5000000000000004 0.013423423748463394
decision_type=2 2 2 2 2 2 2 2 2 2 2 2 2 2 2 2 2 2 2 2 2 2 2 2 2 2 2 2 2 2 2 2 2 2 2 2 2 2 2 2 2 2 2 2 2 2 2 2 2 2 2 2 2 2 2 2 2 2 2 2 2 2
left_child=1 10 3 5 7 -3 13 18 9 11 12 59 32 -7 38 43 19 21 -2 37 48 22 23 -14 -18 -16 -8 36 -29 -12 -31 -11 -1 -34 -35 -36 -23 -5 -15 -13 -41 -28 -24 44 51 -10 47 -47 -21 50 -25 52 56 -53 -54 -55 -9 -49 -37 -6 -61 -62
right_child=4 2 -4 16 8 6 26 15 45 31 29 39 17 14 25 -17 24 -19 -20 20 -22 27 42 49 -26 -27 41 28 -30 30 -32 -33 33 34 35 58 -38 -39 -40 40 -42 -43 -44 -45 -46 46 -48 57 -50 -51 -52 53 54 55 -56 -57 -58 -59 -60 60 61 -63
leaf_value=0.053602837612419733 0.054933616823220899 0.0036866740071354025 0.022779625809266242 -0.10618068818723492 0.045704798745893047 -0.035130431162001895 -0.08394691005737677 0.013686948026858926 0.034912752164370113 0.011816190322939353 0.064833887792093772 -0.010854389378389916 -0.099992356307695013 0.012799345056431603 -0.061269449376646669 0.03297419938622459 0.012456270815092658 0.034385566870135283 0.031625980325420723 -0.06966128399918313 0.048263223224447933 0.0047156207864649576 -0.050494309556361174 0.048928738195488576 0.054635535066712586 0.029968228244340745 0.012195322013291555 0.029145769158188631 -0.0036226362118959377 -0.012357209277800377 0.050985214181831287 0.047648152725885004 0.024364316896413725 -0.059881829469634322 -0.1034936698667468 5.2818358245010454e-05 -0.045321968703669592 0.060094317426091108 -0.043447952195689706 -0.015969473411581572 -0.057242638304632998 -0.023521997123124375 -0.02273367940069957 0.043923938867306139 -0.10503029581354884 -0.10785539668660578 0.024395344643834582 -0.046391897977181767 -0.0091490524489541061 -0.0098626077081375302 -0.10088431873761479 -0.022016251783888375 0.031436978630715019 -0.062295740686129225 -0.10626674733387508 0.015805218226224632 -0.030459557107852798 0.011832669413464912 0.050798958854330181 0.035715834373555001 0.002493588674160236 -0.10485543287123381
leaf_weight=36.449124908540398 787.85609709168784 159.33436029939912 257.45848469622433 2.6871480906847891 59.127765472047031 452.1120687907096 19.617783406516537 132.93138243537396 234.36152923572809 619.02651398745365 50.72884785826318 331.21768955851439 11.361506873741744 21.697924254462123 1766.124981183093 1806.2628251354326 154.31242567382287 55.798786637373269 296.95232699066401 49.966701011871919 14.876267187763004 42.327779876883142 130.27304033376276 32.942142413347028 70.336617696098983 10.005084068048744 58.130652272258885 84.111946162069216 459.11227696761489 65.123920432059094 65.78021618234925 61.061089488910511 168.22812659468036 21.851966929389164 6.3431869167834511 188.95929315895773 72.597263345960528 22.942357163643464 556.13730312045664 180.51655153813772 108.25480714906007 395.52632540243212 232.47933236625977 79.350278636440635 4.5264504663646212 6.250103259459137 481.09985139255878 17.903526821406558 25.109775396762416 216.88035745330853 3.5964295477606347 76.726260411203839 374.91776936152019 11.292768815532325 3.73937934054993 253.42485646682326 42.184494004002772 386.17884413013235 25.480628168908879 34.497707676375285 19.390356586314741 10.662784149404613
leaf_count=319 2068 20445 20691 426 822 128582 7788 1756 4153 29591 1023 21687 2040 2357 911743 16504 7846 1845 2102 18442 431 4200 33142 1019 532 1378 6683 4531 55119 2921 518 1188 3835 2572 796 15360 7087 677 228863 18585 19811 117417 57415 925 289 234 13711 887 5704 29965 504 3464 5036 252 134 6241 1209 7499 507 432 766 702
internal_value=0.000123196 -0.0250789 -0.0365678 -0.0406111 0.0237043 -0.0457535 -0.0481557 0.0332744 0.00917721 0.000290858 -0.00154433 -0.0131912 -0.0049648 -0.0526279 -0.0559885 0.0273237 0.0113626 -0.0106397 0.0485535 -0.0164309 -0.0332675 -0.0125938 -0.0221331 -0.00765191 0.0256624 -0.0607555 -0.0216396 -0.0034982 0.00145117 0.0321418 0.0194728 0.0150333 0.012054 0.00836804 -0.00272279 0.00293451 -0.0268927 0.0426611 -0.0413358 -0.0204434 -0.031442 -0.0189453 -0.0327032 0.0168994 0.014516 0.0204155 0.0166041 0.00746916 -0.0494226 -0.00351202 0.0341829 0.0151205 0.0215312 0.00472323 0.0300771 0.0124735 0.00305229 0.00925294 0.00608268 0.0231636 0.00251608 -0.0355936
internal_weight=12426.5 6006.8 4036.38 3778.92 6419.71 3438.69 3279.35 3870.16 2549.55 1423.76 1970.43 743.668 1788.79 2806.08 2353.97 2785.36 340.231 1341.48 1084.81 115.582 89.9527 1285.68 627.533 264.78 224.649 1776.13 473.275 658.149 543.224 181.633 130.904 680.088 447.312 410.863 242.635 220.783 114.925 25.6295 577.835 619.989 288.771 453.657 362.752 979.094 899.743 1125.79 891.432 410.332 75.0765 253.419 36.5386 895.217 553.773 341.444 378.657 264.718 175.116 404.082 214.44 123.679 64.5508 30.0531
internal_count=1864771 1704723 1480005 1459314 160048 1425256 1404811 39980 120068 93584 224718 62805 220256 1272923 1144341 35810 34058 196867 4170 25680 24577 195022 124085 33528 8378 913121 131888 70937 59650 4462 3439 30779 23389 23070 19235 16663 11287 1103 231220 60083 38396 124100 90557 19306 18381 26484 22331 8620 24146 31488 1523 18092 8135 9957 5170 6493 2965 8386 15867 2722 1900 1468
is_linear=0
shrinkage=0.05


Tree=7
num_leaves=63
num_cat=0
split_feature=31 9 22 4 29 32 9 9 22 26 29 32 32 26 10 29 26 19 12 4 10 27 12 32 32 27 10 32 9 11 32 10 31 4 29 32 9 9 32 17 19 26 20 9 26 7 9 20 10 10 4 2 32 24 26 19 32 26 4 26 15 22
split_gain=2801.88 570.006 386.808 325.584 302.587 173.882 165.815 141.141 126.836 100 93.6414 69.7112 64.8123 63.9907 58.486 52.6975 49.5485 45.5697 42.8523 44.859 42.1134 39.5114 38.639 38.5188 36.6618 36.9228 36.564 36.1046 34.9127 33.4992 31.1911 30.5467 29.829 29.2223 28.0373 26.3123 25.2905 25.2882 25.0402 24.292 28.5483 24.266 24.0175 23.853 24.59 23.692 23.1482 21.9492 21.8598 21.4892 21.331 30.3852 25.5298 24.3742 21.3076 21.2356 21.0512 20.9177 23.6961 23.6385 20.5988 24.3367
threshold=5.5000000000000009 0.0079052620567381399 16.500000000000004 18.500000000000004 5.9213113784790048 0.55179700255393993 0.016001024283468727 0.013072453904896976 8.5000000000000018 69.500000000000014 5.2388713359832773 0.41656592488288885 0.65166243910789501 62.500000000000007 7.5000000000000009 16.072357177734379 73.500000000000014 0.013986697886139156 85.500000000000014 12.500000000000002 53.500000000000007 1.5000000000000002 3.5000000000000004 0.51190254092216503 0.65166243910789501 2.5000000000000004 31.500000000000004 0.56161338090896618 0.0065574476029723891 0.0099504948593676108 0.31757020950317388 86.500000000000014 6.5000000000000009 3.5000000000000004 10.566078662872316 0.64330801367759716 0.015504807699471714 0.011696306522935631 0.51913198828697216 0.013423423748463394 0.012739370577037336 56.500000000000007 25.500000000000004 0.012270400300621988 24.500000000000004 0.0063898416701704272 0.011173533275723459 1.0000000180025095e-35 91.500000000000014 9.5000000000000018 24.500000000000004 4.5000000000000009 0.56889814138412487 9.5000000000000018 60.500000000000007 0.015749008394777778 0.30929082632064825 79.500000000000014 1.0000000180025095e-35 1.0000000180025095e-35 1.0000000180025095e-35 1.0000000180025095e-35
decision_type=2 2 2 2 2 2 2 2 2 2 2 2 2 2 2 2 2 2 2 2 2 2 2 2 2 2 2 2 2 2 2 2 2 2 2 2 2 2 2 2 2 2 2 2 2 2 2 2 2 2 2 2 2 2 2 2 2 2 2 2 2 2
left_child=1 3 6 21 5 8 14 10 30 11 12 36 22 17 43 23 28 24 46 -20 57 -1 -4 -16 45 -26 -18 32 55 -8 -5 -23 48 -9 37 56 42 38 -21 40 -35 -22 -3 44 -2 -7 -13 49 -25 -29 51 53 -52 -49 -32 -10 -6 58 59 -14 -53 -62
right_child=2 9 7 4 35 13 29 33 16 -11 -12 18 20 -15 15 -17 26 -19 19 34 41 31 -24 27 25 -27 -28 47 -30 -31 54 -33 -34 39 -36 -37 -38 -39 -40 -41 -42 -43 -44 -45 -46 -47 -48 50 -50 -51 52 60 -54 -55 -56 -57 -58 -59 -60 -61 61 -63
leaf_value=0.0334500474548384 0.043826620724600668 0.079710821884701716 0.030660618910600276 -0.077972755429145377 -0.1008442459053015 -0.036471255026069745 -0.10851107154360891 0.030600920259039301 -0.062305557743142594 0.023461861995808884 0.02250010416905561 -0.0069887647725785131 -0.11399685693358674 -0.0063758341703839972 0.054005485968798353 0.042652531978363717 0.044173946685088138 0.017689719719403654 0.03864041745838738 -0.036298365744805772 -0.03261718840781453 0.033042399733132943 -0.027221579984289458 0.03957164533080651 -0.063493031204454556 0.0026242301209651805 -0.03706537996186561 0.014923900227881641 -0.040796833569764684 0.052011511396462165 0.01333232866247289 -0.017562413252127731 -0.10656146803597875 0.0097929804326139652 0.041911904387608473 -0.055147670511801951 0.042999081328498945 -0.0043580993566037802 -0.012395810572376112 0.034282431633628492 0.034719764123103944 0.0073346751691153542 -0.062543809976391029 0.037084862243628294 0.0064178432959257252 -0.055153663987200965 0.027048877139555755 -0.10931421704007463 -0.10677683977899469 -0.10809723293245142 0.057647729394419284 0.041617293273294276 0.003971673547836221 0.0012713543430606889 -0.090179952704567398 0.013904493785144835 0.018786766466401275 0.045567550500798262 0.0012436390425798278 0.040152366446952158 0.04734379058598906 0.014078936315191465
leaf_weight=133.59735528402962 64.549451361875981 3.0781218616757533 31.133338465122506 11.972591989440842 3.7401974103413513 532.17678081803024 3.2621537563391021 440.96537332271691 1630.3271730726119 311.57425623119343 346.24411512841471 77.054437105311081 2.5968813812360159 221.80672247579787 60.684158761752769 205.62844828004017 17.567859334172681 37.601298407418653 46.171017966233194 174.30576194846071 131.09988981904462 40.87913148291409 390.05802163446788 10.286887920461593 27.449852878460661 91.506555615225807 65.452681952621788 7.0190840396098793 223.11834947299212 882.73443201044574 90.331079159164801 110.2387757061515 11.278281548293306 926.7474478171207 23.597499227384105 13.487539073219521 6.7678797896951428 417.53838107245974 295.02092234685551 151.61671263235621 131.11587005411275 53.524159716209397 82.282357337651774 1080.2951986084227 137.51459500705823 249.14255694532767 142.00429481547326 5.273858878761529 3.3932433144655105 7.1819095835089666 23.396032778546214 148.39922254439443 416.85753600788303 90.283875879831612 5.261081123026087 9.1922704179305565 218.69028030056506 31.234807951375842 707.85179716150742 58.77932391827926 66.233591927448288 323.69676998117939
leaf_count=4361 606 80 1509 6096 1442 243983 142 3742 811493 13904 11281 9664 127 52396 712 1834 528 3594 876 46228 24765 3378 58316 188 11169 39879 20263 60 70146 2726 8851 18458 822 24340 325 1629 536 42249 57150 2044 1940 5639 26056 6525 2430 117957 6021 165 303 299 274 2342 13697 1593 1909 1301 18022 435 48537 851 481 6102
internal_value=0.000238797 -0.0270972 0.021133 -0.0377491 -0.0419915 -0.0460047 0.0326844 0.0090894 -0.0547465 -0.0019171 -0.000792417 -0.00815412 -0.00652734 -0.0305273 0.0264484 0.0193031 -0.0576685 -0.0362391 -0.0048721 -0.00944001 0.000491501 0.01364 -0.0229431 0.0152134 -0.0384916 -0.0126327 -0.0198744 0.0130989 -0.059353 0.0514205 -0.00189334 -0.00387323 -0.0463604 0.0195824 -0.0118782 0.0126633 -0.0500376 -0.0133095 -0.0212731 0.0155651 0.0128825 -0.0210348 -0.0574141 0.0341356 0.0183681 -0.0424286 0.0150761 0.0144624 0.00327112 -0.0472919 0.0152789 0.0211509 0.00682414 -0.0048319 0.00763535 -0.0618783 0.0167752 0.00545647 0.00382774 0.0336302 0.0257631 0.0197293
internal_weight=12263.9 5312.94 6950.94 3733.54 3448.82 3212.91 3547.97 3402.97 2053.22 1579.39 1752.52 1267.82 1406.28 1159.68 2661.97 1379.61 1945.66 937.877 1175.69 956.634 985.087 284.715 421.191 1173.98 900.276 118.956 83.0205 1113.3 1862.64 885.997 107.565 151.118 24.9584 1650.45 910.463 235.918 92.1284 886.865 469.327 1209.48 1057.86 184.624 85.3605 1282.36 202.064 781.319 219.059 1088.34 13.6801 14.201 1074.14 633.887 440.254 95.5577 95.5922 1639.52 222.43 800.463 769.228 61.3762 538.33 389.93
internal_count=1864771 1639944 224827 1436855 1410658 1389565 41301 183526 920587 203089 151460 189185 140179 468978 38433 28872 903731 416582 162513 146828 80354 26197 59825 27038 412988 51048 20791 26326 882940 2868 16856 21836 1313 32066 145952 21093 26672 145627 103378 28324 26280 30404 26136 9561 3036 361940 15685 25013 491 359 24654 10683 13971 1758 10760 812794 19464 49950 49515 978 8925 6583
is_linear=0
shrinkage=0.05


Tree=8
num_leaves=63
num_cat=0
split_feature=31 8 23 4 29 32 8 10 23 26 29 26 8 0 4 8 32 10 26 16 16 10 4 20 26 10 8 6 32 14 32 19 16 12 6 2 0 12 6 32 27 8 6 20 2 32 12 12 32 4 12 20 12 32 8 19 26 27 32 20 27 4
split_gain=2625.87 506.993 369.559 305.236 279.209 169.292 124.357 122.038 111.66 73.2707 69.9541 61.6451 54.9678 49.5811 48.9327 47.0409 42.6602 42.399 42.3727 41.6549 39.6816 41.3743 38.6213 38.2678 34.8327 36.5168 32.4063 31.9529 31.6897 31.0796 30.7241 28.7241 28.2777 32.9034 29.5648 27.258 31.3414 30.8574 25.926 25.421 24.5933 24.0755 23.2934 38.952 23.0079 20.8726 32.626 36.1312 37.5253 31.8069 23.6188 20.9857 20.8343 20.7249 21.6521 20.5086 20.4295 30.0213 26.8018 20.5443 20.4271 30.0156
threshold=5.5000000000000009 58.500000000000007 0.012903762981295587 15.500000000000002 5.1086912155151376 0.54982799291610729 3.5000000000000004 30.500000000000004 0.014389234129339458 44.500000000000007 1.0000000180025095e-35 62.500000000000007 52.500000000000007 4.5000000000000009 19.500000000000004 88.500000000000014 0.42345631122589117 1.5000000000000002 59.500000000000007 3.5000000000000004 5.5000000000000009 98.500000000000014 3.5000000000000004 3.5000000000000004 70.500000000000014 29.500000000000004 4.5000000000000009 44.500000000000007 0.65166243910789501 14.500000000000002 0.39573712646961218 0.014389234129339458 60.000000000000007 11.500000000000002 3.5000000000000004 1.5000000000000002 19.500000000000004 46.500000000000007 26.500000000000004 0.31757020950317388 2.5000000000000004 19.500000000000004 95.500000000000014 5.5000000000000009 8.5000000000000018 0.52026244997978222 27.500000000000004 31.500000000000004 0.66877406835556041 59.500000000000007 61.500000000000007 3.5000000000000004 83.500000000000014 0.61312937736511242 40.500000000000007 1.0000000180025095e-35 70.500000000000014 1.5000000000000002 0.61740985512733471 20.500000000000004 5.5000000000000009 9.5000000000000018
decision_type=2 2 2 2 2 2 2 2 2 2 2 2 2 2 2 2 2 2 2 2 2 2 2 2 2 2 2 2 2 2 2 2 2 2 2 2 2 2 2 2 2 2 2 2 2 2 2 2 2 2 2 2 2 2 2 2 2 2 2 2 2 2
left_child=1 10 7 22 5 8 17 13 15 12 14 19 55 -2 -1 -5 26 -4 23 -7 45 -22 44 29 -17 -26 -16 -18 42 -15 -24 -14 33 -11 -34 36 -25 -37 53 -10 -30 -36 43 -21 -3 -8 -47 51 49 50 -49 -48 -29 -39 -55 -9 57 -54 -58 -59 61 -23
right_child=2 3 6 4 -6 11 20 9 39 32 -12 -13 31 18 16 24 27 -19 -20 28 21 60 30 35 25 -27 -28 52 40 -31 -32 -33 34 -35 41 37 -38 38 -40 -41 -42 -43 -44 -45 -46 46 47 48 -50 -51 -52 -53 56 54 -56 -57 58 59 -60 -61 -62 -63
leaf_value=0.034912938913509307 0.029477520578012936 -0.095423123452121617 0.052597832124597489 -0.035818367039122813 0.010141580686627377 0.029453509503701521 0.058964156016859552 -0.012884364767526101 -0.075097621537209877 -0.072197154857365498 0.033635011421770854 -0.0061348912520312656 -0.047381695064665601 -0.11119326860941213 0.036894598957842806 -0.060398331378539651 -0.064837437843196025 0.034719409498820984 0.025834031506094059 0.057619151797081769 0.020053711741630217 0.022890791112592197 0.046598924602264127 0.00038206902924260667 0.035992464906608304 -0.044085730436826703 -0.049333155461824353 0.010846989720884971 -0.055277999297379032 0.024887211351915073 -0.012607421836228172 0.044401074687165969 0.048379376077812099 0.033666023923509848 0.013431464753195357 0.0087783339054328859 -0.10880393181842007 -0.1036480574286949 -0.00026283481871471358 0.0046301349955786301 -0.0013759362851969437 -0.010290990219736656 -0.034271316958214976 -0.055789650123440129 0.041503291477232557 0.033996389526847103 0.046459870949349766 -0.06464814189708977 0.033267065516727944 -0.05553416345863163 0.032279191522861052 -0.10812047976978643 -0.035063141956989806 -0.013588173326957385 -0.092436375612838614 0.02373084121700858 0.017771363639502824 0.033070492413217863 -0.037842535301456072 -0.0080708399297531389 0.000876184180678198 -0.10199966552268656
leaf_weight=73.36843952187337 487.48627707851119 3.1532344219740471 693.27177330851555 261.09456375683658 257.83799521927722 24.69164748606272 64.23404482495971 218.33567135978956 11.136137998430057 7.8303260067477813 130.21271699061617 234.16788964159787 165.11761567625217 4.2555870669893912 12.45734667428769 1569.5402921807254 21.452984765870497 635.69219374016393 398.00029662647285 7.8082397952675811 1023.8751767722424 7.083842120133343 27.172897348180413 15.15500746574253 17.624634118052199 74.057655659969896 86.948320533032529 212.99941508739721 26.926408249419183 299.10648360080086 113.1774935326539 8.9884417213033867 30.369971928419545 117.19289905927144 159.48804347845726 807.38067591399886 11.60544672841206 9.7862884132191521 158.47111681336537 97.827935517765582 98.838565712329 324.69951615214814 578.83953524392564 249.60981867893133 113.37421279936098 834.25781836011447 2.8722036890685549 7.70469005126506 125.51437204284593 26.579250234179199 34.108540361979976 9.3204572396352869 103.33859724737704 56.505500909872353 10.292742285178972 46.364070275565609 141.85556160239503 31.921583198709413 25.568734126631171 614.0494034315343 31.30658058449626 14.993903643800875
leaf_count=1721 7310 1285 1554 80416 23268 876 399 22025 6091 562 3100 54812 40109 199 893 801512 4434 3783 9342 890 19861 200 532 418 657 27474 25651 12646 11566 4989 16823 452 1063 3451 5374 32517 820 1395 11054 10700 41367 35917 261035 122752 2277 7475 29 308 1680 1337 505 375 15103 2366 2468 1695 5907 1922 1275 102959 1762 2033
internal_value=0.000298706 -0.0264106 0.0206647 -0.0360914 -0.0399418 -0.0439125 0.0319884 0.00874905 -0.0527566 -0.0050884 -0.00133367 -0.0291978 -0.0208231 0.0153575 -0.00477288 -0.0555476 -0.00710112 0.0440459 0.0114698 -0.0346711 0.0246442 0.0178162 0.0165209 0.00730464 -0.0586485 -0.0286918 -0.0385272 -0.00438746 -0.036317 0.0229783 -0.00114463 -0.0426433 0.00570694 0.0270357 0.000524643 0.00285758 -0.0469696 0.0041367 -0.0118066 -0.00351805 -0.0129164 -0.00247698 -0.0398362 -0.0523496 0.0377981 0.0313033 0.0295954 0.011781 0.0170306 -0.0127668 0.0144189 -0.0717063 -0.00323955 -0.0356934 -0.0257377 -0.00647095 -0.0065125 -0.0100407 0.00927811 -0.00603778 -0.025097 -0.0619274
internal_weight=12068.3 5221.05 6847.25 3766.88 3510 3252.16 3510.81 3336.43 2031.28 1078.39 1454.17 1220.88 438.806 2258.05 1323.96 1922.32 1250.59 1328.96 1770.56 986.714 2181.85 1077.26 256.878 1372.56 1661.22 91.6823 99.4057 1151.19 962.023 303.362 140.35 174.106 639.581 125.023 514.558 1069.2 26.7605 1042.44 235.056 108.964 125.765 484.188 836.258 257.418 116.527 1104.59 1040.36 206.1 193.907 68.3925 41.8132 12.1927 1129.73 76.5845 66.7982 264.7 916.734 749.31 167.424 645.971 53.3843 22.0777
internal_count=1864771 1639944 224827 1464333 1443416 1420148 41301 183526 926850 110648 175611 493298 64281 72878 172511 910059 170790 5337 65568 438486 35964 23856 20917 56226 829643 28131 26544 144246 437610 5188 17355 40561 46367 4013 42354 51038 1238 49800 17283 16791 52933 41291 384677 123642 3562 12108 11709 4234 3830 2150 813 404 139812 6229 4834 23720 127166 119984 7182 104881 3995 2233
is_linear=0
shrinkage=0.05


Tree=9
num_leaves=63
num_cat=0
split_feature=31 8 8 4 29 17 32 22 22 26 29 4 11 8 22 26 26 11 18 6 32 12 2 26 32 8 29 17 8 32 21 27 29 32 11 32 8 11 32 32 8 11 32 26 26 8 8 21 21 21 22 3 1 32 26 6 12 31 32 8 32 26
split_gain=2446.82 481.936 339.374 308.834 250.868 190.751 137.318 107.657 91.5073 82.0892 63.8293 68.7377 55.8209 55.2918 55.0369 49.9045 45.416 43.126 42.0222 41.8716 35.6386 33.6371 33.1978 46.1439 32.8938 31.7438 30.3044 28.6297 28.2968 27.9721 27.7418 26.2937 25.6946 29.4954 25.5917 25.5148 25.2661 24.6771 24.5637 24.3826 23.0593 23.0538 22.6163 22.5881 35.2565 26.7139 29.0445 22.1568 26.5327 21.9073 22.0541 21.7557 21.6853 22.7427 21.3599 21.3301 25.4197 20.9399 20.8109 20.5399 20.5147 20.1435
threshold=5.5000000000000009 68.500000000000014 6.5000000000000009 18.500000000000004 5.9213113784790048 0.012739370577037336 0.55179700255393993 13.500000000000002 2.5000000000000004 49.500000000000007 7.473834991455079 2.5000000000000004 0.0099504948593676108 22.500000000000004 60.000000000000007 70.500000000000014 73.500000000000014 0.013986697886139156 18.500000000000004 81.500000000000014 0.66079795360565197 29.500000000000004 33.500000000000007 33.500000000000007 0.31757020950317388 98.500000000000014 13.716419219970705 1.0000000180025095e-35 65.500000000000014 0.58621737360954296 0.011696306522935631 1.5000000000000002 23.042196273803714 0.69283893704414379 1.0000000180025095e-35 0.56889814138412487 73.500000000000014 0.015749008394777778 0.67169415950775158 0.42123219370841986 17.500000000000004 0.010811126790940763 0.66606393456459057 44.500000000000007 23.500000000000004 15.500000000000002 11.500000000000002 0.010362972505390646 0.011173533275723459 0.010929288342595102 17.500000000000004 0.0084389690309762972 0.014389234129339458 0.72831267118453991 46.500000000000007 43.500000000000007 2.5000000000000004 7.5000000000000009 0.71366697549819957 93.500000000000014 0.68877822160720836 75.500000000000014
decision_type=2 2 2 2 2 2 2 2 2 2 2 2 2 2 2 2 2 2 2 2 2 2 2 2 2 2 2 2 2 2 2 2 2 2 2 2 2 2 2 2 2 2 2 2 2 2 2 2 2 2 2 2 2 2 2 2 2 2 2 2 2 2
left_child=1 9 8 19 6 10 7 24 22 13 11 -4 28 39 -15 18 59 20 -8 60 -10 49 -2 -24 -5 36 37 57 35 -16 47 -26 33 40 38 -13 -20 -7 -27 -1 42 -18 -11 44 -14 46 55 -19 -49 50 -22 -29 53 -37 -33 56 58 -23 -46 -9 -3 -30
right_child=2 3 5 4 -6 26 15 16 17 32 -12 12 43 14 29 -17 41 30 25 -21 21 27 23 -25 31 34 -28 51 61 -31 -32 54 -34 -35 -36 52 -38 -39 -40 -41 -42 -43 -44 -45 45 -47 -48 48 -50 -51 -52 -53 -54 -55 -56 -57 -58 -59 -60 -61 -62 -63
leaf_value=-0.06223623269188916 0.04863640435724325 -0.044989790858476889 0.021393365331290486 -0.071918161953247184 0.0084820320370570228 0.016978299565189172 0.010968041115594636 -0.042318380909790246 0.031335354579911753 0.021468681693306849 0.021990323947895754 -0.06975588075238047 0.00852672183585018 0.042349498781475731 -0.035825681538109298 0.0040463054681407718 -0.034664099454370524 0.020078894489806057 -0.072592511713141281 0.02383686867183012 0.021951510831831653 -0.050824512927891287 0.042147461153952792 -0.11647368813909054 -0.085310886904080147 -0.048249050496013163 0.036924001056392812 0.0311949014753947 -0.037932533785725246 -0.0057276104324050243 0.034130252193069852 0.016124868796971625 0.066635547917776428 -0.10008598536140845 -0.02565284296237659 0.003144077575488612 -0.0065693424672436775 0.033996954183332852 -0.0091537858304221158 0.0035882774969088725 0.0015206018172870741 0.027072828935263683 -0.10570735643203655 0.0078521317261036616 0.070273972606562513 -0.026238542545740758 0.025112142428037793 -0.11162211615676441 0.00060397139614684235 0.019830912741999149 -0.078716840051851353 -0.10804675962296439 -0.075348485195561879 -0.02869393049252927 -0.038244626474378818 0.032903997963019252 -0.049615838121405638 0.0099695784122817155 -0.10771654984925548 -0.059426087088142676 0.031137408250079063 0.029261723119729733
leaf_weight=14.651502750697544 839.41504910239018 37.584238161565736 268.58225779957138 18.832516502356157 243.62613525637425 1183.2773155217292 50.448428699746728 198.75312033493537 200.69746403489262 276.04296448198147 319.65123722702265 17.09724185068626 246.21421070198994 28.642767899436876 347.80499262124067 97.034902495797724 57.168992953607813 85.54151398059912 16.364522009855136 226.7750615311088 9.9968614191748202 20.017173113301396 12.248140204697849 7.3281086497008792 8.5893929807934892 535.11058154026978 325.84428413398564 3.5206422386691001 189.5886565996334 99.215577278169803 1265.2735520694405 91.604400013107806 18.958839243743569 6.2951200525276354 231.84126352448948 232.11601325753145 126.53899785433896 259.76114346226677 43.439305255655199 353.48002127319342 443.20642100542318 20.559495861409232 3.5406776492018244 536.98243268602528 8.5435411222279054 232.78136434347834 67.198257454670966 7.5681305732578066 17.31853014184162 197.93929833569564 11.93693016981706 13.805889301467685 11.211800720775498 73.964030844625086 22.502042185515165 14.934620551997794 47.71110932668671 48.441749528050423 2.033027615863829 1496.4330269977218 11.575117255793883 11.850652193650602
leaf_count=4864 2530 14881 6087 10768 20960 28284 7725 68105 3501 11954 9363 2998 13912 852 94527 19760 19349 1007 6107 9156 132 1059 54 179 3237 291303 3169 44 47513 20194 8493 8373 45 1174 89223 22946 31578 1971 19429 31341 49675 524 468 26730 33 24125 1977 276 241 3149 576 448 1627 7801 6660 376 2092 1252 109 795624 2088 773
internal_value=0.000340608 -0.0257341 0.0200265 -0.0360218 -0.0403223 0.0108299 -0.0442656 -0.0523566 0.0336127 -0.00288965 0.0012723 -0.00210515 -0.00583472 -0.0135804 -0.0248403 -0.030194 -0.0557067 0.0274408 -0.0335041 0.0147684 0.0149653 0.00421664 0.0471353 -0.0172303 -0.0103911 -0.0358576 0.0231517 -0.022338 -0.0191755 -0.0291455 0.0320327 -0.0009474 0.00916954 0.00767522 -0.039689 -0.0102574 -0.01413 0.0200418 -0.0453137 0.000968486 0.00861376 -0.0183344 0.0198581 0.00034684 -0.00615963 -0.0158487 0.00137496 0.00799858 -0.0335244 0.0145772 -0.0328348 -0.0797537 -0.0070513 -0.00454956 0.00540308 -0.0204094 -0.0340694 -0.00780642 0.0360606 -0.0574203 -0.0270648 -0.0339795
internal_weight=11917 5126.62 6790.39 3534.78 3258.85 4049.34 3015.22 1914.44 2741.05 1591.84 2280.46 1960.81 1692.23 843.795 475.663 1100.78 1772.91 1882.06 1003.74 275.934 506.356 305.659 858.991 19.5762 141.528 953.295 1768.88 85.7855 535.828 447.021 1375.7 122.696 748.044 729.085 810.391 334.389 142.904 1443.04 578.55 368.132 722.79 77.7285 279.584 1156.4 619.416 373.202 140.421 110.428 24.8867 219.873 21.9338 17.3265 317.292 306.08 114.106 73.2223 58.2877 68.4589 10.5766 1695.19 49.1594 201.439
internal_count=1864771 1639944 224827 1424850 1398725 201886 1377765 912640 22941 215094 168462 159099 153012 151778 115573 465125 883602 20178 445365 26125 10161 6660 2763 233 29038 437640 33424 2803 83658 114721 10017 18270 63316 63271 399955 35372 37685 30255 310732 36205 62097 19873 12422 69354 42624 28712 4587 1524 517 3857 708 492 32374 30747 15033 2610 2234 2311 142 863729 16969 48286
is_linear=0
shrinkage=0.05


Tree=10
num_leaves=63
num_cat=0
split_feature=8 32 5 5 29 18 17 26 3 8 10 29 8 32 21 26 32 8 24 22 27 5 8 10 32 18 3 32 8 29 8 17 5 18 12 5 32 1 10 12 10 18 18 26 26 26 8 10 29 27 3 8 3 6 5 26 32 14 26 1 10 32
split_gain=2238.1 460.83 333.442 258.1 227.48 158.12 130.136 109.194 87.2318 83.5915 76.9103 70.9324 76.7835 75.2858 58.6548 75.2392 55.9326 55.2363 51.0764 47.3281 44.1431 36.2738 36.1418 34.828 33.2841 33.0827 30.5161 29.5713 28.2055 27.6744 27.4377 27.3558 26.3695 29.0832 26.8985 26.1605 24.5261 24.1809 23.8873 38.7097 23.3148 23.0926 25.7125 22.6099 22.3363 21.9044 21.7022 22.5828 21.5632 21.3478 20.6266 20.6048 20.5369 21.2735 19.9402 19.8761 22.0433 19.8582 19.3555 18.2705 19.903 18.2223
threshold=45.500000000000007 0.61166062951087963 0.013986697886139156 0.013072453904896976 7.3603057861328134 18.500000000000004 0.012739370577037336 70.500000000000014 0.010050504934042694 2.5000000000000004 37.500000000000007 1.0000000180025095e-35 4.5000000000000009 0.56059736013412487 0.014599318150430919 69.500000000000014 0.43360488116741186 95.500000000000014 10.500000000000002 60.000000000000007 7.5000000000000009 0.015268065501004459 35.500000000000007 20.500000000000004 0.42123219370841986 2.5000000000000004 0.015038444194942715 0.54300069808959972 49.500000000000007 27.857330322265629 31.500000000000004 0.013245614245533945 0.016261236742138866 12.500000000000002 10.500000000000002 0.015504807699471714 0.53815194964408886 0.0072203108575195083 6.5000000000000009 16.500000000000004 6.5000000000000009 17.500000000000004 9.5000000000000018 47.500000000000007 43.500000000000007 80.500000000000014 55.500000000000007 81.500000000000014 9.7217559814453143 1.5000000000000002 0.013793759513646366 52.500000000000007 0.012121656909585001 90.500000000000014 0.0094788861460983771 29.500000000000004 0.64953410625457775 60.000000000000007 73.500000000000014 0.0077221228275448093 7.5000000000000009 0.78139820694923412
decision_type=2 2 2 2 2 2 2 2 2 2 2 2 2 2 2 2 2 2 2 2 2 2 2 2 2 2 2 2 2 2 2 2 2 2 2 2 2 2 2 2 2 2 2 2 2 2 2 2 2 2 2 2 2 2 2 2 2 2 2 2 2 2
left_child=2 3 6 4 5 16 11 10 35 21 31 12 -1 24 15 18 25 -12 -3 55 26 -4 29 51 -14 -2 -17 -19 -25 -21 -15 -7 33 34 -30 45 -8 41 39 50 -26 42 48 59 -24 -5 -9 -48 -6 -18 -13 -20 53 -16 -49 -11 -57 -35 -58 60 -32 -36
right_child=1 14 9 8 37 7 36 46 -10 19 17 38 13 30 52 20 49 27 23 22 -22 -23 44 28 40 -27 -28 -29 32 -31 43 -33 -34 57 61 -37 -38 -39 -40 -41 -42 -43 -44 -45 -46 -47 47 54 -50 -51 -52 -53 -54 -55 -56 56 58 -59 -60 -61 -62 -63
leaf_value=0.01628078938072295 0.0069005582603369701 0.020214187876872663 0.023687464542027366 -0.0016165659664176151 -0.10969229880408329 -0.021132755581925698 0.046668888010734648 0.028101079065713117 -0.079427450359916052 0.040215717761535978 -0.036316033690194177 0.043345765392890506 -0.061531895723249609 0.0050669770411400118 -0.047432411526792263 0.029032502274103179 -0.054628783434271404 -0.058818954937177065 -0.052112596954928869 0.014181538960941188 -0.071362160132455263 0.046113488443921387 -0.0079464431026425916 0.015225498847164055 -0.10853944078393872 -0.06856247422042927 -0.10573369685809236 -0.045352145788537572 -0.083665579591162109 0.070496364914851076 0.052762509260776871 0.06664598041377183 0.040541835996741188 -0.080700982964391765 0.013653793709161789 0.040652112626172139 0.020597879218989073 -0.10273955522290562 0.027533605698824255 -0.10860432710186969 -0.016670917947254543 0.021076441692382045 -0.11448228727596302 0.00063530747065336296 -0.10432419307088994 0.068125065183980468 0.0092779703860550438 -0.034266252788145671 0.024459970522397786 0.013199977310301076 -0.11623147041575131 0.0083388230252283198 0.024611948797182683 0.054888867417950397 0.036167069801797395 -0.042828846874091976 0.024852634907349541 -0.026290238236663516 0.057370533320231169 -0.055299175639629085 -0.024427138118690014 -0.099255924591892308
leaf_weight=509.32109363866039 21.42825986398384 112.37307035783306 220.50834122975357 96.884504108806141 3.6810268494300606 168.68328747467604 98.069047131342813 29.688141905004159 22.448866650345735 387.93157348758541 530.93948755634483 14.631442674901342 49.401984198251739 894.55053052550647 20.111162909073759 198.0581484605791 12.389921722235156 1292.262063338072 15.293642498087136 572.34331230609678 12.305769293103365 989.20447618071921 15.901645586593078 53.27612422965467 7.0216664914041749 45.072701803641394 4.291578601114451 595.49296034267172 8.5451105791144055 22.680399410892278 9.5759346103295666 9.3688336615450662 16.269145784899592 17.236732519930229 88.171192140784115 114.61938085616566 1125.6103488752851 4.487699923105537 318.91082200303208 8.6668320703320187 419.94538594631013 177.58441657328513 6.6042646798305205 130.7694368151715 9.6660047243349236 12.739050984848289 54.883902279660106 126.40017944353167 16.082169048953801 181.99427098606247 2.3502880022861055 180.00428222201299 226.87763873371296 6.7964972783811382 10.916646620491518 11.418780873762442 627.20811032084748 618.10618788585998 49.36284814029932 43.498138128081337 65.287376119522378 3.7243305859155944
leaf_count=14282 2815 3820 1783 7221 465 55908 997 1613 7966 2508 164738 136 16904 57145 2833 13513 3030 700248 1481 12466 2015 3277 996 4907 675 22022 350 301593 767 97 359 185 607 4004 5147 1482 16699 718 7613 383 62621 11995 622 11139 786 78 6350 38964 403 23419 112 15380 6933 751 1458 290 5899 214258 261 6323 11768 290
internal_value=7.88769e-05 -0.0247454 0.0193106 -0.0347828 -0.0384837 -0.0419053 0.00935 -0.0453522 0.0145432 0.0319836 -0.0482289 0.00275298 -0.000652704 -0.00597636 -0.00231079 -0.00652083 -0.00466472 -0.0505636 -0.0117481 0.024823 0.0205827 0.0420256 0.0138269 -0.0153375 -0.0226774 -0.0442464 0.0261743 -0.0545708 -0.0199312 0.0163281 0.000979994 -0.016514 -0.0224217 -0.0238139 0.00118754 0.0239506 0.0226873 0.0120673 0.0238001 -0.022622 -0.0181817 0.0145935 -0.0290692 -0.0136951 -0.0443826 0.00648792 -0.0116858 -0.0178315 -0.000526783 0.00887662 0.0212601 0.00360492 0.0197136 -0.0215875 -0.0286668 0.0311655 0.0260624 -0.0277664 0.0272252 -0.0295277 -0.0145536 0.0090778
internal_weight=11719.9 5116.09 6603.84 3534.65 3287.96 3079.52 3697.61 2818.64 246.692 2906.23 2596.75 2473.93 2129.37 1620.05 1581.44 1327.66 260.885 2418.69 1113 1696.51 214.655 1209.71 620.591 1000.63 476.369 66.501 202.35 1887.76 805.329 595.024 1143.68 178.052 752.053 735.784 100.441 224.243 1223.68 208.44 344.559 25.6486 426.967 203.952 26.3675 249.131 25.5677 109.624 221.889 192.201 19.7632 194.384 16.9817 195.298 253.785 26.9077 137.317 1075.92 687.99 635.343 676.571 118.361 74.8633 91.8955
internal_count=1865868 1630349 235519 1353293 1336546 1322343 207156 1271057 16747 28363 1222672 189460 181216 166934 277056 266539 51286 1166579 250661 23303 15878 5060 14345 246841 80200 24837 13863 1001841 229980 12563 86734 56093 225073 224466 6204 8781 17696 14203 8244 631 63296 13485 1490 29589 1782 7299 48385 46772 868 26449 248 16861 10517 3584 40422 8958 6450 218262 6160 18450 12127 5437
is_linear=0
shrinkage=0.05


end of trees

feature_importances:
popularity=82
biencoder_cosine=75
rank_biencoder_nv_embed_top100=73
rank_biencoder_last2turns_top100=46
rank_biencoder_stella_top100=42
pmi_sum=31
rank_metadata_qwen3=29
rank_e5_large_top100=27
turn_number=25
score_biencoder_stella_top100=24
rank_biencoder_top100=22
rank_cf_bpr=18
rank_decay_descending=17
n_legs_containing=17
rank_biencoder_large_top100=16
rank_pmi_leg=16
rank_biencoder_mxbai_top100=15
score_e5_large_top100=13
score_biencoder_last2turns_top100=12
score_decay_descending=11
rank_biencoder_current_only_top100=10
score_biencoder_large_top100=10
score_biencoder_nv_embed_top100=8
score_cf_bpr=8
score_biencoder_mxbai_top100=7
rank_bm25_norepeat=7
score_metadata_qwen3=7
score_biencoder_top100=5
score_biencoder_current_only_top100=4
score_bm25_norepeat=3
score_pmi_leg=2

parameters:
[boosting: gbdt]
[objective: lambdarank]
[metric: ndcg]
[tree_learner: serial]
[device_type: cpu]
[data_sample_strategy: bagging]
[data: ]
[valid: ]
[num_iterations: 500]
[learning_rate: 0.05]
[num_leaves: 63]
[num_threads: 44]
[seed: 0]
[deterministic: 0]
[force_col_wise: 0]
[force_row_wise: 0]
[histogram_pool_size: -1]
[max_depth: -1]
[min_data_in_leaf: 10]
[min_sum_hessian_in_leaf: 0.001]
[bagging_fraction: 0.8]
[pos_bagging_fraction: 1]
[neg_bagging_fraction: 1]
[bagging_freq: 5]
[bagging_seed: 3]
[bagging_by_query: 0]
[feature_fraction: 0.8]
[feature_fraction_bynode: 1]
[feature_fraction_seed: 2]
[extra_trees: 0]
[extra_seed: 6]
[early_stopping_round: 0]
[early_stopping_min_delta: 0]
[first_metric_only: 0]
[max_delta_step: 0]
[lambda_l1: 0]
[lambda_l2: 0]
[linear_lambda: 0]
[min_gain_to_split: 0]
[drop_rate: 0.1]
[max_drop: 50]
[skip_drop: 0.5]
[xgboost_dart_mode: 0]
[uniform_drop: 0]
[drop_seed: 4]
[top_rate: 0.2]
[other_rate: 0.1]
[min_data_per_group: 100]
[max_cat_threshold: 32]
[cat_l2: 10]
[cat_smooth: 10]
[max_cat_to_onehot: 4]
[top_k: 20]
[monotone_constraints: ]
[monotone_constraints_method: basic]
[monotone_penalty: 0]
[feature_contri: ]
[forcedsplits_filename: ]
[refit_decay_rate: 0.9]
[cegb_tradeoff: 1]
[cegb_penalty_split: 0]
[cegb_penalty_feature_lazy: ]
[cegb_penalty_feature_coupled: ]
[path_smooth: 0]
[interaction_constraints: ]
[verbosity: -1]
[saved_feature_importance_type: 0]
[use_quantized_grad: 0]
[num_grad_quant_bins: 4]
[quant_train_renew_leaf: 0]
[stochastic_rounding: 1]
[linear_tree: 0]
[max_bin: 255]
[max_bin_by_feature: ]
[min_data_in_bin: 3]
[bin_construct_sample_cnt: 200000]
[data_random_seed: 1]
[is_enable_sparse: 1]
[enable_bundle: 1]
[use_missing: 1]
[zero_as_missing: 0]
[feature_pre_filter: 1]
[pre_partition: 0]
[two_round: 0]
[header: 0]
[label_column: ]
[weight_column: ]
[group_column: ]
[ignore_column: ]
[categorical_feature: ]
[forcedbins_filename: ]
[precise_float_parser: 0]
[parser_config_file: ]
[objective_seed: 5]
[num_class: 1]
[is_unbalance: 0]
[scale_pos_weight: 1]
[sigmoid: 1]
[boost_from_average: 1]
[reg_sqrt: 0]
[alpha: 0.9]
[fair_c: 1]
[poisson_max_delta_step: 0.7]
[tweedie_variance_power: 1.5]
[lambdarank_truncation_level: 20]
[lambdarank_norm: 1]
[label_gain: ]
[lambdarank_position_bias_regularization: 0]
[eval_at: ]
[multi_error_top_k: 1]
[auc_mu_weights: ]
[num_machines: 1]
[local_listen_port: 12400]
[time_out: 120]
[machine_list_filename: ]
[machines: ]
[gpu_platform_id: -1]
[gpu_device_id: -1]
[gpu_device_id_list: ]
[gpu_use_dp: 0]
[num_gpu: 1]

end of parameters

pandas_categorical:null
