tree
version=v4
num_class=1
num_tree_per_iteration=1
label_index=0
max_feature_idx=16
objective=lambdarank
feature_names=rank_current_utterance_top100 score_current_utterance_top100 rank_item2vec_top100 score_item2vec_top100 popularity turn_number n_prior_accepts pmi_sum is_in_all_legs n_legs_containing rank_std best_rank worst_rank reciprocal_rank_sum score_ratio n_legs_ratio cf_boosted_score
feature_infos=[0:101] [0:0.016393441706895828] [0:101] [0:0.016393441706895828] [0:93] [1:8] [0:7] [0:58.093009948730469] [0:1] [1:2] [0:49] [0:99] [0:99] [0.0062893079593777657:0.033333335071802139] [1:2.5901639461517334] [0.5:1] none
tree_sizes=3544 3506 3509 3515 3536 3523 3536 3527 3511 3538 3509 3514 3536 3517 3548 3502 3516 3498 3516 3548 3518 3526 3522 3523 3529 3518

Tree=0
num_leaves=31
num_cat=0
split_feature=11 7 13 2 2 7 11 11 2 7 13 4 2 4 4 7 4 4 4 11 4 4 4 11 2 2 6 4 2 4
split_gain=1674.81 379.087 230.495 217.813 88.083 182.939 33.702 20.7144 19.954 90.8541 24.5544 16.1249 22.2769 16.0973 15.834 14.7259 12.8191 15.2326 11.0799 10.7326 10.6644 20.0577 12.0412 9.27609 6.36797 6.29504 6.27265 6.37072 5.86324 5.72163
threshold=25.500000000000004 1.0000000180025095e-35 0.01531839417293668 100.00000000000001 100.00000000000001 4.6319932937622079 68.500000000000014 40.500000000000007 55.500000000000007 4.3943397998809823 0.020675089210271839 40.500000000000007 6.5000000000000009 84.500000000000014 53.500000000000007 5.2040228843688974 36.500000000000007 31.500000000000004 74.500000000000014 13.500000000000002 43.500000000000007 75.500000000000014 74.500000000000014 54.500000000000007 8.5000000000000018 97.500000000000014 2.5000000000000004 21.500000000000004 88.500000000000014 49.500000000000007
decision_type=2 2 2 2 2 2 2 2 2 2 2 2 2 2 2 2 2 2 2 2 2 2 2 2 2 2 2 2 2 2
left_child=2 3 4 7 5 11 16 14 9 10 13 -1 -13 -4 -2 19 17 -5 -8 26 -9 22 -22 -18 -14 29 -6 -28 -23 -3
right_child=1 25 8 6 15 -7 18 20 -10 -11 -12 12 24 -15 -16 -17 23 -19 -20 -21 21 28 -24 -25 -26 -27 27 -29 -30 -31
leaf_value=-0.029459214818079889 -0.027879426648165406 0.0053538334010548938 -0.020203424637762635 -0.0079514597037057249 0.022634980146286808 0.023505404954853024 -0.018521537494760546 -0.036714834159461585 0.031509991890300751 0.030555788570530908 0.014570876975001399 -0.032428705209419241 0.0086428657850155903 0.018057167535768914 -0.0093320536805773374 0.032621824195433018 -0.0014321561347593653 -0.021512422502922623 0.0083445789576127808 0.010643573154013507 -0.025259778389745687 -0.036988956680400996 0.0089096086621358091 -0.010923257340518569 -0.0092896413033605272 0.032330004301952514 0.022797109520829771 0.0093910883065793632 -0.010865344569498114 0.022319839757902742
leaf_weight=28.914735391677823 41.015706511796452 10.773432357644195 22.439741565583976 123.76113538624486 73.224737901095068 72.080726196261821 206.17291434832441 124.15679093323706 305.57508292913553 152.30799524340546 22.119902117381571 16.70410328352591 8.0525450314744358 4.5381865196395657 36.160992536053527 18.800738873309456 142.06934493314475 45.985699928598478 5.6860104058869174 159.4282118762203 179.29346014927432 103.56828003720148 3.6718448653700753 57.601474397437414 67.323711090895813 26.708324317529332 21.337217537220567 49.747126876289258 4.8302501599246161 48.237940618331777
leaf_count=24742 34608 2878 19574 74173 14714 8003 151792 105164 30279 8790 3219 3140 6236 5247 38055 1127 77158 23999 3290 58656 129070 42177 4033 37839 55873 2005 4844 18997 11538 8683
internal_value=-4.17659e-05 -0.0164888 0.0186062 -0.0197235 0.00915825 -0.00151516 -0.0113953 -0.029502 0.0281742 0.0229725 -0.00065236 -0.0165076 -0.0121463 -0.0132804 -0.0194452 0.0155386 -0.00770435 -0.0117414 -0.0177553 0.0143711 -0.0313139 -0.0288879 -0.0245185 -0.00422093 -0.00725962 0.0237758 0.0183737 0.0137033 -0.0359531 0.0193966
internal_weight=2182.29 1159.69 1022.59 1073.97 515.614 193.076 581.277 492.697 506.981 201.406 49.0978 120.995 92.0804 26.9779 77.1767 322.538 369.418 169.747 211.859 303.737 415.521 291.364 182.965 199.671 75.3763 85.7197 144.309 71.0843 108.399 59.0114
internal_count=1009903 746462 263441 732896 196332 97994 368251 364645 67109 36830 28040 89991 65249 24821 72663 98338 213169 98172 155082 97211 291982 186818 133103 114997 62109 13566 38555 23841 53715 11561
is_linear=0
shrinkage=0.02


Tree=1
num_leaves=31
num_cat=0
split_feature=11 7 1 7 1 1 7 11 2 5 7 2 2 12 7 1 7 7 1 12 5 5 2 1 7 12 7 7 7 7
split_gain=1128.35 540.309 360.357 331.784 349.895 126.383 215.1 80.9775 82.512 76.2632 74.2245 57.3333 50.248 36.8324 34.1104 31.5778 27.4436 36.5342 27.0422 26.9744 36.2407 26.1004 26.6213 25.7636 25.4068 35.7513 25.2797 35.5742 25.9309 25.1751
threshold=30.500000000000004 9.0843286514282244 0.016261236742138866 1.0000000180025095e-35 0.0070176301524043092 0.0065574476029723891 4.3943397998809823 9.5000000000000018 56.500000000000007 2.5000000000000004 20.013333320617679 92.500000000000014 28.500000000000004 75.500000000000014 5.8459291458129892 0.0062696540262550124 8.1912465095520037 8.6062831878662127 0.0089687905274331587 72.500000000000014 1.5000000000000002 4.5000000000000009 2.5000000000000004 0.013423423748463394 10.982596874237062 12.500000000000002 10.984781265258791 4.6319932937622079 11.306703090667726 9.1367959976196307
decision_type=2 2 2 2 2 2 2 2 2 2 2 2 2 2 2 2 2 2 2 2 2 2 2 2 2 2 2 2 2 2
left_child=1 2 5 4 15 6 -1 -3 -9 -4 11 -5 23 14 -14 19 -16 -18 -6 20 -2 -8 -23 -7 25 -10 27 -13 -28 -27
right_child=3 7 9 10 18 12 21 8 24 -11 -12 26 13 -15 16 -17 17 -19 -20 -21 -22 22 -24 -25 -26 29 28 -29 -30 -31
leaf_value=-0.015721046689406989 -0.036356688876906372 0.023650418252723709 0.026268061326265055 0.012974900919465172 -0.009146408445603672 0.0058149029420699839 0.013608431556455138 0.018626102152928141 0.0086218509492854839 0.010484111439783273 0.027810099304266003 0.023136659640755005 0.0016308238694010908 -0.019943490365457377 -0.029374485664133906 -0.016624946111062015 0.014704992967897202 -0.035280836279925197 -0.0023573200396849524 -0.030050165877783464 -0.019824063904144977 0.018098359705779454 -0.012046350490767859 0.0229455753395706 0.0039886280543641765 0.018048306507302301 0.022677174514731998 -0.014507850278314643 -0.0069040404050275533 -0.03846769545281678
leaf_weight=448.95803580014035 62.498665418010205 584.71503500000108 237.82851448189467 117.91069726936985 537.42825546208769 84.523703952901997 145.25328145362437 196.7770505961962 14.179279260337351 257.11929173627868 55.177908978541382 10.239624311216174 2759.9197928174399 31.931280718417838 24.781223004218191 243.3724350198172 18.592008148087192 7.3373107295483342 419.3045627376996 286.75926203746349 417.52043056534603 15.971194851212202 36.820355986012146 60.798593401676044 72.475141198374331 3.0355237424373653 21.035401920322329 97.835933696711436 24.754215841181576 20.541390544036403
leaf_count=138004 26795 5841 1290 9032 156069 3131 3659 4228 59 3713 546 65 147336 561 552 85673 167 140 99989 139074 176703 431 3138 987 425 14 77 1590 318 296
internal_value=-0.00013937 0.00516905 0.0021181 -0.0117584 -0.014859 -6.33165e-05 -0.00807092 0.0192785 0.0108956 0.0181102 0.00687661 0.00253284 0.00167212 0.0010826 0.0013292 -0.0230641 -0.0147621 -0.000150281 -0.00617863 -0.0250809 -0.0220519 0.00925335 -0.00272248 0.0131034 -0.0029297 -0.0160217 -0.00548837 -0.0107435 0.00683683 -0.0306716
internal_weight=7315.4 5021.56 4129.83 2293.84 1966.88 3634.89 647.003 891.723 307.008 494.948 326.954 271.776 2987.88 2842.56 2810.63 1010.15 50.7105 25.9293 956.733 766.778 480.019 198.045 52.7916 145.322 110.231 37.7562 153.865 108.076 45.7896 23.5769
internal_count=1009903 313972 303109 695931 684303 298106 145232 10863 5022 5003 11628 11082 152874 148756 148195 428245 859 307 256058 342572 203498 7228 3569 4118 794 369 2050 1655 395 310
is_linear=0
shrinkage=0.02


Tree=2
num_leaves=31
num_cat=0
split_feature=11 7 0 0 7 0 0 7 4 4 2 0 2 2 5 4 4 7 4 7 5 4 4 4 5 4 11 7 4 4
split_gain=1335.19 590.117 403.731 239.475 129.79 84.9954 63.3647 52.2682 50.3087 62.1364 46.9225 44.9714 43.054 40.8622 34.2304 51.8841 33.8556 31.7413 31.54 31.4737 29.5113 28.2058 44.9246 37.7461 28.8166 25.9644 27.6411 25.3679 30.0738 26.6334
threshold=17.500000000000004 1.0000000180025095e-35 80.500000000000014 11.500000000000002 4.3943397998809823 69.500000000000014 3.5000000000000004 23.562032699584964 34.500000000000007 70.500000000000014 35.500000000000007 50.500000000000007 25.500000000000004 98.500000000000014 2.5000000000000004 64.500000000000014 76.500000000000014 12.99801540374756 69.500000000000014 7.9491722583770761 4.5000000000000009 24.500000000000004 60.500000000000007 1.0000000180025095e-35 1.5000000000000002 1.5000000000000002 29.500000000000004 5.9968707561492929 71.500000000000014 81.500000000000014
decision_type=2 2 2 2 2 2 2 2 2 2 2 2 2 2 2 2 2 2 2 2 2 2 2 2 2 2 2 2 2 2
left_child=3 2 11 6 5 -5 21 14 -4 10 -10 12 -2 17 15 19 20 -3 -8 -6 -7 23 -23 -1 -24 26 -14 28 -26 -30
right_child=1 13 8 4 7 16 18 -9 9 -11 -12 -13 25 -15 -16 -17 -18 -19 -20 -21 -22 22 24 -25 27 -27 -28 -29 29 -31
leaf_value=0.010605954494016695 0.026715949784890985 0.0021180036777398389 -0.030494317085415727 6.0354582365822909e-05 -0.02649363122225027 0.00051181872479560161 0.0067739793362668723 0.014953291947333077 -0.005270420247389853 -0.027397158466740172 -0.019161923399696294 -0.011457576197089132 -0.025889512046017773 0.01920793067067493 0.0012183666403732982 0.023890280082441998 -0.024506948187052933 0.014293217850903948 0.019267928620982276 0.0073374458795289763 -0.017742265242678482 0.010142002075527767 0.030267377284056943 0.023539037094276613 0.013686478230454593 -0.0037362375587189633 -0.0051543695483480942 0.024518146536857192 -0.036682360984661808 0.010904927173598955
leaf_weight=145.4873447001446 16.594298917567357 239.91706230386626 243.91057423874736 394.17329140973743 14.289991701953111 68.805089274886996 979.94458616629709 212.5118375075981 123.77729628840461 313.2272877744399 477.69312787102535 536.51241369289346 45.079513624077663 139.16932391212322 514.21117957821116 71.329994545318186 92.615342450561002 133.00544433086179 87.780541339656338 38.155719322152436 71.459175755269825 760.37702834466472 77.743755545467138 252.47948852926493 63.863860641606152 905.75766555371229 60.331369060557336 61.369925872888416 9.3538191951811331 7.8724641189910463
leaf_count=2468 334 11962 127632 30604 380 19781 38950 1491 39657 119541 206818 151365 7605 2303 9496 630 25202 3039 2049 500 32963 13009 319 2408 1265 143957 13178 310 564 123
internal_value=-0.000186287 -0.00969758 -0.0134019 0.00765521 0.00129477 -0.00560182 0.011494 0.00638242 -0.0223469 -0.0201412 -0.01632 -0.00676527 -0.00430509 0.00998261 0.00350542 0.0129048 -0.0151535 0.00649234 0.00782008 -0.00216639 -0.00883353 0.0143304 0.0124749 0.0188545 0.0204394 -0.00484204 -0.0142006 0.0148885 0.0073664 -0.01542
internal_weight=7158.8 3234.98 2722.88 3923.82 1477.55 627.053 2446.27 850.499 1158.61 914.698 601.47 1564.28 1027.76 512.092 637.987 123.776 232.88 372.923 1067.73 52.4457 140.264 1378.55 980.581 397.967 220.204 1011.17 105.411 142.46 81.0901 17.2263
internal_count=1009903 827391 810087 182512 121047 108550 61465 12497 493648 366016 246475 316439 165074 17304 11006 1510 77946 15001 40999 880 52744 20466 15590 4876 2581 164740 20783 2262 1952 687
is_linear=0
shrinkage=0.02


Tree=3
num_leaves=31
num_cat=0
split_feature=11 7 0 13 7 0 5 0 4 4 11 11 7 0 0 4 4 4 14 7 0 0 4 4 4 4 4 7 4 4
split_gain=1345.27 512.319 261.126 214.926 80.4993 228.502 69.0187 57.2393 55.7502 49.0796 29.7902 29.7699 29.245 54.3866 35.0025 29.045 39.8858 46.9175 28.1883 26.8219 26.2041 25.984 25.4126 23.7142 37.6855 25.5754 36.0932 24.0704 23.5253 22.9311
threshold=24.500000000000004 1.0000000180025095e-35 81.500000000000014 0.016392350196838382 4.3943397998809823 100.00000000000001 2.5000000000000004 8.5000000000000018 77.500000000000014 47.500000000000007 4.5000000000000009 34.500000000000007 14.251506805419924 25.500000000000004 55.500000000000007 34.500000000000007 65.500000000000014 52.500000000000007 1.6857198476791384 39.675409317016609 1.0000000180025095e-35 23.500000000000004 37.500000000000007 80.500000000000014 51.500000000000007 58.500000000000007 69.500000000000014 9.9414267539978045 73.500000000000014 37.500000000000007
decision_type=2 2 2 2 2 2 2 2 2 2 2 2 2 2 2 2 2 2 2 2 2 2 2 2 2 2 2 2 2 2
left_child=3 2 11 4 5 7 20 -1 9 -7 19 -2 13 18 -15 -4 17 -17 22 23 -5 -12 -8 24 29 -26 27 -27 -9 -6
right_child=1 -3 15 6 10 8 12 28 -10 -11 21 -13 -14 14 -16 16 -18 -19 -20 -21 -22 -23 -24 -25 25 26 -28 -29 -30 -31
leaf_value=0.0070511940386018945 -0.0030655740435777006 0.0094297459813151852 -0.029864388569053935 0.022792568630374863 -0.019492987568354617 -0.021004784230789324 0.011952023219338593 -0.0005291100178809985 -0.028355849074685757 -0.00084383047755105084 0.021559156659808346 -0.01082686454274563 0.014071689111754739 -0.031302076182664937 -0.00083407748272807866 -0.022635834249788 -0.026642952632724894 -0.0095238244664670076 0.023591551402131171 0.027140860263054942 0.013289499085384409 0.0097349112157525883 0.0034911767513037813 0.021144413333776681 -0.038024087063304894 0.016273098175591173 -0.037364659268994051 -0.015731000817171843 0.016601354087323765 0.01395217013328727
leaf_weight=1050.2304380133282 257.0314622229198 383.78934594430029 209.17661690711975 272.83840705826879 9.063001520931719 81.753057518042624 309.70061410532799 841.12369536573533 88.326840886380523 116.74314613034949 96.842887480510399 881.46799262124114 381.68305648327805 17.683947796933353 79.329679281217977 274.88090131385252 329.2555158091709 185.61428663041443 50.524817965459079 14.102409213781355 214.93088136892766 335.40056092082523 265.15849176188931 15.85755959083326 13.689189072232692 20.64360424503684 11.132367566227911 15.605360779911278 32.334554569330066 44.111997787375003
leaf_count=33451 50268 13990 118946 1300 213 37949 4230 76061 29221 34783 1150 235913 2648 1054 7540 128962 137570 70786 759 26 5136 8367 5719 124 397 358 408 264 1895 415
internal_value=-0.000188314 -0.011824 -0.0156439 0.00651197 0.00316027 0.00142154 0.0123731 0.00390726 -0.0151986 -0.00922105 0.00981031 -0.00908063 0.00958609 0.00719716 -0.00667099 -0.0231055 -0.0212773 -0.0173871 0.00935889 0.00190566 0.018645 0.0124324 0.0080657 -0.00100058 -0.00424852 -0.0148682 -0.00748909 0.00238905 0.000121015 0.00796036
internal_weight=6900.03 2521.22 2137.43 4378.81 2786.96 2210.51 1591.85 1923.69 286.823 198.496 576.449 1138.5 1104.08 722.398 97.0136 998.927 789.751 460.495 625.384 144.205 487.769 432.243 574.859 130.103 114.246 61.0705 47.3813 36.249 873.458 53.175
internal_count=1009903 756435 742445 253468 225082 213360 28386 111407 101953 72732 11722 286181 21950 19302 8594 456264 337318 199748 10708 2205 6436 9517 9949 2179 2055 1427 1030 622 77956 628
is_linear=0
shrinkage=0.02


Tree=4
num_leaves=31
num_cat=0
split_feature=11 11 1 4 5 9 4 2 1 5 2 2 1 4 4 2 4 4 1 4 12 4 12 4 12 2 4 5 5 1
split_gain=1298.32 181.392 125.356 84.2628 90.2243 54.8575 61.3346 54.2272 51.4789 72.0107 35.4081 30.7841 30.5814 25.1644 34.405 22.4719 31.422 22.0911 31.1269 21.9523 24.0194 20.6256 21.619 20.5266 19.556 17.9398 17.7934 19.3314 15.8809 14.1855
threshold=25.500000000000004 7.5000000000000009 0.00766294775530696 45.500000000000007 1.5000000000000002 1.5000000000000002 85.500000000000014 39.500000000000007 0.016261236742138866 2.5000000000000004 81.500000000000014 100.00000000000001 0.014185110572725536 24.500000000000004 1.0000000180025095e-35 97.500000000000014 74.500000000000014 82.500000000000014 0.014389234129339458 65.500000000000014 85.500000000000014 52.500000000000007 54.500000000000007 58.500000000000007 69.500000000000014 19.500000000000004 79.500000000000014 2.5000000000000004 2.5000000000000004 0.011561079882085325
decision_type=2 2 2 2 2 2 2 2 2 2 2 2 2 2 2 2 2 2 2 2 2 2 2 2 2 2 2 2 2 2
left_child=1 8 3 11 -5 6 29 -6 17 -10 -11 24 -8 14 -12 16 21 -1 -19 20 25 22 -9 -4 -2 -7 -17 -28 -23 -3
right_child=2 5 23 4 7 19 12 15 9 10 13 -13 -14 -15 -16 26 -18 18 -20 -21 -22 28 -24 -25 -26 -27 27 -29 -30 -31
leaf_value=0.0085462788474532144 -0.023063825771529406 -0.0024734737404401648 -0.0078746015245844125 -0.028177146800191125 -0.00044517789473743323 0.013399832674900185 -0.036232971821447864 -0.0060646966233651655 0.022631465978120473 0.023072279500628064 -0.00501192545497685 -0.017532222586641472 0.025353352832123855 0.00067704709206792659 0.021035105193591482 -0.0084073271069949832 -0.025371784527859469 -0.011062435171206381 0.019020245795860872 0.0203639597268623 -0.033190281424140274 -0.022111684429761407 -0.030426289323824053 -0.00023683505396468598 -0.035505840790905421 -0.00054462359256403944 0.030799651476521618 -0.015892469623798099 -0.0074927175804243165 0.0017964226994544453
leaf_weight=1943.3285110895522 155.12358026113361 439.26957471179776 805.41815942130052 121.55298148654401 192.61019530892372 93.647694234969094 24.74461704026908 23.091325276065618 264.30384352430701 54.112940897699445 28.028320959303528 259.99097026046365 2.9301295541226855 167.76766807795502 68.438174778595567 155.2041900975164 94.026620171265677 50.181809168192558 17.810013005975634 64.514195099473 4.8951050979085258 34.057059554383159 42.703328946139663 171.24307281663641 86.723921112949029 59.925969991600141 8.9666773215867561 4.6699362625367931 223.52220087358728 1059.5845455747331
leaf_count=67736 82135 79057 190827 52499 36601 1739 9374 7436 1300 237 475 97962 15 2744 435 49323 34277 8216 185 940 417 11607 22233 31866 59160 2126 256 1320 68960 88445
internal_value=-0.000179692 0.00632439 -0.0120536 -0.0158856 -0.0121966 0.00134512 -9.75373e-06 -0.00966706 0.00968009 0.014922 0.00846413 -0.022463 -0.0289859 0.00538926 0.0134729 -0.0126876 -0.0151823 0.00815394 -0.00299201 0.0105881 0.00649294 -0.0121443 -0.0221251 -0.00653909 -0.0276615 0.00797731 -0.00645545 0.0146797 -0.00951141 0.000542895
internal_weight=6722.39 4343.48 2378.9 1402.24 900.405 1749.51 1526.53 778.852 2593.97 582.651 318.347 501.838 27.6747 264.234 96.4665 586.241 417.401 2011.32 67.9918 222.983 158.469 323.374 65.7947 976.661 241.848 153.574 168.841 13.6366 257.579 1498.85
internal_count=1009903 263441 746462 523769 284512 182113 176891 232013 81328 5191 3891 239257 9389 3654 910 195412 144513 76137 8401 5222 4282 110236 29669 222693 141295 3865 50899 1576 80567 167502
is_linear=0
shrinkage=0.02


Tree=5
num_leaves=31
num_cat=0
split_feature=11 7 11 7 2 2 4 11 4 4 5 4 4 4 4 11 11 4 10 4 7 5 14 7 4 14 4 7 4 11
split_gain=1179.13 477.845 275.536 230.245 177.774 156.886 61.6648 51.9203 48.0379 44.1752 38.3617 32.2753 52.017 32.1669 30.1092 28.4149 28.4022 27.7743 27.4323 24.9696 24.2039 24.0739 23.8521 23.9815 44.1593 23.3456 21.2502 20.9677 20.3429 18.5923
threshold=30.500000000000004 1.0000000180025095e-35 2.5000000000000004 5.0835287570953378 50.500000000000007 100.00000000000001 70.500000000000014 1.0000000180025095e-35 66.500000000000014 70.500000000000014 1.5000000000000002 51.500000000000007 66.500000000000014 82.500000000000014 35.500000000000007 8.5000000000000018 50.500000000000007 76.500000000000014 9.2500000000000018 34.500000000000007 7.46710228919983 3.5000000000000004 1.0318304896354678 8.84729051589966 59.500000000000007 1.3216338157653811 78.500000000000014 7.1368000507354745 84.500000000000014 21.500000000000004
decision_type=2 2 2 2 2 2 2 2 2 2 2 2 2 2 2 2 2 2 2 2 2 2 2 2 2 2 2 2 2 2
left_child=2 5 7 4 6 11 8 10 14 20 -1 -2 -13 25 -4 19 -7 -18 -8 -6 27 -19 23 24 -3 -9 -21 29 -12 -5
right_child=1 22 3 9 15 16 18 13 -10 -11 28 12 -14 -15 -16 -17 17 21 -20 26 -22 -23 -24 -25 -26 -27 -28 -29 -30 -31
leaf_value=0.025371394478489299 -0.030323514539586673 -0.020745231140039323 -0.023428318855731951 0.0056648058638084546 0.0077081075470105953 -0.0077029361851828739 -0.027461244495876131 0.0084375603741116811 0.014686549061733554 0.01874334924907034 0.014378300807198484 -0.01146942687445014 -0.026466103924264704 -0.02093956789604225 -0.0070656171483816982 -0.00090743174124408412 -0.015112625416770099 0.020252872401761404 0.014187736425861 -0.00041091651762958014 0.0093167752442126963 -0.029941893804724545 -0.015737768339345311 0.017816106549542705 0.012326828832032613 0.020549697798151311 0.018429356326241566 -0.035056291729350646 -0.029632239735054845 -0.032726879914948957
leaf_weight=156.66716773528606 243.08864368568175 19.831865622429177 59.41186827654019 35.947902611223981 398.54380318126641 396.88476108759642 114.79071733821183 680.71382651827298 31.734710459830239 213.21889154100791 545.05842538247816 151.33158334344625 250.12108173267916 13.104536295402793 185.13763331971131 987.92338789231144 684.75987046211958 15.317958725616338 6.0359971444122484 396.57705975277349 615.35551635385491 4.0178253524936727 10.962997277034445 165.52195241721347 70.931281708180904 70.292044276138768 24.474104858003557 6.9546498605050138 3.3076056959107509 4.8423781711608163
leaf_count=1301 162454 2685 27474 1330 12262 98894 42985 16941 5089 3510 8246 62486 115773 2759 53419 108049 241419 1450 159 16271 10614 2253 746 4087 4122 661 359 741 688 556
internal_value=-7.81458e-05 -0.0128208 0.00555983 0.0021589 -0.00128818 -0.0166338 -0.0133875 0.0126843 -0.00811357 0.0108249 0.0166054 -0.024474 -0.0208605 0.00904665 -0.0111282 0.00137485 -0.0120241 -0.0144426 -0.0252648 0.00412606 0.00825129 0.00876496 0.0120449 0.0132977 0.00493142 0.0095997 0.00072053 -0.00534949 0.0140557 0.000385254
internal_weight=6562.86 2012.77 4550.09 3080.95 2204.63 1745.52 397.111 1469.14 276.284 876.319 705.033 644.541 401.453 764.11 244.55 1807.52 1100.98 704.096 120.827 819.595 663.1 19.3358 267.248 256.285 90.7631 751.006 421.051 47.7449 548.366 40.7903
internal_count=1009783 696369 313414 282818 266067 684729 129126 30596 85982 16751 10235 340713 178259 20361 80893 136941 344016 245122 43144 28892 13241 3703 11640 10894 6807 17602 16630 2627 8934 1886
is_linear=0
shrinkage=0.02


Tree=6
num_leaves=31
num_cat=0
split_feature=13 13 0 0 5 13 5 2 2 11 13 5 2 2 5 11 14 10 0 11 13 0 14 5 13 5 2 5 0 14
split_gain=1189.24 246.786 137.561 61.0939 43.2111 46.427 42.1582 39.494 36.6941 31.2054 19.9847 19.7679 20.751 18.7309 17.4316 16.4442 15.3758 16.5003 15.1796 14.5721 14.6865 14.2513 12.9524 12.6153 11.957 11.3981 10.7484 23.7149 11.6575 10.761
threshold=0.012121656909585001 0.015870041213929657 54.500000000000007 56.500000000000007 1.5000000000000002 0.016646326519548896 2.5000000000000004 98.500000000000014 39.500000000000007 8.5000000000000018 0.031345684081316001 3.5000000000000004 33.500000000000007 34.500000000000007 2.5000000000000004 29.500000000000004 1.6857198476791384 21.750000000000004 86.500000000000014 19.500000000000004 0.012422839645296337 29.500000000000004 2.1678403615951543 6.5000000000000009 0.024287361651659015 1.5000000000000002 17.500000000000004 6.5000000000000009 72.500000000000014 2.0826501846313481
decision_type=2 2 2 2 2 2 2 2 2 2 2 2 2 2 2 2 2 2 2 2 2 2 2 2 2 2 2 2 2 2
left_child=2 9 21 4 5 -3 7 -4 11 -2 15 12 -8 -13 19 16 17 -6 -10 -11 -21 23 24 -1 25 -5 29 -28 -29 -27
right_child=1 3 6 22 10 -7 8 -9 18 14 -12 13 -14 -15 -16 -17 -18 -19 -20 20 -22 -23 -24 -25 -26 26 27 28 -30 -31
leaf_value=0.0022037769842800183 0.0042862447453102803 0.0098103589718604185 -0.026124405319355341 -0.016984751643190407 0.010437342835011078 0.026785523977583475 0.0098508057886757244 -0.013755366426065025 -0.011146885102470703 -0.003144828469784762 0.021553285173939694 -0.013488736647882327 -0.020332501419804534 0.00018620558635872443 0.00066536309840473291 -0.010794107147043472 0.018232670825448601 -0.029901297034629206 -0.016523963365383192 -0.0081196336607822338 -0.03496927715257292 -0.0060854222394359963 0.016594027265558989 -0.010352854815739519 -0.031339843687774586 0.0046144626698528778 -0.034379679063946365 -0.025199084579651455 0.021804984952491384 -0.029544196838537495
leaf_weight=180.27627371391281 808.40767533751205 110.95921847037971 217.52142498246394 10.727306974586098 1365.1597101066727 160.33332664519548 48.427425373345613 206.48693275684491 349.60726680397056 268.6725945782382 71.870668413117528 119.91448082076386 10.172134009189902 59.450952147133648 826.61087984894402 13.246687990147619 107.91784120723605 3.1084927981719366 584.58708091615699 30.641994438832626 10.758884287672116 529.8126078331843 25.012106703128666 37.866161441197619 3.2768546706065527 262.2096263631247 8.2608602871187049 1.8974455501884202 7.1341561852023005 2.7419580211862913
leaf_count=25931 48433 1906 96033 2595 23275 691 6750 58300 120232 27314 320 36875 3723 15518 103291 1778 1188 301 275069 5011 2677 124368 287 8690 81 17287 1257 246 253 103
internal_value=-4.61541e-05 0.00645102 -0.0114059 0.0111131 0.0125233 0.0199115 -0.0147218 -0.0201521 -0.0127403 0.00128452 0.0112263 -0.00568278 0.00432457 -0.00896916 -0.000850441 0.0107125 0.0109141 0.0103225 -0.0145279 -0.00488693 -0.0158044 -0.00431682 0.00304849 -4.03047e-06 0.00184614 0.00232948 0.00312799 -0.0117006 0.010203 0.00414368
internal_weight=6443.07 4098.95 2344.12 2153.86 1832.6 271.293 1596.17 424.008 1172.16 1945.09 1561.3 237.965 58.5996 179.365 1136.68 1489.43 1476.19 1368.27 934.194 310.073 41.4009 747.955 321.26 218.142 296.248 292.971 282.244 17.2925 9.0316 264.952
internal_count=1009783 238294 771489 51568 29459 2597 612500 154333 458167 186726 26862 62866 10473 52393 138293 26542 24764 23576 395301 35002 7688 158989 22109 34621 21822 21741 19146 1756 499 17390
is_linear=0
shrinkage=0.02


Tree=7
num_leaves=31
num_cat=0
split_feature=13 7 13 0 7 2 0 5 0 4 4 0 4 4 4 7 4 4 4 4 4 0 13 2 0 7 13 4 4 7
split_gain=1090.65 578.232 209.169 198.276 151.085 164.646 60.5403 62.2048 58.3214 26.8784 24.5225 23.0683 21.4319 20.9313 46.7627 39.7814 20.8732 20.568 32.427 20.2067 36.8573 19.0477 18.9497 18.717 18.683 46.3583 27.8951 18.5467 18.0085 35.4912
threshold=0.012121656909585001 5.9968707561492929 0.015870041213929657 96.500000000000014 4.6319932937622079 91.500000000000014 1.0000000180025095e-35 2.5000000000000004 33.500000000000007 77.500000000000014 52.500000000000007 8.5000000000000018 40.500000000000007 24.500000000000004 1.0000000180025095e-35 10.306714534759523 23.500000000000004 51.500000000000007 60.500000000000007 45.500000000000007 70.500000000000014 77.500000000000014 0.022890888154506687 97.500000000000014 25.500000000000004 4.3943397998809823 0.022387439385056499 12.500000000000002 77.500000000000014 14.615021705627443
decision_type=2 2 2 2 2 2 2 2 2 2 2 2 2 2 2 2 2 2 2 2 2 2 2 2 2 2 2 2 2 2
left_child=1 3 4 8 5 9 7 -4 27 12 21 16 -2 14 -9 17 -7 -15 -19 -5 -21 -10 24 -22 -8 -26 -27 -1 29 -6
right_child=2 -3 6 19 28 11 22 13 10 -11 -12 -13 -14 15 -16 -17 -18 18 -20 20 23 -23 -24 -25 25 26 -28 -29 -30 -31
leaf_value=-0.017472280139559787 -0.024631944020988041 0.016028519357079173 0.023357574754003584 -0.02843289335951241 0.0038344648752743678 0.01031656859021058 0.0085701391600990409 -0.0040643765693681574 -0.012509433936408914 -0.028866600805695294 -0.0068766224694366733 -0.0012486179920449508 -0.0083105300276739274 0.0056132754985330898 0.024534815450445138 0.023536275438977863 0.0016995967820659897 -0.038203436300413736 0.0019943735397698996 -0.015869241967641272 -0.027975408419398752 -0.020349672826005357 0.011697155018577 0.00048977287813277469 -0.010676765932189481 0.0081580172707964339 -0.034173344984592798 -0.00078016871287560883 0.021765970688827435 0.016534160358227912
leaf_weight=28.543885209131986 45.327377097681165 274.38980103004724 254.00106998719275 218.2686673279386 179.69441587571055 157.84986430197023 777.10742478282191 30.565250029787421 555.47530450532213 61.060759941115975 238.52728684269823 714.27675791410729 113.90804571961053 141.56285141501576 85.667462676763535 42.826415712945163 389.39720273087732 10.973343550227581 23.822291214950383 278.60128035536036 223.57899478939362 165.61111631058156 477.23035630071536 9.4569262182340008 76.470270154532045 238.20433019800112 5.4059316804632536 274.35296125500463 63.370454740244895 174.01847714325413
leaf_count=8036 23122 11622 1283 153735 6377 5272 15797 472 170369 23622 69701 68218 38218 1925 440 108 18607 417 430 128306 107026 74291 6168 2419 19855 4497 176 45984 1021 2269
internal_value=-3.30952e-05 -0.011145 0.00616754 -0.0148945 0.00132079 -0.00167274 0.0104174 0.0158906 -0.0100813 -0.0175853 -0.0124949 0.00111617 -0.0130937 0.0101776 0.0170266 0.00647564 0.00420304 0.00221205 -0.0113399 -0.0231919 -0.020901 -0.0143386 0.0083583 -0.0268145 0.00689488 0.00280736 0.0070746 -0.00241207 0.0119396 0.0101171
internal_weight=6329.55 2266.81 4062.74 1992.42 1898.9 1481.82 2163.84 589.419 1262.51 220.296 959.614 1261.52 159.235 335.418 116.233 219.185 547.247 176.358 34.7956 729.906 511.637 721.086 1574.42 233.036 1097.19 320.081 243.61 302.897 417.083 353.713
internal_count=1009783 771489 238294 759867 186726 177059 51568 5075 368381 84962 314361 92097 61340 3792 912 2880 23879 2772 847 391486 237751 244660 46493 109445 40325 24528 4673 54020 9667 8646
is_linear=0
shrinkage=0.02


Tree=8
num_leaves=31
num_cat=0
split_feature=11 7 0 7 0 0 0 6 4 4 4 7 4 4 0 4 0 2 7 2 6 4 4 6 6 4 7 0 6 2
split_gain=1046.42 452.242 255.647 207.74 310.626 139.711 86.1051 33.3778 32.7045 27.6591 26.1569 25.1764 24.6845 24.3475 23.8132 22.6141 19.3772 20.6979 20.1376 21.1358 18.851 18.6291 37.4426 17.4007 17.1936 16.3868 35.2035 21.5672 20.377 26.2832
threshold=30.500000000000004 1.0000000180025095e-35 1.0000000180025095e-35 4.3943397998809823 69.500000000000014 98.500000000000014 5.5000000000000009 1.5000000000000002 70.500000000000014 24.500000000000004 47.500000000000007 10.306714534759523 74.500000000000014 52.500000000000007 77.500000000000014 72.500000000000014 35.500000000000007 72.500000000000014 7.3681252002716073 37.500000000000007 6.5000000000000009 51.500000000000007 66.500000000000014 3.5000000000000004 3.5000000000000004 65.500000000000014 8.6062831878662127 2.5000000000000004 1.5000000000000002 14.500000000000002
decision_type=2 2 2 2 2 2 2 2 2 2 2 2 2 2 2 2 2 2 2 2 2 2 2 2 2 2 2 2 2 2
left_child=2 5 7 4 6 13 -4 -1 10 -9 -6 -11 15 14 -2 -8 -3 18 19 -18 -20 -7 -23 -15 -13 26 -5 -27 -29 -30
right_child=1 16 3 25 8 21 12 9 -10 11 -12 24 -14 23 -16 -17 17 -19 20 -21 -22 22 -24 -25 -26 27 -28 28 29 -31
leaf_value=0.02346119037586699 -0.011768632376867646 -0.030395536574913819 0.0073971285520867168 -0.0020306785983057528 -0.020178711642398456 -0.02886489161824907 -0.0007366360048052347 0.021916743423751123 -0.025830617905206167 0.0054255912853966842 -0.0063200116572009989 0.032275462833244714 0.013434035830904134 -0.0025321904761381321 -0.020213937229858626 -0.034695604590784725 0.0096105381217587004 0.018462254710052334 0.014317027536508051 -0.027935019941418227 -0.011373585088026349 -0.012754305686591666 -0.02617791919476703 -0.013199109596504702 0.0057419301210473251 -0.031110878062992921 0.010444913885981882 0.022480181409243998 0.0062425321063901982 0.017882566473899745
leaf_weight=248.98778231814504 593.63251244742423 3.2307438608258954 1007.7595145000378 104.3577282296028 101.4731306026224 223.91027373610996 1234.5881872845348 103.14828072395176 119.82884031627327 161.46363896410912 120.4517251343932 26.552969612181187 48.587286860914901 162.13357497006655 176.94813223136589 6.898126575164496 10.761922644916924 132.13787320349365 81.663589745759964 11.407289331778882 12.406197628471999 136.38395616458729 229.51227462734096 98.449957739561796 16.239129107445478 3.315894089639186 652.91923970915377 92.339050029870123 169.34662226494402 146.11914730095305
leaf_count=1283 183392 272 24405 4981 51614 164493 121370 912 47504 2772 39062 28 2703 38024 82518 1248 607 4007 3491 2372 891 62511 115709 38082 80 102 8768 849 3201 2532
internal_value=-3.16203e-05 -0.0125346 0.00533407 0.00348069 0.000370916 -0.0164068 0.00301974 0.0179862 -0.0173899 0.0134834 -0.0127278 0.00912877 -0.000401256 -0.0119427 -0.0137342 -0.000954706 0.0123705 0.0130545 0.00678495 -0.00999427 0.0108238 -0.0241747 -0.0212283 -0.00660491 0.022613 0.0104981 0.00872265 0.0137345 0.0141792 0.0116798
internal_weight=6236.95 1872.58 4364.38 3807.98 2639.59 1620.97 2297.83 556.392 341.754 307.404 221.925 204.256 1290.07 1031.16 770.581 1241.49 251.608 248.377 116.239 22.1692 94.0698 589.807 365.896 260.584 42.7921 1168.4 757.277 411.121 407.805 315.466
internal_count=1009783 696369 313414 308339 287906 684729 149726 5075 138180 3792 90676 2880 125321 342016 265910 122618 11640 11368 7361 2979 4382 342713 178220 76106 108 20433 13749 6684 6582 5733
is_linear=0
shrinkage=0.02


Tree=9
num_leaves=31
num_cat=0
split_feature=13 7 1 1 7 1 1 13 5 1 7 7 3 4 4 4 7 5 1 3 4 4 4 4 5 5 4 7 7 7
split_gain=1057.85 508.147 318.522 169.484 78.2375 154.339 56.2129 37.5462 32.7325 29.5883 23.9733 25.0749 25.0595 23.6727 28.8786 22.1959 21.9308 31.4213 23.1944 19.8103 25.453 42.8028 19.5612 18.0589 24.2365 17.9439 17.8619 17.1503 16.5946 16.5337
threshold=0.013876977376639845 1.0000000180025095e-35 0.0089687905274331587 0.016261236742138866 4.3943397998809823 0.0093898782506585139 0.0063492704648524531 0.01531839417293668 2.5000000000000004 0.010582306887954475 19.020171165466312 17.926075935363773 0.013072453904896976 1.0000000180025095e-35 24.500000000000004 65.500000000000014 8.6437592506408709 2.5000000000000004 0.011299795936793091 0.0074907417874783286 71.500000000000014 51.500000000000007 76.500000000000014 76.500000000000014 5.5000000000000009 2.5000000000000004 65.500000000000014 32.937547683715827 11.722662448883058 6.0368230342864999
decision_type=2 2 2 2 2 2 2 2 2 2 2 2 2 2 2 2 2 2 2 2 2 2 2 2 2 2 2 2 2 2
left_child=1 2 6 4 5 23 19 -7 -5 -4 11 15 -12 -10 -15 16 17 -3 -18 -1 21 -21 -8 24 -2 -6 -23 29 -16 -27
right_child=3 10 9 8 25 7 22 -9 13 -11 12 -13 -14 14 28 -17 18 -19 -20 20 -22 26 -24 -25 -26 27 -28 -29 -30 -31
leaf_value=-0.027208997988500076 -0.0041824033801074433 0.017236486243017501 -0.0093563654159555115 0.023481087713070975 0.016869070994493737 0.00073097418228001705 -0.014677328358124471 0.0072907171667502832 -0.0035114323812483134 -0.0018896354803698348 0.019744303195491152 -0.033553771505496564 -0.030427322999247181 0.025302367973827913 0.0080099629371775775 0.013250893401292952 0.0094207779622828506 -0.018925109361139725 -0.021232890079852431 -0.023639627548983626 -0.026940852872497353 -0.006074450127574257 0.0067997339575727464 -0.026015448672730132 -0.024208869243063643 0.02263697058251669 -0.019269538985913083 0.017003018448379825 0.023155025096634141 0.0074227788714446418
leaf_weight=235.62686966662295 72.576268603326753 12.525941108819096 297.61271114042029 244.92591232806444 146.62430865364149 520.35914619406685 596.64075063122436 1064.9169442085549 28.997342876158655 740.31836705724709 110.5634673635941 4.8750972379930309 3.2369910441339007 81.313881261274219 154.9109340737341 175.2560460253153 132.20947814895771 32.576407143846154 9.6921905986964685 202.14105582539923 157.05276600667275 130.75467177457176 16.784002417232841 46.968277228996158 35.909933950053528 29.286877206992358 60.399375479668379 99.257828992325813 35.612345229834318 677.71893669245765
leaf_count=149291 21271 486 84105 1283 1717 33601 226760 28395 472 102713 1090 285 152 440 2799 6431 4109 4845 385 132413 76586 48829 3479 18155 18966 491 27991 580 81 11582
internal_value=-3.16225e-06 -0.00873571 -0.0124428 0.00786339 0.00579888 0.00327215 -0.0186668 0.00514059 0.01802 -0.00403949 0.0100342 0.00750277 0.0180472 0.0135041 0.0153327 0.00815163 0.00331702 -0.0086828 0.00717914 -0.0222245 -0.0200413 -0.0172197 -0.0140763 -0.0156799 -0.0109902 0.0104043 -0.0103327 0.00920674 0.0109574 0.00808692
internal_weight=6157.65 2918.27 2437.33 3239.38 2693.62 1740.73 1399.4 1585.28 545.76 1037.93 480.936 367.135 113.8 300.835 271.837 362.26 187.004 45.1023 141.902 785.975 550.348 393.295 613.425 155.454 108.486 952.888 191.154 806.264 190.523 707.006
internal_count=1009783 869950 852167 139833 134758 120388 665349 61996 5075 186818 17783 16541 1242 3792 3320 16256 9825 5331 4494 435110 285819 209233 230239 58392 40237 14370 76820 12653 2880 12073
is_linear=0
shrinkage=0.02


Tree=10
num_leaves=31
num_cat=0
split_feature=11 7 0 7 0 0 0 4 6 6 7 11 2 6 0 4 6 12 0 11 12 0 12 7 7 2 10 7 7 6
split_gain=942.94 468.761 295.924 198.083 275.397 121.19 56.0646 40.3009 30.7383 25.2079 41.2793 21.5731 19.4701 40.2508 19.0976 18.7424 18.0262 21.3462 16.258 16.1582 18.3229 16.1105 16.2093 26.288 18.915 17.1905 16.0748 20.4784 40.1334 15.2942
threshold=29.500000000000004 1.0000000180025095e-35 1.0000000180025095e-35 4.3943397998809823 69.500000000000014 98.500000000000014 6.5000000000000009 66.500000000000014 1.0000000180025095e-35 1.5000000000000002 21.451694488525394 62.500000000000007 41.500000000000007 5.5000000000000009 6.5000000000000009 76.500000000000014 2.5000000000000004 59.500000000000007 35.500000000000007 6.5000000000000009 15.500000000000002 1.5000000000000002 11.500000000000002 10.084323883056642 9.5697541236877459 9.5000000000000018 1.2500000000000002 6.0368230342864999 8.5624961853027362 3.5000000000000004
decision_type=2 2 2 2 2 2 2 2 2 2 2 2 2 2 2 2 2 2 2 2 2 2 2 2 2 2 2 2 2 2
left_child=2 5 8 4 6 11 -4 29 -1 19 12 -2 21 -14 -15 -13 -9 -18 -3 -5 -21 -11 23 24 25 26 27 -23 -29 -8
right_child=1 18 3 9 -6 -7 7 16 -10 10 -12 15 13 14 -16 -17 17 -19 -20 20 -22 22 -24 -25 -26 -27 -28 28 -30 -31
leaf_value=0.026436373164582992 -0.0095679789034035997 -0.029187783943503236 0.0055703861856118151 0.021331645755118759 -0.018048614012914795 -0.02376681479483516 -0.0042834041761777245 0.016700931788267388 0.015691397113209892 -0.032511761012697551 0.013955238071498864 -0.01628466087787616 0.017633392998041099 -0.036951435203825524 0.00064918541993492975 0.006416588679490293 -0.0070333896452988622 0.029741592701912616 0.011758441341003893 -0.010413327157740945 0.014611250892150809 0.017893372411039946 0.00027507241193917744 0.012118601854493654 -0.034875642905827148 -0.033105940457224078 0.023684557405821476 -0.030197239883833889 0.0079508416318064979 0.00058548713732745874
leaf_weight=153.20710373297334 563.55803932365961 2.9814168964512637 1049.1330851159291 112.16230361862108 304.0286965589039 571.79099700017832 560.73935952200554 69.840093658305705 385.14615924563259 3.8987087518908075 356.34450567187741 428.47601993847638 105.6597155414056 6.5766207715496448 18.372073117177933 14.42902543209493 32.742625157814473 6.766252562403678 286.81713528675027 14.961430201772599 43.620086331386119 16.007604127749801 244.76502231345512 164.83066072547808 5.3539473516866556 4.4855527142062774 12.082284826785324 17.794625117210671 25.826448944397271 475.78741817059927
leaf_count=636 166181 336 29408 923 133601 347036 54352 2783 4484 74 2840 178070 1153 218 582 2797 4800 59 11707 523 773 242 7588 2109 230 486 63 1720 615 53527
internal_value=-0.000301264 -0.0121152 0.00496679 0.00292288 -0.000240777 -0.0164077 0.00223196 -0.00082507 0.0187963 0.00977739 0.00852382 -0.0122055 0.0054098 0.012259 -0.0102275 -0.0155278 0.0106639 -0.000107243 0.0112314 0.0168838 0.00811902 0.00357768 0.0039337 0.00754444 -0.00171148 0.00101448 0.00360219 -0.000757555 -0.00789432 -0.00204814
internal_weight=6058.19 1868.05 4190.13 3651.78 2499.04 1578.25 2195.01 1145.88 538.353 1152.74 981.998 1006.46 625.653 130.608 24.9487 442.905 109.349 39.5089 289.799 170.744 58.5815 495.045 491.146 246.381 81.5505 76.1965 71.711 59.6287 43.6211 1036.53
internal_count=1009916 706127 303789 298669 278530 694084 144929 115521 5120 20139 17920 347048 15080 1953 800 180867 7642 4859 12043 2219 1296 13127 13053 5465 3356 3126 2640 2577 2335 107879
is_linear=0
shrinkage=0.02


Tree=11
num_leaves=31
num_cat=0
split_feature=13 7 0 0 7 0 5 0 0 4 4 4 4 5 7 4 4 5 12 4 13 13 7 7 4 0 4 4 5 4
split_gain=1037.23 518.803 360.493 97.2289 63.4916 119.014 52.9494 50.5479 30.5507 24.1159 46.7324 49.1473 23.1438 20.5495 19.1706 18.4511 24.9274 21.8973 19.0089 18.3874 18.1503 22.021 36.3006 18.4674 17.2231 16.627 22.9299 16.2945 24.6902 18.6809
threshold=0.014494276139885189 1.0000000180025095e-35 62.500000000000007 1.0000000180025095e-35 4.3943397998809823 45.500000000000007 1.5000000000000002 29.500000000000004 96.500000000000014 1.0000000180025095e-35 24.500000000000004 48.500000000000007 59.500000000000007 3.5000000000000004 20.013333320617679 76.500000000000014 42.500000000000007 1.5000000000000002 72.500000000000014 76.500000000000014 0.031345684081316001 0.0300089605152607 7.9001903533935556 21.954132080078129 71.500000000000014 87.500000000000014 46.500000000000007 74.500000000000014 1.5000000000000002 28.500000000000004
decision_type=2 2 2 2 2 2 2 2 2 2 2 2 2 2 2 2 2 2 2 2 2 2 2 2 2 2 2 2 2 2
left_child=1 2 7 6 5 27 -2 24 19 13 -11 -12 20 -8 -3 16 -10 -18 -19 -4 21 23 -23 25 -1 -6 -27 29 -29 -5
right_child=3 14 8 4 12 -7 9 -9 15 10 11 -13 -14 -15 -16 -17 17 18 -20 -21 -22 22 -24 -25 -26 26 -28 28 -30 -31
leaf_value=-0.0026867674608037242 0.026209936624105298 0.0071978642273641839 -0.016098974975553414 0.0085101920416364666 0.0078684569830865889 -0.016266030112164615 0.010498406724535595 -0.0097606519145355189 -0.026146614913886094 0.025338947936574447 0.0016059695819883254 0.018483276956587621 0.014472958103371803 -0.020101180152290166 0.015689267674610676 -0.028141558047681002 -0.032169673149557154 -0.013125250113352473 -0.0235153667461949 0.0063017801651883351 0.02155527530870608 0.024729120947308975 -0.037316029723704944 0.012956048721442529 0.0096375403632044249 0.0075348591921711684 -0.013029717703752179 0.027458236427123622 -0.00047950232590443775 0.0033479961709162813
leaf_weight=851.66388330608606 151.6414029924199 419.84355221129954 402.77735693473369 454.42987920017913 161.23826728994027 105.01326461881399 17.776115816086531 543.54292849916965 208.26818530657329 101.40429678931832 149.51062299637124 127.98702479107305 411.4057889804244 15.484831108711658 144.45253937505186 168.98244106932543 37.106297126039863 276.18486091075465 98.770282347453758 14.579738244879989 34.979939436074346 4.8720098771154872 9.9507301263511163 154.80717044766061 46.876221775775775 41.293732640333474 43.48602343397215 31.701739874668419 20.357207476627082 741.36215387936682
leaf_count=98803 636 18570 167932 12043 2947 40675 139 163672 154146 527 2108 1285 5572 425 1411 85930 19978 130313 62065 2630 121 19 219 1032 3540 885 1483 165 893 29752
internal_value=-0.000260686 -0.00799831 -0.0117076 0.00868536 0.00679075 0.00408054 0.0160996 -0.00495092 -0.01977 0.0123205 0.0137526 0.00943569 0.0110321 -0.00385994 0.009399 -0.0221094 -0.0204204 -0.017465 -0.0159228 -0.0152985 0.00786129 0.00665506 -0.0165223 0.00755614 -0.00203159 0.00411145 -0.00301893 0.00580607 0.0166926 0.0053169
internal_weight=5991.75 3213.05 2648.75 2778.7 2214.9 1352.86 563.804 1442.08 1206.67 412.163 378.902 277.498 862.034 33.2609 564.296 789.312 620.33 412.061 374.955 417.357 450.628 415.648 14.8227 400.825 898.54 246.018 84.7798 1247.85 52.0589 1195.79
internal_count=1009916 908990 889009 100926 95806 83528 5120 266015 622994 4484 3920 3393 12278 564 19981 452432 366502 212356 192378 170562 6706 6585 238 6347 102343 5315 2368 42853 1058 41795
is_linear=0
shrinkage=0.02


Tree=12
num_leaves=31
num_cat=0
split_feature=13 7 1 1 7 1 1 5 4 4 1 4 4 5 4 4 5 12 5 7 7 13 12 4 7 4 7 1 4 1
split_gain=1007.05 478.347 339.569 112.302 71.9031 110.653 46.9733 43.8289 29.9842 39.4501 28.7895 19.5146 18.0577 20.5626 17.3153 23.287 20.1694 17.3179 17.2982 19.2016 44.5356 20.7871 17.2926 17.1823 16.1561 17.1369 14.5421 13.9444 13.5845 17.9397
threshold=0.014494276139885189 1.0000000180025095e-35 0.0080972984433174151 0.016261236742138866 4.3943397998809823 0.0093898782506585139 0.011050061322748663 1.5000000000000002 24.500000000000004 48.500000000000007 0.0063492704648524531 1.0000000180025095e-35 74.500000000000014 1.5000000000000002 76.500000000000014 42.500000000000007 1.5000000000000002 72.500000000000014 2.5000000000000004 9.1912436485290545 6.1345775127410898 0.029224989004433159 74.500000000000014 76.500000000000014 20.013333320617679 66.500000000000014 9.9847888946533221 0.016001024283468727 54.500000000000007 0.013986697886139156
decision_type=2 2 2 2 2 2 2 2 2 2 2 2 2 2 2 2 2 2 2 2 2 2 2 2 2 2 2 2 2 2
left_child=1 2 10 4 5 -2 -4 -5 11 26 14 -9 27 -14 15 -1 -17 -18 -6 20 -20 22 -22 -12 25 -3 -10 -7 29 -8
right_child=3 24 6 7 18 12 28 8 9 -11 23 -13 13 -15 -16 16 17 -19 19 -21 21 -23 -24 -25 -26 -27 -28 -29 -30 -31
leaf_value=-0.025756390038767413 -0.016365199576659301 0.0029039798010349373 -0.0096643203012979888 0.025926586675792472 0.017546018694150508 0.0036833388271105645 -0.0022004723145702993 0.005346543906344761 -9.3679623936065773e-05 0.017335296504250464 -0.015901198158528758 0.025212760375412646 0.026434721179954081 0.00036376918242841646 -0.02771565771195553 -0.031555973912823866 -0.013060917121832645 -0.023127196288099595 0.018589303087023418 0.011131853470142783 -0.020607738701052432 0.012810032605272961 0.0097689244433507294 0.0056040923583952785 0.014340944824445746 0.01101629288567396 0.020131399135020007 0.0089657849781576687 0.002742380341130753 -0.011915426519470805
leaf_weight=202.5618278356269 100.65367817529477 229.93648298224434 532.47381043457426 150.28510289173573 141.70446160808206 936.54729061445687 623.24365169741213 25.703675700351596 128.88292424986139 129.69609624100849 393.82753964653239 100.15713458694518 32.092368702404201 19.369172246428207 164.8959066872485 36.169461109675467 271.16143029206432 95.837280429899693 36.859319883864373 613.62524061882868 39.069471545051783 12.832659154199062 8.4900258788838965 14.833295959979294 148.10000126296654 192.30706748249941 14.956231813877819 255.52279836754315 179.83020907244645 85.921166580868885
leaf_count=154146 40675 11846 163672 636 1483 37032 75848 564 2066 1285 167932 527 165 893 85930 19978 130313 62065 451 6609 3272 126 337 2630 1411 6724 42 4763 18695 7800
internal_value=-0.000246083 -0.00792355 -0.0115609 0.00861739 0.00658742 0.003699 -0.004971 0.0166998 0.0131668 0.00937843 -0.0194915 0.0212455 0.00533649 0.0168542 -0.0217931 -0.0201345 -0.0172482 -0.0157507 0.0111293 0.00982454 0.0015261 -0.00898872 -0.0150544 -0.015104 0.00865048 0.00662068 0.00211996 0.00482388 -0.00214993 -0.00339546
internal_weight=5917.55 3171.1 2600.76 2746.45 2196.77 1344.19 1421.47 549.681 399.396 273.535 1179.29 125.861 1243.53 51.4615 770.626 605.73 403.168 366.999 852.581 710.877 97.2515 60.3922 47.5595 408.661 570.344 422.244 143.839 1192.07 888.995 709.165
internal_count=1009916 908990 889009 100926 95806 83528 266015 5120 4484 3393 622994 1091 42853 1058 452432 366502 212356 192378 12278 10795 4186 3735 3609 170562 19981 18570 2108 41795 102343 83648
is_linear=0
shrinkage=0.02


Tree=13
num_leaves=31
num_cat=0
split_feature=13 7 0 0 7 0 0 5 13 2 0 2 5 5 7 7 0 0 5 5 2 2 5 10 5 5 13 3 7 7
split_gain=1004.39 391.892 306.148 130.253 98.1811 119.388 55.0523 38.3377 22.9547 20.0289 16.3657 15.4563 16.0706 11.9336 11.5111 17.8628 17.6594 12.7782 11.3213 11.2306 18.9285 10.9682 10.2145 12.4608 10.1439 22.9172 15.1065 11.2878 15.8048 20.3937
threshold=0.01408485369756818 1.0000000180025095e-35 69.500000000000014 1.0000000180025095e-35 4.3943397998809823 45.500000000000007 29.500000000000004 1.5000000000000002 0.014882892370224001 72.500000000000014 96.500000000000014 72.500000000000014 2.5000000000000004 2.5000000000000004 10.499359607696535 10.291841983795168 11.500000000000002 16.500000000000004 7.5000000000000009 4.5000000000000009 42.500000000000007 68.500000000000014 1.5000000000000002 4.7500000000000009 6.5000000000000009 5.5000000000000009 0.016083435155451301 0.0077221228275448093 8.8042221069335955 5.0835287570953378
decision_type=2 2 2 2 2 2 2 2 2 2 2 2 2 2 2 2 2 2 2 2 2 2 2 2 2 2 2 2 2 2
left_child=1 2 6 7 5 8 -1 -2 -5 21 -4 12 -12 -6 15 16 -15 -18 24 20 -14 -3 23 -10 25 27 -26 -19 29 -29
right_child=3 9 10 4 13 -7 -8 -9 22 -11 11 -13 19 14 -16 -17 17 18 -20 -21 -22 -23 -24 -25 26 -27 -28 28 -30 -31
leaf_value=-0.0021179165960835771 0.025672191366955033 0.0046687839979474141 -0.01587206157232135 -0.0020288552418901663 0.016592598458840899 -0.016507377540790621 -0.010086460619437774 0.013644810191638847 0.0083910272618496554 0.01236899975309548 -0.025088222676887369 -0.026184505978884026 -0.0063426233101176238 0.015004767187954496 0.011526333570745669 -0.033050970102445905 -0.032132495501889111 0.026752668628888303 -0.029943662395059564 -0.019980304734515245 -0.021377284687177835 -0.02938023284974985 0.0047749111795477774 0.028584191609723263 -0.026386668810826089 -0.034026571091692548 0.023001094022219847 0.022737265543350062 0.012098090912214919 -0.016406002312034339
leaf_weight=790.29610419506207 149.0216225720942 308.8780019315891 307.48294369899668 180.69863077718765 145.68374697538093 115.74917631247081 619.07663572509773 390.70122444117442 176.08742569386959 202.13133806781843 155.69507024204358 217.24742563650943 84.029736936558038 59.389530601911247 597.63107767235488 3.7033063233830026 3.3990138173103324 6.8581381365656844 3.0574473449960342 226.85031456896104 56.787402699468657 2.8320610192604354 965.51600937009789 12.516974205151199 1.9814381864853228 5.9155319095589212 17.129042636137456 5.7386387474834946 26.961702100932598 24.924566347617656
leaf_count=92789 636 13363 135504 14337 1610 49549 198622 4484 4525 5008 76732 149118 36445 892 5891 182 200 55 595 144929 36445 488 33511 34 321 731 358 54 578 1930
internal_value=-0.000233286 -0.00839917 -0.0117202 0.00815391 0.00611511 0.00288755 -0.00562424 0.0170107 0.00458199 0.00747162 -0.0199023 -0.0215492 -0.0195749 0.0112923 0.0102486 0.00539335 0.00652809 0.00116092 0.00273517 -0.0171731 -0.0125277 0.00426007 0.00561963 0.00988541 0.00419201 0.000575603 0.0167235 0.00425162 0.00112892 -0.00853041
internal_weight=5863.97 2971.31 2457.47 2892.66 2352.94 1450.57 1409.37 539.723 1334.82 513.841 1048.09 740.61 523.363 902.373 756.689 159.058 155.355 95.9655 92.5665 367.667 140.817 311.71 1154.12 188.604 89.5091 70.3986 19.1105 64.483 57.6249 30.6632
internal_count=1009916 889443 870584 120473 115353 101956 291411 5120 52407 18859 579173 443669 294551 13397 11787 5896 5714 4822 4622 217819 72890 13851 38070 4559 4027 3348 679 2617 2562 1984
is_linear=0
shrinkage=0.02


Tree=14
num_leaves=31
num_cat=0
split_feature=13 11 0 5 0 4 4 13 4 13 13 0 5 4 4 5 4 5 4 0 14 10 4 4 5 4 0 4 13 4
split_gain=982.706 152.872 96.2887 48.2757 45.5037 34.4016 32.9725 31.5296 26.4128 30.8798 23.9033 22.2314 26.0987 23.1975 22.0395 21.7 21.8172 21.2755 41.3292 19.4956 18.2365 27.0102 17.9946 17.2304 15.2198 14.6749 14.56 15.6327 14.2429 14.5512
threshold=0.01408485369756818 38.500000000000007 1.0000000180025095e-35 1.5000000000000002 71.500000000000014 24.500000000000004 48.500000000000007 0.028191176243126396 59.500000000000007 0.014494276139885189 0.027531313709914688 29.500000000000004 1.5000000000000002 47.500000000000007 1.0000000180025095e-35 6.5000000000000009 64.500000000000014 2.5000000000000004 52.500000000000007 33.500000000000007 1.3881944417953493 11.250000000000002 28.500000000000004 71.500000000000014 2.5000000000000004 47.500000000000007 37.500000000000007 42.500000000000007 0.027247654274106029 43.500000000000007
decision_type=2 2 2 2 2 2 2 2 2 2 2 2 2 2 2 2 2 2 2 2 2 2 2 2 2 2 2 2 2 2
left_child=1 11 3 -2 15 14 -7 8 9 24 20 -1 19 26 -5 16 -3 -6 -19 -13 21 -10 -11 -20 -4 -26 27 -14 -24 -30
right_child=2 4 7 5 17 6 -8 -9 10 22 -12 12 13 -15 -16 -17 -18 18 23 -21 -22 -23 28 -25 25 -27 -28 -29 29 -31
leaf_value=-0.0016635853412352523 0.025383164339656206 -0.012393240559480887 -0.018763587021192525 0.0041175768585235998 -0.020726284526263319 0.0013364207286822292 0.015157449146259485 0.014481987343547584 0.0082866378225961816 0.0079157032454274506 -0.033376453873655246 0.00098403215253708271 -0.0019585618943371796 -0.0024375480384327347 0.024975330399883495 -0.0015347261469313811 0.0019880330362494932 -0.01859204460571097 -0.0054610499861256654 -0.025166724810521846 0.016578306766627308 -0.033174878552734384 0.0035780681220584825 -0.015748695001650319 -0.0079433910562683573 0.0087599220444287244 -0.015686936774382119 -0.031277149481127989 0.0047493291391554919 -0.035505375331089647
leaf_weight=831.08882378786802 147.9933034684509 356.99601579853334 26.435907253762707 26.313209042418748 250.8920134047512 144.85803228383884 131.9091287907213 173.89818991534412 488.77785180672072 535.73694744030945 4.2752369418740264 14.708095353562383 80.56298630265519 389.40940117137507 98.397506650537252 139.67730135866441 47.278510513948277 342.59336434677243 224.34548488911241 46.601057717110962 117.39902225043625 5.3839907497167578 871.29653059178963 92.585974553367123 54.715536897536367 32.768730746814981 109.92020643269643 7.0429327082820228 6.2639754926785809 6.6090312416199595
leaf_count=93725 636 113911 2692 564 112439 2108 1285 1577 33571 18564 118 2563 20634 80769 527 41286 9905 213034 83516 21156 1714 502 45386 38986 8092 2774 54183 3336 112 251
internal_value=-0.000226992 -0.00836805 0.0080853 0.0156127 -0.0129713 0.0119521 0.00796167 0.00629842 0.00562905 0.00421713 0.00912983 -0.00383542 -0.00660991 -0.0052879 0.0206581 -0.00836157 -0.0107057 -0.0157111 -0.0137718 -0.0189459 0.00948425 0.00776478 0.00502223 -0.00851278 -0.00575665 -0.00163598 -0.0108565 -0.00466454 0.0032598 -0.016843
internal_weight=5806.73 2933.7 2873.03 549.471 1454.37 401.478 276.767 2323.56 2149.66 1533.83 615.836 1479.33 648.245 586.936 124.711 543.952 404.275 910.417 659.525 61.3092 611.561 494.162 1419.91 316.931 113.92 87.4843 197.526 87.6059 884.17 12.873
internal_count=1009916 889443 120473 5120 613077 4484 3393 115353 113776 77871 35905 276366 182641 158922 1091 165102 123816 447975 335536 23719 35787 34073 64313 122502 13558 10866 78153 23970 45749 363
is_linear=0
shrinkage=0.02


Tree=15
num_leaves=31
num_cat=0
split_feature=11 7 13 0 7 0 5 0 7 7 5 7 0 13 7 7 5 12 12 2 7 11 12 7 13 11 2 7 13 13
split_gain=933.289 399.221 153.047 142.906 131.487 72.9302 50.8586 48.2281 28.9213 24.9019 30.0317 22.6327 94.417 17.8698 16.4349 23.7615 13.7326 13.651 13.5892 13.3259 12.5587 11.7119 10.8668 10.3469 9.97943 20.0782 9.72528 27.7093 9.65443 16.7403
threshold=22.500000000000004 1.0000000180025095e-35 0.01511215651407838 86.500000000000014 8.5227465629577654 1.0000000180025095e-35 1.5000000000000002 100.00000000000001 5.0835287570953378 17.450479507446293 5.5000000000000009 4.3943397998809823 36.500000000000007 0.014661480206996204 10.721748352050783 32.937547683715827 1.5000000000000002 32.500000000000007 33.500000000000007 14.500000000000002 20.296562194824222 15.500000000000002 14.500000000000002 5.5570428371429452 0.028877615928649906 1.5000000000000002 78.500000000000014 7.3681252002716073 0.022430169396102432 0.011696306522935631
decision_type=2 2 2 2 2 2 2 2 2 2 2 2 2 2 2 2 2 2 2 2 2 2 2 2 2 2 2 2 2 2
left_child=2 3 4 18 7 6 -4 -1 -9 10 13 12 -7 26 -13 21 -5 20 -2 23 -11 -16 -8 -10 -17 -26 27 -3 29 -12
right_child=1 9 5 16 -6 11 22 8 19 17 28 14 -14 -15 15 24 -18 -19 -20 -21 -22 -23 -24 -25 25 -27 -28 -29 -30 -31
leaf_value=-0.00076793379183109174 -0.0062661110660167506 -0.013309937516308058 0.025674519614127828 -0.028652167911095545 0.013563731555406614 0.0066788436460923847 0.010320329210350214 -0.016010883950091426 0.016859815450388435 0.017340779052968762 -0.003328855719262946 0.013587107267594814 -0.017001884768993305 -0.013749881773625327 0.005496148369293242 0.018297598484845468 -0.020464630460365715 0.019598453167510545 -0.011463435858781235 0.0099406466424385512 -0.01809863701547226 -0.013553296192931502 0.020809177222531627 -0.019726154754813749 0.014140675730686881 -0.032786883580707839 0.01725111554622346 0.013013171572677992 0.022063715404664074 -0.033987012630692003
leaf_weight=829.03328007948585 284.35672560613602 19.760231092572212 140.8003616835922 105.01057064021006 238.85451963637024 1056.6560390694067 345.97525038430467 149.99883593153208 3.0758417304605272 6.5489928349852544 71.60860771080479 274.90411042235792 70.939666687045246 11.075546825304626 332.92093173554167 87.963811432477087 606.47925984300673 88.616353204473853 745.5002793581225 29.675087754614651 7.4939571376889944 12.439886429812757 45.687375548295677 13.073491571936755 12.075264669954779 4.0549348099157205 68.539679958485067 69.292574978899211 4.0481879580765954 6.9867330014239988
leaf_count=77708 54071 2338 634 57505 4104 31479 4261 71611 60 132 5762 5301 29933 622 3691 368 382786 944 267415 1412 230 281 176 1544 49 74 1569 2406 32 906
internal_value=-0.000248934 -0.0108843 0.00586032 -0.0148196 0.000231135 0.00884153 0.0153658 -0.00288442 -0.0117852 0.00845636 0.00501858 0.00695735 0.00517352 0.00984282 0.00972049 0.00732616 -0.0217144 0.0167232 -0.0100378 0.0020509 -0.00138428 0.00476706 0.0115988 -0.0120645 0.0156715 0.00100159 0.0115898 0.0070671 -0.00480332 -0.0064721
internal_weight=5743.45 2095.32 3648.13 1741.35 1263.71 2384.42 532.463 1024.86 195.823 353.971 251.312 1851.95 1127.6 168.668 724.359 449.455 711.49 102.659 1029.86 45.8244 14.0429 345.361 391.663 16.1493 104.094 16.1302 157.592 89.0528 82.6435 78.5953
internal_count=1009404 776718 232686 761777 156439 76247 5071 152335 74627 14941 13635 71176 61412 6935 9764 4463 440291 1306 321486 3016 362 3972 4437 1604 491 123 6313 4744 6700 6668
is_linear=0
shrinkage=0.02


Tree=16
num_leaves=31
num_cat=0
split_feature=13 7 1 1 5 7 1 1 4 7 1 7 5 4 5 7 4 1 4 4 2 4 7 7 13 13 4 4 13 11
split_gain=883.288 439.864 268.628 80.0365 55.0544 54.5977 121.69 51.9136 46.271 29.0022 22.4684 19.6738 25.0154 18.3341 18.0412 35.7637 16.1928 26.9328 25.0972 22.2493 16.1348 14.9118 13.6656 13.8729 14.351 12.6903 12.6123 12.4632 12.2108 11.8694
threshold=0.01408485369756818 1.0000000180025095e-35 0.007272823480889202 0.016261236742138866 1.5000000000000002 4.3943397998809823 0.010152545757591726 0.011561079882085325 24.500000000000004 6.5253655910491952 0.015038444194942715 19.020171165466312 5.5000000000000009 77.500000000000014 4.5000000000000009 23.135624885559086 76.500000000000014 0.0065574476029723891 52.500000000000007 65.500000000000014 21.500000000000004 68.500000000000014 32.937547683715827 29.767991065979007 0.025015397928655151 0.016083435155451301 1.0000000180025095e-35 58.500000000000007 0.014661480206996204 9.5000000000000018
decision_type=2 2 2 2 2 2 2 2 2 2 2 2 2 2 2 2 2 2 2 2 2 2 2 2 2 2 2 2 2 2
left_child=1 2 16 5 -5 6 -2 -4 26 21 -8 12 -3 22 -11 -16 18 -18 -1 20 -20 -10 23 28 25 -25 -6 -14 -7 -30
right_child=3 11 7 4 8 13 10 -9 9 14 -12 -13 27 -15 15 -17 17 -19 19 -21 -22 -23 -24 24 -26 -27 -28 -29 29 -31
leaf_value=-0.022006424516799336 -0.015728491479096492 0.010175038082363492 -0.0098438495651027406 0.025430841165490017 0.009520129854580622 0.017316133117349922 0.001392883342235401 -0.0022636726077716889 0.0036336962823401626 0.0258548140234694 0.0071324607946828588 0.015485581252694929 -0.0098607503775759095 0.018511270983970558 -0.037022832697456161 0.018539349483917816 -0.027891887356804746 0.012037676997779927 0.0051444021657693715 -0.020293743215711691 -0.012055475519561508 -0.021230100986245622 0.015555516391349253 -0.030513021150336741 -0.033700899692829189 0.0097488333837395837 0.024379057635453193 0.0038558753365060378 0.0087564603522227499 0.00097105212768998806
leaf_weight=436.14488687459379 118.09877317980863 241.50232315273024 768.30209401180036 139.81560243107378 33.080947942566127 56.359840918798 392.96082986565307 684.58506238798145 199.06264950847253 39.687917904928327 902.68060786742717 139.49785375921056 41.239450591616333 90.442028194665909 5.4923664070665863 15.17353869602084 149.41491617378779 6.4717039186507455 24.677104184404016 146.39925342286006 152.54194928589277 9.1305156084708852 109.21385606797412 2.9044841164723101 5.0834461981430641 14.754789208061991 94.802184893749654 69.962320571532473 510.53890048712492 93.505752913653851
leaf_count=295105 50189 9039 252971 634 563 971 27093 73066 2898 79 24508 1413 4020 1114 99 34 83630 1195 7760 79978 76602 237 537 85 84 101 527 4400 7735 2737
internal_value=-0.000220899 -0.0080588 -0.0116337 0.00769368 0.0146496 0.00606292 0.00361972 -0.00627754 0.0107877 0.00602253 0.00539564 0.00912866 0.0065721 0.00996474 0.0181156 0.00265307 -0.0201141 -0.0261553 -0.0188392 -0.01451 -0.00963381 0.00243744 0.00896459 0.00788679 -0.00718386 0.00173925 0.0206545 -0.00125569 0.00841889 0.00755819
internal_weight=5693.53 2860.74 2368.54 2832.79 536.246 2296.54 1413.74 1452.89 396.43 268.547 1295.64 492.202 352.704 882.803 60.3538 20.6659 915.65 155.887 759.763 323.618 177.219 208.193 792.361 683.147 22.7427 17.6593 127.883 111.202 660.404 604.045
internal_count=1009404 889179 870307 120225 5071 115154 101790 326037 4437 3347 51601 18872 17459 13364 212 133 544270 84825 459445 164340 84362 3135 12250 11713 270 186 1090 8420 11443 10472
is_linear=0
shrinkage=0.02


Tree=17
num_leaves=31
num_cat=0
split_feature=13 7 0 0 7 0 0 5 4 7 0 4 4 0 2 4 7 5 4 4 0 0 7 5 12 7 12 12 4 5
split_gain=854.063 414.658 258.82 92.2611 56.9349 114.494 48.1903 47.876 36.3396 30.764 20.689 17.0406 24.5406 21.9162 20.9177 16.1105 15.4079 16.5252 14.4259 12.6897 12.2053 11.652 11.2621 10.95 20.6082 13.8715 10.5629 12.237 9.51883 15.3553
threshold=0.01408485369756818 1.0000000180025095e-35 72.500000000000014 1.0000000180025095e-35 4.3943397998809823 43.500000000000007 29.500000000000004 1.5000000000000002 25.500000000000004 6.5253655910491952 5.5000000000000009 76.500000000000014 45.500000000000007 91.500000000000014 35.500000000000007 1.5000000000000002 19.020171165466312 5.5000000000000009 1.0000000180025095e-35 77.500000000000014 97.500000000000014 14.500000000000002 32.937547683715827 4.5000000000000009 14.500000000000002 47.028343200683601 59.500000000000007 14.500000000000002 35.500000000000007 2.5000000000000004
decision_type=2 2 2 2 2 2 2 2 2 2 2 2 2 2 2 2 2 2 2 2 2 2 2 2 2 2 2 2 2 2
left_child=1 2 6 7 5 10 15 -2 18 26 -5 12 20 -13 -14 21 17 -3 -9 22 -4 -1 -6 -11 25 -25 27 28 -10 -30
right_child=3 16 11 4 19 -7 -8 8 9 23 -12 13 14 -15 -16 -17 -18 -19 -20 -21 -22 -23 -24 24 -26 -27 -28 -29 29 -31
leaf_value=-0.0021031020019308764 0.025215315776428816 0.0091411937168278251 -0.017743451913987265 0.0066972994792855638 0.0079800943335992768 -0.01602084405664405 -0.0101155684004128 0.0081851501096029174 0.0090894802347730973 0.025444605539382017 0.00121878322519293 0.0064857894067883119 -0.0069485130274421127 -0.027502613059454863 -0.017437848168922437 -0.0016661447280760251 0.014088993294096908 -0.00030666044237188846 0.023649031146156907 0.016781462856840641 -0.025544952078687379 -0.018602832718171303 0.014924418158289801 -0.035640408963301506 0.023333768529872442 0.01329178122002018 0.021380955888875692 -0.03257249293321067 0.010642206850261531 -0.0050634958797717636
leaf_weight=30.339420751202852 138.86221910174936 245.42771445331164 159.12048999359831 903.86201533675194 678.09708342934027 111.30963608482853 618.3800328373909 34.115639230236411 59.504764740355313 39.531153855845332 398.69154923723545 7.5407355292700222 102.05959351803176 146.06569876242429 330.66712072072551 694.76672840048559 145.85754079604521 105.19833908276632 100.55226026289165 94.876753683434799 203.11276696366258 40.098142752423882 110.57010046159849 4.7966921925544765 10.976696687750517 3.0928430259227753 10.841044117696581 3.0387090854346743 33.703407660126686 87.042095019482076
leaf_count=2457 634 9039 81648 24508 11713 49639 213425 563 778 79 27643 1517 43398 83630 185579 80867 1413 8420 587 1114 168469 9317 537 99 27 6 38 69 327 1864
internal_value=-0.000193056 -0.00795935 -0.0114923 0.00758681 0.00585071 0.00335578 -0.00596647 0.0151395 0.0114651 0.00693284 0.00502417 -0.0195353 -0.0182934 -0.02579 -0.0149902 -0.00260205 0.00862169 0.00630806 0.0198355 0.00983256 -0.0221817 -0.0116529 0.00897388 0.019539 0.00640616 -0.0168957 0.00304976 0.00184453 0.00261228 -0.000611768
internal_weight=5652.1 2828.63 2332.15 2823.46 2297.41 1413.86 1383.58 526.058 387.195 252.527 1302.55 948.566 794.96 153.606 432.727 765.204 496.484 350.626 134.668 883.544 362.233 70.4376 788.667 58.3974 18.8662 7.88954 194.13 183.289 180.25 120.746
internal_count=1009404 889179 870307 120225 115154 101790 306066 5071 4437 3287 52151 564241 479094 85147 228977 92641 18872 17459 1150 13364 250117 11774 12250 211 132 105 3076 3038 2969 2191
is_linear=0
shrinkage=0.02


Tree=18
num_leaves=31
num_cat=0
split_feature=13 7 0 0 7 0 0 0 3 7 7 7 0 3 12 10 3 10 12 7 12 3 7 7 7 12 12 7 7 3
split_gain=816.352 382.586 162.733 155.197 100.178 147.386 38.6246 20.8064 14.2872 11.6145 12.2723 15.5587 11.3011 13.7966 10.7413 24.5341 26.9784 15.8919 15.4638 12.8778 12.6791 10.542 9.84788 12.465 8.74822 16.5227 10.7664 8.66086 8.19323 8.08515
threshold=0.012883358635008337 1.0000000180025095e-35 1.0000000180025095e-35 76.500000000000014 4.3943397998809823 43.500000000000007 6.5000000000000009 29.500000000000004 0.0074907417874783286 7.3681252002716073 7.5697596073150644 8.7624015808105487 93.500000000000014 0.0081634009256958979 63.500000000000007 32.750000000000007 0.0077221228275448093 21.750000000000004 46.500000000000007 32.937547683715827 54.500000000000007 0.01183473411947489 15.740467548370363 11.306703090667726 6.6408007144927987 33.500000000000007 47.500000000000007 6.6062858104705819 18.450117111206058 0.011173533275723459
decision_type=2 2 2 2 2 2 2 2 2 2 2 2 2 2 2 2 2 2 2 2 2 2 2 2 2 2 2 2 2 2
left_child=1 3 -2 7 5 6 21 -1 22 24 -11 -12 -5 -14 17 16 -16 18 19 -6 -20 -4 23 -3 25 -10 -26 -27 -22 -8
right_child=2 8 4 12 14 -7 29 -9 9 10 11 -13 13 -15 15 -17 -18 -19 20 -21 28 -23 -24 -25 26 27 -28 -29 -30 -31
leaf_value=-0.0042466949950382953 0.016453902509086175 0.011084467059097989 0.0059261871204918781 -0.015029283089641557 0.0085828626841330524 -0.016343597847134385 -0.00086179963215184965 -0.010249121797015382 0.010958938079302535 0.02220473884055453 -0.0109031498846743 0.0073625041799734508 -0.024232740122641341 -0.018146660192103009 0.0081386965409618924 0.0095553231524473977 -0.036760675393806168 0.020032302806817049 -0.024348979533141368 0.015935537912490864 -0.023020294804236459 -0.0169707565726527 0.018789749768856067 -0.0094226601890206648 -0.034054509386994836 -0.031856609308652251 0.0055262638988970497 0.016926929018311169 0.017632483891760121 0.0089551679255651957
leaf_weight=361.62984310975298 508.41400740062818 104.50926660792902 994.82844844087958 173.60718151950277 733.94037419324741 168.21444478305057 668.28316563728731 656.51900172024034 18.416848924942318 17.75902702100575 20.467649544822052 142.16749666561373 307.41374471248128 345.61737385508604 9.1919561796821672 45.324348018039018 10.718687136657534 57.94279506476596 9.03346857102588 111.65665796399117 1.6749211698770503 7.1280394042842081 63.379649944137782 12.484248070511965 6.5467671747319383 6.0559051604941478 3.812784593552351 1.1001023557037113 6.9255084898322821 34.313815338537097
leaf_count=58801 5071 3716 29122 85463 13684 81136 55302 233374 906 398 2186 4143 218287 209066 239 571 681 381 366 521 206 242 446 466 1112 1590 512 33 51 1332
internal_value=-0.000187019 -0.00953719 0.00603689 -0.0133682 0.00417875 0.00145878 0.00322533 -0.00812538 0.0082621 0.00474723 0.0068169 0.00499896 -0.0198056 -0.0210474 0.0093341 0.00143137 -0.0165388 0.00988942 0.00918389 0.00957378 -0.00891578 0.00574454 0.0124171 0.00881791 -0.00549235 0.000886586 -0.0201068 -0.022956 0.00793391 -0.000367464
internal_weight=5609.08 2241.49 3367.59 1844.79 2859.18 1872.77 1704.55 1018.15 396.7 216.327 180.394 162.635 826.638 653.031 986.409 65.235 19.9106 921.174 863.231 845.597 17.6339 1001.96 180.373 116.994 35.9324 25.5729 10.3596 7.15601 8.60043 702.597
internal_count=1009404 820499 188905 804991 183834 167134 85998 292175 15508 10880 6727 6329 512816 427353 16700 1491 920 15209 14828 14205 623 29364 4628 4182 4153 2529 1624 1623 257 56634
is_linear=0
shrinkage=0.02


Tree=19
num_leaves=31
num_cat=0
split_feature=13 11 0 5 0 4 5 4 4 12 4 4 0 13 13 4 2 4 2 12 4 4 0 4 5 2 5 4 2 4
split_gain=784.928 139.137 85.3891 48.2734 37.6687 51.9719 56.7728 35.9117 28.2365 25.0068 23.0466 19.6585 16.129 15.6197 19.5345 17.9986 21.7538 14.3572 28.8476 27.8952 15.8039 13.9846 29.0581 14.908 15.4725 13.064 11.8297 22.0389 11.3766 11.372
threshold=0.01408485369756818 30.500000000000004 1.0000000180025095e-35 1.5000000000000002 72.500000000000014 49.500000000000007 1.5000000000000002 83.500000000000014 24.500000000000004 14.500000000000002 1.0000000180025095e-35 74.500000000000014 88.500000000000014 0.022801544517278675 0.022509234026074413 81.500000000000014 15.500000000000002 76.500000000000014 97.500000000000014 93.500000000000014 80.500000000000014 40.500000000000007 25.500000000000004 43.500000000000007 1.5000000000000002 7.5000000000000009 2.5000000000000004 65.500000000000014 39.500000000000007 53.500000000000007
decision_type=2 2 2 2 2 2 2 2 2 2 2 2 2 2 2 2 2 2 2 2 2 2 2 2 2 2 2 2 2 2
left_child=1 7 3 -2 11 -6 12 21 10 26 -5 -3 -7 14 15 -4 25 19 20 28 -19 22 -1 -23 -25 -17 -10 -28 -8 -26
right_child=2 4 13 8 5 6 17 -9 9 -11 -12 -13 -14 -15 -16 16 -18 18 -20 -21 -22 23 -24 24 29 -27 27 -29 -30 -31
leaf_value=-0.0019193562675590317 0.024724036589126145 -0.0086059254358311962 0.0053083988350380454 0.0048575745572317121 -0.019832397773071577 -0.0013334659264293803 0.0031692156954070089 -0.021822634304761116 0.012079570240286386 0.020863784620204627 0.023736999311928186 0.0085193957797706724 -0.028455056497815913 0.0090837581507044948 -0.032544103645695731 -0.0060148161250697897 0.013842626276860549 -0.030639561275889883 0.0098043505300322836 -0.024929207516245666 -0.011064913727974048 0.0081403735933778237 -0.014237850808640103 -0.010527860454549582 -0.0040979834204829058 -0.030541843892330955 0.0028197617889476091 -0.036358830829052974 -0.0059506525022836642 0.0021708116097402751
leaf_weight=371.69020701420959 137.52529180236161 629.13219897332601 1779.624174107099 36.911875477060676 383.5668359361589 10.221668087877331 66.315424151020125 36.180949522648007 55.07255875505507 42.398789987899363 93.035734714008868 27.117436720523983 74.091878097970039 420.80456780618988 4.5887251920066765 43.296296876389533 17.588473646901548 31.539466308662668 14.84151575854048 27.295813850825652 38.118291785009205 79.034032154362649 95.80717242276296 60.788750221487135 173.41893707285635 10.239854236366225 155.40374055691063 4.9595626518130294 291.63283168198541 343.08090618043207
leaf_count=40971 634 205353 94440 563 251298 2774 14682 15097 463 159 527 4418 44689 6264 362 9568 472 18540 2805 17061 15483 10071 39609 10610 29884 4048 2450 275 115356 50478
internal_value=-0.000170588 -0.00775197 0.00728144 0.0145472 -0.0115858 -0.0141638 -0.0102073 -0.00247706 0.0108786 0.00698954 0.0184676 -0.00788335 -0.0252446 0.00559805 0.00480192 0.00491312 -0.00488608 -0.00745615 -0.0149068 -0.00578238 -0.0202644 -0.00183361 -0.00447313 4.74234e-05 -0.00106925 -0.0112168 0.004166 0.00137788 -0.00425136 5.82974e-05
internal_weight=5555.32 2753.87 2801.45 525.308 1593.87 937.624 554.057 1160 387.782 257.835 129.948 656.25 84.3135 2276.14 1855.34 1850.75 71.1246 469.743 84.4993 385.244 69.6578 1123.82 467.497 656.323 577.289 53.5362 215.436 160.363 357.948 516.5
internal_count=1009404 889179 120225 5071 692459 482688 231390 196720 4437 3347 1090 209771 47463 115154 108890 108528 14088 183927 36828 147099 34023 181623 80580 101043 90972 13616 3188 2725 130038 80362
is_linear=0
shrinkage=0.02


Tree=20
num_leaves=31
num_cat=0
split_feature=11 7 0 0 7 0 5 0 2 0 2 0 12 2 7 12 5 5 7 0 5 5 0 0 12 0 12 2 1 2
split_gain=703.29 409.717 149.828 99.4748 121.4 113.963 39.2257 37.1308 23.0749 22.9989 20.3651 16.0867 15.9686 15.7481 15.0145 14.7955 14.3676 12.6922 12.3657 12.2171 11.8265 10.881 11.4588 14.9184 13.1396 13.091 11.3691 10.7841 10.3653 10.3559
threshold=19.500000000000004 1.0000000180025095e-35 61.500000000000007 1.0000000180025095e-35 5.4796502590179452 69.500000000000014 1.5000000000000002 6.5000000000000009 22.500000000000004 93.500000000000014 27.500000000000004 20.500000000000004 33.500000000000007 15.500000000000002 6.5253655910491952 92.500000000000014 2.5000000000000004 7.5000000000000009 27.639843940734867 12.500000000000002 6.5000000000000009 2.5000000000000004 21.500000000000004 24.500000000000004 77.500000000000014 96.500000000000014 33.500000000000007 10.500000000000002 0.0085838492959737795 72.500000000000014
decision_type=2 2 2 2 2 2 2 2 2 2 2 2 2 2 2 2 2 2 2 2 2 2 2 2 2 2 2 2 2 2
left_child=3 2 8 6 5 7 -1 13 -2 -4 -3 -10 -13 -5 -8 16 -12 19 21 -9 -7 26 -23 -24 -25 -26 -6 -21 -29 -11
right_child=1 10 9 4 18 20 14 17 11 29 15 12 -14 -15 -16 -17 -18 -19 -20 27 -22 22 23 24 25 -27 -28 28 -30 -31
leaf_value=0.023406718366696815 0.024778972406187511 -0.00026337090761366095 -0.013918402193305488 -0.0322005006442702 0.010332633955387447 -0.010889239698193864 0.008892889097261018 0.0011841934607402572 -0.023024106869305398 -0.018356329357702036 -0.0098547508439247675 -0.0028373690995521974 -0.0087433892992695734 0.0058396636625368372 0.019733778573426591 -0.016625915649701187 0.013086398706806193 0.0065199169518802974 0.014689891864393775 -0.03225394727216252 -0.024427366102499081 0.011267325503133988 -0.031149339866789274 0.0066424400998621362 -0.035505093110817051 0.013219558075623968 0.023056775161685677 0.028141554784893014 -0.0041782270159966186 -0.024048690897534968
leaf_weight=130.82621345110238 8.4562443075701577 68.566000051680021 356.9637728726957 3.3794238991104057 107.14766122307628 155.10472419997677 324.19610443059355 368.84332742262632 22.575608788523823 402.26092997845262 10.523614787962286 329.47867082059383 418.78548425016925 967.05393078550696 61.510197469964623 6.343050561612471 311.03949838154949 95.934248771285638 193.57452315837145 4.4479577015154055 31.737643661908805 243.03193493373692 3.3523973552510133 389.5245997661259 4.9277336760424069 2.7679940164089203 39.791847654618323 3.0243243910372248 283.78247805149294 221.03812355455011
leaf_count=657 140 2984 161514 164 1535 66101 4242 25969 4946 254307 844 63974 141013 29079 241 689 11862 8116 1164 513 21156 2847 109 9361 202 28 230 85 30830 163978
internal_value=0.000213515 -0.00872654 -0.0128646 0.00586095 0.00441543 0.00147633 0.0139414 0.00308527 -0.00630341 -0.0180669 0.00961955 -0.00667865 -0.00615275 0.00567212 0.0106735 0.0116867 0.0123012 -0.000235636 0.0101203 -0.00122885 -0.0133173 0.00898165 0.00783022 0.00571704 0.00611064 -0.018245 0.0139245 -0.00428514 -0.00373388 -0.0204135
internal_weight=5569.99 2156.03 1759.56 3413.96 2897.43 1913.31 516.533 1726.47 779.296 980.263 396.472 770.84 748.264 970.433 385.706 327.906 321.563 756.032 984.119 660.098 186.842 790.544 643.605 400.573 397.22 7.69573 146.94 291.255 286.807 623.299
internal_count=1008880 806251 789872 202629 197489 182013 5140 94756 210073 579799 16379 209933 204987 29243 4483 13395 12706 65513 15476 57397 87257 14312 12547 9700 9591 230 1765 31428 30915 418285
is_linear=0
shrinkage=0.02


Tree=21
num_leaves=31
num_cat=0
split_feature=7 0 0 0 5 4 0 4 12 4 0 7 5 4 0 4 4 7 0 14 7 12 0 4 4 0 5 0 5 4
split_gain=484.616 829.642 119.855 75.9074 44.8306 34.2175 33.2865 28.3506 29.6628 22.6598 21.2229 20.8519 19.6193 27.2608 22.8732 17.6608 16.6438 38.7508 15.9886 15.9556 22.3886 17.9862 15.6228 13.7004 27.5403 19.2806 13.9954 13.5462 14.7211 13.539
threshold=5.4796502590179452 28.500000000000004 4.5000000000000009 74.500000000000014 1.5000000000000002 24.500000000000004 1.0000000180025095e-35 1.0000000180025095e-35 1.0000000180025095e-35 52.500000000000007 2.5000000000000004 1.0000000180025095e-35 5.5000000000000009 54.500000000000007 18.500000000000004 72.500000000000014 65.500000000000014 17.450479507446293 54.500000000000007 1.9138388037681582 16.785606384277347 86.500000000000014 51.500000000000007 48.500000000000007 70.500000000000014 97.500000000000014 3.5000000000000004 90.500000000000014 5.5000000000000009 44.500000000000007
decision_type=2 2 2 2 2 2 2 2 2 2 2 2 2 2 2 2 2 2 2 2 2 2 2 2 2 2 2 2 2 2
left_child=1 2 4 9 6 7 -1 10 -9 -3 -6 23 13 29 -15 -8 17 19 -18 20 21 -2 -11 -5 -25 26 -26 28 -20 -4
right_child=16 3 12 11 5 -7 15 8 -10 22 -12 -13 -14 14 -16 -17 18 -19 27 -21 -22 -23 -24 24 25 -27 -28 -29 -30 -31
leaf_value=0.023191991439671007 0.0046754248968129911 -0.011056579192823178 -0.0027737422085603049 -0.02089576053906252 -0.0045859517776825932 0.0038743705227692366 0.0049447600311810346 0.024103985044703739 0.0095519194316524402 0.0022830305215571466 0.01357784807926952 0.0042312992490572757 0.0032258354694646631 0.0084288649770699504 -0.0079978395157205943 0.025915004508941877 0.017652875124318224 0.012954293878101396 0.0046435917729185138 0.019523905640059073 -0.034240460734733844 -0.032391659872737254 -0.0098125508959198623 -0.011709087693110442 0.01257312471958247 -0.021807601562608012 -0.026418257011431009 0.011297231592077484 -0.033713839722509624 -0.010648368083779785
leaf_weight=130.11459785792977 445.54858989501372 497.84430961450562 496.93309328972828 401.69021337432787 60.562203051056713 621.05628691823222 99.95452694222331 96.660789421759546 138.65053293760866 103.68235150189139 43.181077559478581 16.707708617672324 423.03719574143179 142.62550978618674 43.401115831453353 18.438442938961089 194.32083966676146 423.34007782256231 13.508267682511361 26.298951464705169 5.1276336023583999 4.2991654700599602 71.085032989969477 305.78347879298963 11.358956637326626 261.50398624665104 4.2410138389095655 318.04308259068057 4.5430591325275591 105.71964475372806
leaf_count=657 15783 180091 47639 288811 1537 16064 2464 515 2030 25670 1031 1302 44392 8045 5887 90 1632 3704 259 271 261 703 25968 163674 1720 144151 2824 8152 253 13300
internal_value=0.00022043 -0.00328482 0.00420147 -0.0141067 0.00865507 0.00667934 0.016223 0.0117849 0.0156148 -0.00888324 0.00301272 -0.0176012 -0.000242569 -0.00210724 0.00456345 0.00841711 0.0102178 0.00854265 0.0130496 0.00463911 0.00373341 0.00424568 -0.00265319 -0.0179776 -0.0159308 -0.0205234 0.000899535 0.0103377 -0.00616793 -0.0041738
internal_weight=5529.26 4094.23 2420.34 1673.9 1208.62 960.111 248.508 339.055 235.311 672.612 103.743 1001.29 1211.72 788.679 186.027 118.393 1435.03 904.614 530.415 481.274 454.975 449.848 174.767 984.578 582.887 277.104 15.6 336.094 18.0513 602.653
internal_count=1008880 977862 143651 834211 24388 21177 3211 5113 2545 231729 2568 602482 119263 74871 13932 2554 31018 20722 10296 17018 16747 16486 51638 601180 312369 148695 4544 8664 512 60939
is_linear=0
shrinkage=0.02


Tree=22
num_leaves=31
num_cat=0
split_feature=7 0 0 0 6 0 7 6 2 0 10 10 2 2 7 12 6 12 6 0 0 12 10 7 0 12 12 0 0 6
split_gain=461.629 815.268 117.01 72.9224 44.3697 35.7771 21.6243 15.7615 13.8697 13.5115 20.9955 12.3295 11.8697 11.3258 10.9686 10.6692 9.77052 10.1235 12.3498 9.06759 10.2167 8.4048 19.1902 8.61648 11.2617 8.22792 7.8567 8.58556 12.7691 7.55772
threshold=5.4796502590179452 28.500000000000004 5.5000000000000009 80.500000000000014 1.0000000180025095e-35 1.0000000180025095e-35 1.0000000180025095e-35 4.5000000000000009 20.500000000000004 11.500000000000002 3.2500000000000004 14.250000000000002 10.500000000000002 73.500000000000014 5.2040228843688974 58.500000000000007 1.0000000180025095e-35 19.500000000000004 5.5000000000000009 22.500000000000004 20.500000000000004 10.500000000000002 3.7500000000000004 6.7552132606506357 11.500000000000002 1.5000000000000002 9.5000000000000018 8.5000000000000018 9.5000000000000018 2.5000000000000004
decision_type=2 2 2 2 2 2 2 2 2 2 2 2 2 2 2 2 2 2 2 2 2 2 2 2 2 2 2 2 2 2
left_child=1 2 4 8 5 -1 16 9 12 26 -11 13 -3 21 -8 -10 25 18 -18 20 -9 22 -2 24 -23 -5 -4 -28 -29 -26
right_child=11 3 7 6 -6 -7 14 19 15 10 -12 -13 -14 -15 -16 -17 17 -19 -20 -21 -22 23 -24 -25 29 -27 27 28 -30 -31
leaf_value=0.023026467471470455 0.010344679772949695 -0.024964231918688719 -0.0016321681436034866 0.0006937207315667605 0.0063480996465145167 0.008273922968359387 0.011693409554206413 0.0025013434349867307 -0.0077441513269923623 -0.004009027342324464 -0.034299195623644287 0.014368344157454103 0.018997712932090117 0.012792286152666596 -0.028459278891873108 -0.01284916999816263 -0.0089978058413201674 -0.018323979843498622 -0.023565159366106283 -0.0053389400912650089 0.013278696330338525 0.014963825954215939 -0.031864128832905361 0.0069186031399625569 -0.00077626063888088805 -0.024087996259124736 -0.02678253614398041 0.027964121587885735 0.0038558898736709541 -0.022682456318968727
leaf_weight=129.29836605489254 475.23416322446428 2.1404419271275392 179.21010834886692 5.3534742016345254 1053.1971866076346 137.50117924343795 14.147434958722444 288.99968334182631 453.99709087843075 411.67454357631505 8.4075289727188629 218.47685533179902 10.998434622306375 270.00044441176578 2.3195907287299624 267.37687081517652 113.26984966220334 621.98422444867902 29.70364495110698 48.513096357695758 39.376792086986825 8.7621573423966748 3.3819069229066363 436.4983753033448 15.098724554758521 138.10902530699968 2.2727728909812859 8.7886874517425877 96.301227450487204 10.156107215676455
leaf_count=657 7038 479 12057 1270 25405 3200 946 27658 149419 52401 917 2410 494 5394 342 111737 52794 421166 21007 11174 3734 59 61 13380 867 74557 194 64 6190 1809
internal_value=0.000214965 -0.00323131 0.00421188 -0.0140096 0.00820775 0.0154902 -0.0177506 -0.00065721 -0.00927848 -0.00241921 -0.00470002 0.00995164 0.0104353 0.00914736 0.00461739 -0.00965426 -0.0181629 -0.0171958 -0.0121808 0.00263885 0.00383616 0.00809601 0.00997645 0.00616186 -0.00341164 -0.023151 0.000921953 0.00517947 0.0061355 -0.0101903
internal_weight=5500.55 4062.94 2403.54 1659.4 1320 266.8 924.887 1083.54 734.513 706.655 420.082 1437.61 13.1389 1219.13 16.467 721.374 908.42 764.958 142.973 376.89 328.376 949.131 478.616 470.515 34.017 143.462 286.573 107.363 105.09 25.2548
internal_count=1008880 977862 143651 834211 29262 3857 572082 114389 262129 71823 53318 31018 973 28608 1288 261156 570794 494967 73801 42566 31392 23214 7099 16115 2735 75827 18505 6448 6254 2676
is_linear=0
shrinkage=0.02


Tree=23
num_leaves=31
num_cat=0
split_feature=13 7 0 13 5 7 0 0 4 4 11 7 0 4 4 0 7 0 4 5 0 5 4 0 4 4 2 5 7 7
split_gain=664.293 371.964 208.851 74.3475 57.7797 31.2177 76.092 22.7055 22.6012 32.9957 39.5347 32.8988 19.7932 19.0399 18.3944 16.7677 21.3372 15.2256 14.2219 16.7293 13.5428 13.0283 20.0818 13.9067 12.7758 32.8537 12.9249 12.5173 12.3546 11.9327
threshold=0.014069625642150642 1.0000000180025095e-35 57.500000000000007 0.016646326519548896 1.5000000000000002 5.7402529716491708 37.500000000000007 93.500000000000014 65.500000000000014 24.500000000000004 9.5000000000000018 9.3067207336425799 29.500000000000004 1.0000000180025095e-35 76.500000000000014 92.500000000000014 19.772922515869144 98.500000000000014 81.500000000000014 4.5000000000000009 6.5000000000000009 6.5000000000000009 8.5000000000000018 22.500000000000004 50.500000000000007 65.500000000000014 14.500000000000002 3.5000000000000004 5.8095490932464608 18.639038085937504
decision_type=2 2 2 2 2 2 2 2 2 2 2 2 2 2 2 2 2 2 2 2 2 2 2 2 2 2 2 2 2 2
left_child=1 2 12 5 -5 6 20 14 9 10 13 17 21 28 -4 -13 -17 -11 19 -8 -2 22 -1 -23 -9 26 -26 -16 -6 -3
right_child=3 29 7 4 8 -7 18 24 -10 11 -12 15 -14 -15 27 16 -18 -19 -20 -21 -22 23 -24 -25 25 -27 -28 -29 -30 -31
leaf_value=-0.016721414815889592 0.0053796932460872917 0.0067421489744716005 -0.013956316954338084 0.02269306439040561 -0.0012775308941903496 0.0091590997158911367 -0.00020735667619010728 -0.022938014742352922 0.014393354787808786 0.00099799565586387862 -0.01834811345706832 0.011691034435616346 -0.0078529234237956422 0.022700004116245561 0.017789337332862004 0.0068626992670583146 -0.036128523155659148 -0.031742107067714222 -0.024812334196571213 -0.019340191409187142 0.00061150117594043689 0.0059924894175986659 -0.0024938640700754773 -0.0092134509662328279 0.012732078600747862 -0.021266162455039567 -0.010926538991516131 -0.02412383446829941 0.014686275403790651 0.013773808665602561
leaf_weight=42.720562095753849 924.26203808677383 335.24750965507701 377.2498091913294 142.4986348845996 27.7160151489079 395.68895845091902 42.447647875873372 253.1903974795714 242.37839066283777 299.38298265635967 13.001824008300899 228.8270215538796 405.97508925804868 98.575284365098923 11.553728476632385 13.138755382038655 5.8869361206889144 4.7898665731772772 30.805982944555581 31.424551305128261 322.60237789072562 119.60707545699552 446.25181899545714 29.03174732835032 8.9806673754937929 263.34157044859603 141.4763955688104 2.7226506571751079 60.806142214685678 138.95254482794553
leaf_count=9340 28538 16997 177312 1352 931 7006 13831 214373 4097 9481 879 2173 138389 714 1077 187 98 1957 13285 21072 24061 13303 56781 8533 2420 156271 80943 1699 363 1417
internal_value=0.000226243 -0.00715281 -0.010762 0.00681837 0.0107988 0.00422229 0.00276976 -0.0170185 0.00907142 0.0073369 0.0142838 0.00479386 -0.004404 0.0166476 -0.0131086 0.0101873 -0.00747963 0.000373553 -0.0135249 -0.00852261 0.0041491 -0.00219604 -0.00377257 0.00296742 -0.0192875 -0.0169992 -0.00942643 0.00860923 0.00970728 0.00883146
internal_weight=5460.53 2576.3 2102.1 2884.23 1137 1747.23 1351.54 1058.52 994.503 752.125 200.099 552.026 1043.59 187.097 391.526 247.853 19.0257 304.173 104.678 73.8722 1246.86 637.611 488.972 148.639 666.989 413.799 150.457 14.2764 88.5222 474.2
internal_count=1008880 878855 860441 130025 22232 107793 100787 634095 20880 16783 2887 13896 226346 2008 180088 2458 285 11438 48188 34903 52599 87957 66121 21836 454007 239634 83363 2776 1294 18414
is_linear=0
shrinkage=0.02


Tree=24
num_leaves=31
num_cat=0
split_feature=1 7 1 1 6 4 7 2 4 4 12 6 1 4 2 4 4 6 4 4 4 12 4 7 7 4 12 4 2 2
split_gain=425.803 677.471 207.381 70.8985 31.7333 30.3845 27.281 27.0699 20.9895 18.8353 25.4577 19.9646 17.98 17.8473 16.569 17.0903 20.657 17.8324 14.2543 12.7237 13.4003 18.9067 15.6831 15.4943 11.8406 36.3511 22.4457 11.7048 12.8731 45.2445
threshold=0.013793759513646366 1.0000000180025095e-35 0.0084389690309762972 0.016261236742138866 1.0000000180025095e-35 24.500000000000004 6.5253655910491952 95.500000000000014 1.0000000180025095e-35 53.500000000000007 28.500000000000004 5.5000000000000009 0.0064725596457719812 76.500000000000014 72.500000000000014 76.500000000000014 50.500000000000007 1.0000000180025095e-35 70.500000000000014 45.500000000000007 47.500000000000007 5.5000000000000009 46.500000000000007 9.9414267539978045 18.639038085937504 66.500000000000014 87.500000000000014 67.500000000000014 15.500000000000002 1.5000000000000002
decision_type=2 2 2 2 2 2 2 2 2 2 2 2 2 2 2 2 2 2 2 2 2 2 2 2 2 2 2 2 2 2
left_child=1 2 12 7 -5 8 -7 -2 -6 10 11 -4 14 -14 15 16 -1 -18 19 -9 21 22 -21 -24 25 26 -3 -26 29 -29
right_child=3 24 9 4 5 6 -8 18 -10 -11 -12 -13 13 -15 -16 -17 17 -19 -20 20 -22 -23 23 -25 27 -27 -28 28 -30 -31
leaf_value=-0.019115692457756798 0.011633772911115055 0.0032911740001467585 -0.0051245971390379242 0.022588640424850773 0.0028433348146080896 0.0032855194650604561 0.018790798055195457 0.0048428240343332245 0.023460103224973529 0.00042388711799462651 -0.0099389038188664007 0.0042284051590951782 -0.013734429475600295 0.0079851456327354204 -0.023147856062424723 -0.022640974295083684 -0.02712303773597682 -0.0080967811286148626 0.013023884282235032 0.0085277710481567719 0.0016188876170422179 -0.036778595800958255 -0.038155898634061096 0.015692205334428798 0.012694010200012632 0.011643547256081459 -0.033800554825426009 0.016265563353590255 0.012052139609219487 -0.024761931320531769
leaf_weight=190.70928503316827 230.07969298167154 390.17601327551529 359.44298956752755 127.83986982423812 25.501209395937622 193.73365541640669 58.72395381424576 940.94538306142204 95.486674336716533 262.05397090758197 336.89565594238229 121.181520444341 378.83612102386542 15.023716450436039 209.93450771225616 134.32599785295315 21.299939970951527 201.8879300954286 68.601264793192968 16.692738709039986 270.20775783527642 7.8955701799131921 6.2471106178127247 2.3202042449265718 337.63222580356523 334.02830982930027 5.6339194555766872 21.160517693497241 40.221890153363347 19.881185951642692
leaf_count=149995 2749 16218 50307 657 560 3186 216 35361 521 47686 116010 16544 179325 2859 163978 73430 12761 104733 2305 469 13373 1308 614 7 2849 9103 801 115 410 430
internal_value=0.000238879 -0.00411794 -0.0105407 0.00744259 0.0139748 0.0109682 0.00695999 0.00531146 0.0191899 -0.00423414 -0.00572839 -0.00275836 -0.0164401 -0.0128828 -0.0182661 -0.0163543 -0.0142595 -0.0100344 0.00419397 0.00369549 0.000125998 -0.0116732 -0.00264809 -0.0232478 0.00835578 0.00679236 0.00267432 0.0110523 0.00413557 -0.00367742
internal_weight=5424.6 3380.33 2231.59 2044.28 501.285 373.445 252.458 1542.99 120.988 1079.57 817.52 480.625 1152.02 393.86 758.158 548.223 413.897 223.188 1312.91 1244.31 303.363 33.1556 25.2601 8.56731 1148.73 729.838 395.81 418.896 81.2636 41.0417
internal_count=1008880 947554 917628 61326 5140 4483 3402 56186 1081 230547 182861 66851 687081 182184 504897 340919 267489 117494 53437 51132 15771 2398 1090 621 29926 26122 17019 3804 955 545
is_linear=0
shrinkage=0.02


Tree=25
num_leaves=31
num_cat=0
split_feature=1 7 1 1 5 7 1 1 4 7 4 7 4 7 4 4 7 5 10 12 12 1 4 4 4 4 12 4 5 4
split_gain=455.189 527.501 241.132 75.4013 33.2838 30.1207 27.0818 25.9749 20.2715 18.5665 17.4342 31.9684 16.5909 22.7018 18.4085 22.9404 20.715 15.6535 20.008 15.497 15.4556 14.2248 12.2279 11.9149 15.4641 13.2336 11.0577 12.6283 16.4471 14.3095
threshold=0.014185110572725536 1.0000000180025095e-35 0.0085107926279306429 0.016261236742138866 1.5000000000000002 9.4565019607543963 0.0062696540262550124 0.01197647722437978 47.500000000000007 8.7624015808105487 24.500000000000004 6.5253655910491952 59.500000000000007 7.3681252002716073 56.500000000000007 57.500000000000007 22.78332614898682 4.5000000000000009 9.7500000000000018 4.5000000000000009 3.5000000000000004 0.016001024283468727 68.500000000000014 56.500000000000007 61.500000000000007 76.500000000000014 40.500000000000007 76.500000000000014 6.5000000000000009 47.500000000000007
decision_type=2 2 2 2 2 2 2 2 2 2 2 2 2 2 2 2 2 2 2 2 2 2 2 2 2 2 2 2 2 2
left_child=1 2 6 5 -5 9 26 8 -4 21 -6 -12 13 19 -15 -16 20 -13 22 -3 -17 -2 -19 -8 -25 -26 27 28 29 -1
right_child=3 12 7 4 10 -7 23 -9 -10 -11 11 17 -14 14 15 16 -18 18 -20 -21 -22 -23 -24 24 25 -27 -28 -29 -30 -31
leaf_value=-0.017169443548367191 0.0032256912207324333 0.014455964151529208 -0.0092200935608725554 0.022825996406731823 0.017823472829376998 0.013126644688151886 -0.014065583432797941 -0.00052291121408733524 -0.0014480784600955079 -0.033285836593332264 0.0040872130942586331 0.025147623720146374 0.0090123505242995817 0.006134247041895937 -0.030752874360989658 0.010744254458413227 0.01563915264937623 -0.035745777664666536 0.01979741099365178 -0.028632164822631059 -0.029138833038779871 0.0084889456216427628 0.014567340865212691 0.0040811829802515935 -0.018479345774949727 0.0029467675903932554 -0.021114345328598343 -0.022013500232544791 -0.02312118307361509 -0.0052569143355043028
leaf_weight=67.107427563518286 937.88000753894448 3.6754420856013921 376.77945631043985 136.32164617441595 112.58269817847759 173.91602961090393 354.48825867217965 597.41267870762385 209.92279555252753 4.2555357245728365 193.97682804428041 52.969376019202173 625.61622921493836 442.84230691497214 11.172010600101201 5.303217065986245 17.716456352733076 5.0878502475097802 10.907949157059191 12.530835456214843 9.8589857905171794 264.09703429811634 2.1024831905961037 36.818642552476376 39.698368282523006 15.532366846222429 388.56008592643775 95.74514246545732 50.396812619175762 104.03787691006437
leaf_count=47684 39676 139 117916 646 1079 1230 176898 64546 52751 131 3214 92 15357 10645 641 103 129 88 21 2470 818 4979 20 12853 19800 3322 294999 49549 41082 46757
internal_value=-7.74876e-05 -0.00438686 -0.00980945 0.00780352 0.01434 0.00535935 -0.016319 -0.00346423 -0.00644986 0.00422785 0.0112192 0.00834988 0.00683516 0.00411129 0.00490339 -0.00728756 0.00129919 0.0197388 0.00331582 -0.0184717 -0.0152637 0.00438989 -0.0208075 -0.0123949 -0.00585729 -0.0124729 -0.0187776 -0.0158523 -0.0130937 -0.0100121
internal_weight=5359.31 3465.22 2336.5 1894.1 513.949 1380.15 1152.38 1184.11 586.702 1206.23 377.627 265.044 1128.72 503.099 486.893 44.0507 32.8787 71.0677 18.0983 16.2063 15.1622 1201.98 7.19033 446.538 92.0494 55.2307 705.847 317.287 221.542 171.145
internal_count=1009635 958459 928157 51176 5160 46016 692944 235213 170667 44786 4514 3435 30302 14945 12336 1691 1050 221 129 2609 921 44655 108 212873 35975 23122 480071 185072 135523 94441
is_linear=0
shrinkage=0.02


end of trees

feature_importances:
popularity=186
pmi_sum=136
rank_current_utterance_top100=115
turn_number=76
rank_item2vec_top100=58
reciprocal_rank_sum=44
worst_rank=42
score_current_utterance_top100=41
best_rank=35
n_prior_accepts=19
rank_std=11
score_item2vec_top100=8
score_ratio=8
n_legs_containing=1

parameters:
[boosting: gbdt]
[objective: lambdarank]
[metric: ndcg]
[tree_learner: serial]
[device_type: cpu]
[data_sample_strategy: bagging]
[data: ]
[valid: ]
[num_iterations: 500]
[learning_rate: 0.02]
[num_leaves: 31]
[num_threads: -1]
[seed: 0]
[deterministic: 0]
[force_col_wise: 0]
[force_row_wise: 0]
[histogram_pool_size: -1]
[max_depth: -1]
[min_data_in_leaf: 30]
[min_sum_hessian_in_leaf: 0.001]
[bagging_fraction: 0.8]
[pos_bagging_fraction: 1]
[neg_bagging_fraction: 1]
[bagging_freq: 5]
[bagging_seed: 3]
[bagging_by_query: 0]
[feature_fraction: 0.7]
[feature_fraction_bynode: 1]
[feature_fraction_seed: 2]
[extra_trees: 0]
[extra_seed: 6]
[early_stopping_round: 0]
[early_stopping_min_delta: 0]
[first_metric_only: 0]
[max_delta_step: 0]
[lambda_l1: 0.1]
[lambda_l2: 1]
[linear_lambda: 0]
[min_gain_to_split: 0]
[drop_rate: 0.1]
[max_drop: 50]
[skip_drop: 0.5]
[xgboost_dart_mode: 0]
[uniform_drop: 0]
[drop_seed: 4]
[top_rate: 0.2]
[other_rate: 0.1]
[min_data_per_group: 100]
[max_cat_threshold: 32]
[cat_l2: 10]
[cat_smooth: 10]
[max_cat_to_onehot: 4]
[top_k: 20]
[monotone_constraints: ]
[monotone_constraints_method: basic]
[monotone_penalty: 0]
[feature_contri: ]
[forcedsplits_filename: ]
[refit_decay_rate: 0.9]
[cegb_tradeoff: 1]
[cegb_penalty_split: 0]
[cegb_penalty_feature_lazy: ]
[cegb_penalty_feature_coupled: ]
[path_smooth: 0]
[interaction_constraints: ]
[verbosity: -1]
[saved_feature_importance_type: 0]
[use_quantized_grad: 0]
[num_grad_quant_bins: 4]
[quant_train_renew_leaf: 0]
[stochastic_rounding: 1]
[linear_tree: 0]
[max_bin: 255]
[max_bin_by_feature: ]
[min_data_in_bin: 3]
[bin_construct_sample_cnt: 200000]
[data_random_seed: 1]
[is_enable_sparse: 1]
[enable_bundle: 1]
[use_missing: 1]
[zero_as_missing: 0]
[feature_pre_filter: 1]
[pre_partition: 0]
[two_round: 0]
[header: 0]
[label_column: ]
[weight_column: ]
[group_column: ]
[ignore_column: ]
[categorical_feature: ]
[forcedbins_filename: ]
[precise_float_parser: 0]
[parser_config_file: ]
[objective_seed: 5]
[num_class: 1]
[is_unbalance: 0]
[scale_pos_weight: 1]
[sigmoid: 1]
[boost_from_average: 1]
[reg_sqrt: 0]
[alpha: 0.9]
[fair_c: 1]
[poisson_max_delta_step: 0.7]
[tweedie_variance_power: 1.5]
[lambdarank_truncation_level: 20]
[lambdarank_norm: 1]
[label_gain: ]
[lambdarank_position_bias_regularization: 0]
[eval_at: ]
[multi_error_top_k: 1]
[auc_mu_weights: ]
[num_machines: 1]
[local_listen_port: 12400]
[time_out: 120]
[machine_list_filename: ]
[machines: ]
[gpu_platform_id: -1]
[gpu_device_id: -1]
[gpu_use_dp: 0]
[num_gpu: 1]

end of parameters

pandas_categorical:null
