tree
version=v4
num_class=1
num_tree_per_iteration=1
label_index=0
max_feature_idx=19
objective=lambdarank
feature_names=rank_biencoder_large_top100 score_biencoder_large_top100 rank_biencoder_top100 score_biencoder_top100 rank_bm25_norepeat score_bm25_norepeat rank_cf_bpr score_cf_bpr rank_decay_descending score_decay_descending rank_metadata_qwen3 score_metadata_qwen3 rank_pmi_leg score_pmi_leg popularity turn_number n_prior_accepts pmi_sum is_in_all_legs n_legs_containing
feature_infos=[0:101] [0:0.016393441706895828] [0:101] [0:0.016393441706895828] [0:101] [0:0.016393441706895828] [0:101] [0:0.016393441706895828] [0:101] [0:0.016393441706895828] [0:101] [0:0.016393441706895828] [0:101] [0:0.016393441706895828] [0:93] [1:8] [0:7] [0:56.329055786132812] [0:1] [1:7]
tree_sizes=7006 6948 6946 6910 6965

Tree=0
num_leaves=63
num_cat=0
split_feature=0 19 19 17 0 0 14 13 2 14 14 2 2 14 6 0 13 9 2 2 10 14 14 9 2 0 10 15 0 14 19 2 6 14 0 15 17 14 13 15 14 19 13 0 10 2 14 0 9 15 13 15 2 15 6 15 2 2 4 15 4 9
split_gain=3210.7 791.57 359.677 286.708 191.929 105.954 70.6774 63.2454 56.5872 48.3166 46.0625 40.6915 40.0573 41.186 37.2745 45.3163 36.5511 33.1965 24.028 23.4441 22.0716 20.6285 18.8469 18.6827 17.9098 16.4592 16.398 15.8896 15.4355 18.4166 14.8249 14.3736 13.6643 12.981 12.5114 12.0898 12.0138 19.5989 12.1383 12.0108 13.0691 11.8455 12.8044 11.8442 11.6698 11.4462 11.3901 11.242 10.9712 10.1057 9.66858 9.55047 9.47065 9.78793 9.32612 9.22513 12.0196 9.14105 13.6152 8.87375 8.78549 13.3759
threshold=29.500000000000004 2.5000000000000004 2.5000000000000004 4.7230169773101816 69.500000000000014 19.500000000000004 71.500000000000014 1.0000000180025095e-35 17.500000000000004 49.500000000000007 48.500000000000007 12.500000000000002 17.500000000000004 57.500000000000007 6.5000000000000009 80.500000000000014 1.0000000180025095e-35 0.015038444194942715 23.500000000000004 58.500000000000007 6.5000000000000009 57.500000000000007 70.500000000000014 0.013606071937829258 43.500000000000007 4.5000000000000009 4.5000000000000009 2.5000000000000004 36.500000000000007 29.500000000000004 1.5000000000000002 6.5000000000000009 4.5000000000000009 37.500000000000007 94.500000000000014 1.5000000000000002 11.97906017303467 69.500000000000014 0.013606071937829258 1.5000000000000002 37.500000000000007 1.5000000000000002 0.013072453904896976 92.500000000000014 5.5000000000000009 60.500000000000007 38.500000000000007 30.500000000000004 0.012579114176332952 4.5000000000000009 0.013423423748463394 1.5000000000000002 73.500000000000014 5.5000000000000009 11.500000000000002 4.5000000000000009 75.500000000000014 46.500000000000007 1.5000000000000002 3.5000000000000004 13.500000000000002 0.013423423748463394
decision_type=2 2 2 2 2 2 2 2 2 2 2 2 2 2 2 2 2 2 2 2 2 2 2 2 2 2 2 2 2 2 2 2 2 2 2 2 2 2 2 2 2 2 2 2 2 2 2 2 2 2 2 2 2 2 2 2 2 2 2 2 2 2
left_child=2 3 5 4 10 12 8 14 31 18 19 44 25 30 35 -16 17 21 -7 28 59 26 24 -20 -12 -1 27 -10 29 -2 51 -6 -13 -31 -23 57 37 38 -5 40 -28 42 -39 -8 -4 -11 -32 -9 -41 -47 -38 -14 53 -36 -54 -21 -57 -3 -59 -17 -22 -62
right_child=1 7 11 36 6 9 43 47 16 45 22 32 13 -15 15 20 -18 -19 23 55 60 34 -24 -25 -26 -27 39 -29 -30 33 46 -33 -34 -35 52 -37 50 41 -40 48 -42 -43 -44 -45 -46 49 -48 -49 -50 -51 -52 -53 54 -55 -56 56 -58 58 -60 -61 61 -63
leaf_value=0.071587352583508207 0.031829125560858026 0.046730417150804615 0.088899998285606296 -0.031389419192780495 0.016249127887111525 0.0073319563605489932 0.025464968935028753 -0.10000000000000001 0.066570571087616756 0.042884858391511127 0.010202789077832258 0.077581264595483479 -0.079049607014922724 0.059260760770267443 0.024983674024820799 0.060301590326914671 -0.10000000000000001 0.010296695301369002 -0.049907270065562163 -0.056474151309932996 -0.061185726260722523 -0.026851029679791322 0.027216879473905838 0.08544873591127744 -0.026035232568768198 0.042615922339926421 -0.070747200283357847 -0.099999999999999964 -0.032577359420459737 -0.099999999999999936 0.0054734228057116453 -0.035312037625476765 0.053740619471088963 -0.0081205995220917926 -0.026186167754309049 0.048554263863672807 -0.02726922747020016 0.050233518277969659 0.018703483612808037 -0.072853153148464841 -0.035575219162350888 0.075917699858213519 -0.034632119488784689 -0.023669788636232626 0.075534595584348371 0.01808539353492233 0.037095837117380702 0.059867221481025017 -0.049270436948588472 -0.06003931009383371 0.063631693280065016 -0.0041104192983285734 -0.021296995527789159 -0.075915137430404817 -0.077016673743383945 -0.08335187148232763 -0.033081514849218639 0.033541561675393211 -0.099999999999999978 -0.0082303752383700371 -0.049243891123777708 0.019397193198550239
leaf_weight=90.47107381693786 24.114392506860895 5.3679432189092022 358.92408749350579 20.556997795792995 20.433798646263313 31.896296806720784 17.158246281964239 1.1092550743487652 4.2709162619430563 40.300972449476831 48.002337332261959 83.874228842556477 4.7065448329376514 63.358676262432709 97.568006042158231 8.0190473254770058 80.561856821994297 14.395939451787852 68.631486838770797 132.63176461440162 28.753688118187711 44.170757928062812 30.52567049470963 2.6476707030087701 117.69198819914891 107.00961105251918 53.926683461439097 2.1536772588733584 107.77655961643904 5.3506270896759842 55.812744912953349 39.926797501539113 212.05837671122572 13.654599813453386 33.331926255108556 80.582262323936448 3.2579090566141558 12.07831428141799 29.372869010490831 797.10641172585019 51.763682511271327 17.527791044907644 7.0324385289568445 43.008185745537048 299.68284854281228 15.838845971971752 58.138073079753667 127.31864302261965 52.570986374557833 5.6038663207436903 28.650720208243001 43.978088136806036 8.5872493108909094 14.072453569446223 59.848173981125001 13.164089712488929 122.92378145252587 3.5470561927650124 4.132236200326588 11.493471459776627 18.183542789338393 11.640998875023795
leaf_count=6588 3288 298 6848 6767 7141 5615 3779 177 506 4825 8900 3331 3697 8767 11648 1057 61474 3514 25155 49143 11645 13403 7114 42 36763 13794 24318 1245 26055 1771 11744 18001 16099 2509 11063 11172 690 2030 7495 339862 18357 1409 3330 18660 13197 3830 9256 9285 19469 3291 2822 17504 2341 5960 24139 4576 45244 858 2269 4600 6119 2688
internal_value=0.000361271 -0.0349945 0.0569448 -0.0473985 -0.0519798 0.0261969 -0.0626162 0.0296144 -0.0651111 -0.00780265 -0.0288828 0.0758984 0.0394378 0.0250627 0.0158449 0.00226366 -0.0674553 -0.0651477 -0.0287385 -0.0382338 -0.0261231 -0.0661159 -0.00888578 -0.0448795 -0.0155369 0.0558885 -0.0688814 0.0107321 -0.0224623 0.00281992 0.0117401 -0.0178571 0.0604976 -0.0339878 -0.0494928 0.0413247 0.0281254 0.0184589 -0.00192064 -0.0694168 -0.0535211 0.0462316 0.0190044 -0.00965755 0.0828184 0.0271817 0.0216073 0.0584864 -0.0713941 -0.00233182 0.0543506 -0.0113551 -0.0581263 -0.0409487 -0.070025 -0.0470901 -0.0379443 -0.00332665 -0.0383173 0.0199342 -0.0414649 -0.0224522
internal_weight=4012.25 2469.32 1542.93 2071.6 1953.12 588.394 1337.29 397.716 1277.12 164.919 615.836 954.54 423.475 225.994 269.288 175.659 1216.76 1136.2 103.175 419.616 78.0907 1121.8 196.22 71.2792 165.694 197.481 961.792 6.42459 150.896 43.1196 162.635 60.3606 295.933 19.0052 160.011 93.6295 118.477 86.5684 49.9299 955.368 105.69 36.6385 19.1108 60.1664 658.607 61.7437 113.951 128.428 849.677 21.4427 31.9086 48.6846 115.84 47.4044 68.4354 268.72 136.088 13.0472 7.67929 19.5125 58.5782 29.8245
internal_count=998537 844954 153583 783138 758595 114108 573232 61816 550793 42758 185363 39475 71350 50968 52354 37757 525651 464177 30812 132586 26109 460663 52777 25197 45663 20382 403757 1751 33623 7568 42201 25142 19430 4280 56906 14597 24543 21031 14262 402006 42675 6769 5360 22439 20045 11946 21000 9462 359331 7121 3512 21201 43503 17023 26480 98963 49820 3425 3127 5657 20452 8807
is_linear=0
shrinkage=0.05


Tree=1
num_leaves=63
num_cat=0
split_feature=19 2 14 1 1 17 1 14 10 15 6 17 17 2 12 10 17 14 14 4 12 14 10 15 14 6 4 10 1 6 8 8 1 12 17 14 4 15 17 8 14 14 10 2 17 15 2 6 4 6 1 15 10 14 15 10 1 14 14 14 1 2
split_gain=2843.08 657.326 316.785 197.073 161.913 136.987 123.639 113.165 110.851 101.081 94.4189 85.2799 85.0035 80.8257 73.3499 71.7462 61.8169 55.4174 52.2878 47.8759 45.1493 43.6322 41.0975 40.6449 49.6181 46.989 60.0565 40.4023 45.9436 48.9919 50.3906 40.3224 38.9043 36.4909 39.9796 32.7741 32.177 32.1776 32.116 31.8001 30.3702 70.9045 31.558 29.9876 29.9307 29.2001 28.9666 27.2588 26.9919 28.1539 26.8829 26.6583 26.1057 44.5056 29.7161 25.9719 51.8064 28.6554 25.8758 30.9157 25.6896 25.5169
threshold=1.5000000000000002 3.5000000000000004 49.500000000000007 0.0072203108575195083 0.016001024283468727 15.610947132110597 0.0080322581343352812 73.500000000000014 18.500000000000004 4.5000000000000009 7.5000000000000009 5.9743168354034433 8.2669196128845233 28.500000000000004 18.500000000000004 60.000000000000007 13.959745883941652 82.500000000000014 51.500000000000007 60.000000000000007 60.000000000000007 72.500000000000014 18.500000000000004 3.5000000000000004 79.500000000000014 3.5000000000000004 60.000000000000007 1.5000000000000002 0.015749008394777778 4.5000000000000009 9.5000000000000018 11.500000000000002 0.013793759513646366 4.5000000000000009 10.247822284698488 26.500000000000004 60.000000000000007 4.5000000000000009 7.6249012947082528 6.5000000000000009 63.500000000000007 44.500000000000007 4.5000000000000009 35.500000000000007 10.902343273162844 3.5000000000000004 81.500000000000014 12.500000000000002 5.5000000000000009 16.500000000000004 0.013606071937829258 5.5000000000000009 4.5000000000000009 48.500000000000007 2.5000000000000004 3.5000000000000004 0.012422839645296337 42.500000000000007 48.500000000000007 54.500000000000007 0.0067797389347106227 8.5000000000000018
decision_type=2 2 2 2 2 2 2 2 2 2 2 2 2 2 2 2 2 2 2 2 2 2 2 2 2 2 2 2 2 2 2 2 2 2 2 2 2 2 2 2 2 2 2 2 2 2 2 2 2 2 2 2 2 2 2 2 2 2 2 2 2 2
left_child=2 4 6 16 10 7 12 8 19 44 -2 14 13 -1 -4 -6 23 60 33 27 -15 -20 -18 24 25 -3 31 45 29 35 -31 -27 -8 -10 36 39 51 -38 -17 -29 41 -12 -42 52 -9 -5 55 -21 -43 58 -49 -35 53 54 -30 56 -37 -58 -50 -60 -16 -7
right_child=1 3 11 5 15 61 32 9 18 -11 40 -13 -14 20 17 38 22 -19 21 47 -22 -23 -24 -25 -26 26 -28 28 43 30 -32 -33 -34 34 -36 46 37 -39 -40 -41 42 48 -44 -45 -46 -47 -48 50 49 -51 -52 -53 -54 -55 -56 -57 57 -59 59 -61 -62 -63
leaf_value=-0.027575700074128198 0.041045159041354973 0.022550090790965528 -0.093519169147341333 0.037324592769630405 0.061826246308880839 0.014255544192618198 -0.036261745128537297 0.056170207857335154 -0.055857677469116053 -0.020238816335142296 0.018626424015429608 0.014313453877396506 0.015744054684471449 -0.092193026826810895 -0.034429550527208662 0.032025506313919261 0.050887089496616793 0.033618940774178811 0.010963159021646443 0.042385853290771852 -0.063380585767363454 -0.10093549755100567 -0.01140310780035291 -0.026110795769638342 0.049539862911596899 -0.021081591209966975 0.00036860119582745118 0.02744248734467556 -0.10183651222449452 0.022414575316152312 -0.0055856409544366818 -0.080227305795374598 0.010303141931557527 -0.023510679185813704 0.043290700418541397 0.0085021535416952548 -0.010967561687607911 0.003091548599853776 -0.10221443813187248 -0.039304353231758508 -0.1022643010550129 -0.10232285923401452 0.046940291245629977 -0.10257177252077967 -0.051259257485274989 0.012100410991014773 -0.0837466072254692 -0.0018026498403063331 -0.10251399567266029 -0.034124154587272658 0.032270809006780414 -0.10210032364802286 0.047406513956527785 -0.10287495340140536 0.034847436181234669 -0.0039172469029671369 -0.034526964202658647 -0.10233955378367737 0.065170381718055587 -0.049771848743860141 -0.016669885125447991 0.041340257043352473
leaf_weight=145.78818817459978 587.90204823878594 80.912125395843759 38.097941766027361 211.77291358378716 732.51908277068287 111.06666309246793 405.63089677807875 228.18185948184691 34.841776416869834 58.697463570162654 405.9140763906762 157.05120521178469 35.260899957967922 154.72592147625983 404.63255069684237 215.07058595167473 58.951410372974351 41.679113422753289 849.24701399717014 213.97069657873362 1121.4226725159679 8.8018880595918727 48.073659660294652 536.72109865839593 37.896167389582843 63.729598887264729 145.48451972706243 77.848920553456992 4.3379812072962514 376.69424391421489 280.2056177018676 52.60076053137891 50.433105407049879 78.438579952577129 43.256160650635138 39.495729341404513 794.19915395916905 834.74707416549791 4.5497659887187174 23.151369257830083 3.7028729142621151 10.260455506853758 82.561607931973413 4.1714392609428605 6.6731182278599581 250.38775327336043 17.331549067748711 100.81350569438655 3.8221760042943052 78.619613780174404 135.95026034547482 12.511698996648191 111.66607616958208 8.0496727656573039 47.715405263006687 153.2554551307112 35.24214101023972 27.920608867891133 22.650042770896111 7.8871419299393883 409.89499741373584 400.65147456841078
leaf_count=31572 2481 3058 12179 1103 2145 811 91212 3129 1059 2189 6836 12648 2686 52398 104856 1688 784 3649 36852 2037 308267 723 1034 63089 706 6206 13907 482 49 5382 6506 9151 9036 2332 613 409 56698 62465 117 266 45 129 1121 135 152 1956 365 3208 81 2572 1527 750 710 93 188 1448 262 292 112 135 56456 3990
internal_value=0.000607845 0.0149297 -0.0417165 0.00710634 0.0389052 0.0108062 -0.0538324 0.00831751 0.00646548 0.0384497 0.0267153 -0.0196679 -0.0609431 -0.0628448 -0.0256354 0.054311 -0.0130524 -0.0226149 -0.000339958 0.0149917 -0.0668739 0.0098153 0.0229075 -0.0172478 -0.00475002 -0.010753 -0.0210451 0.0110873 0.006274 0.00224464 0.0104709 -0.0478253 -0.0311124 -0.00518631 -0.00418499 -0.0121946 -0.00537902 -0.00376303 0.0292445 0.0121427 0.0130262 0.00854147 0.0405357 0.0298891 0.0531177 0.0236587 -0.0211904 0.0294515 -0.0246754 -0.0176236 0.0177624 -0.034322 0.033106 0.00653685 0.0234566 -0.0169539 -0.0364158 -0.064503 0.0201321 0.0354831 -0.0254923 0.0354616
internal_weight=11725.7 8761.12 2964.62 6605.66 2155.46 5581.3 1913.26 5069.58 4776.02 293.552 1203.32 1051.36 1457.2 1421.94 894.305 952.139 1024.37 856.207 2656.04 2119.98 1276.15 858.049 107.025 917.344 380.623 342.727 261.815 1669.25 1207.09 1031.15 656.9 116.33 456.064 1797.99 1763.15 374.246 1719.9 1628.95 219.62 101 615.418 529.154 86.2645 175.941 234.855 462.161 273.245 450.734 123.239 112.979 236.764 90.9503 171.769 60.1031 52.0534 255.914 102.658 63.1627 34.3594 30.5372 814.528 511.718
internal_count=998537 313578 684959 296116 17462 198181 495171 193380 187910 5470 13512 189788 394923 392237 177140 3950 97935 164961 161492 26418 360665 37575 1818 96117 33028 32322 29264 19646 16587 15412 11888 15357 100248 123917 122858 3524 122245 119163 1805 748 11031 9865 1166 1175 3281 3059 2776 6772 3029 2900 4735 3082 1040 330 237 2411 963 554 328 247 161312 4801
is_linear=0
shrinkage=0.05


Tree=2
num_leaves=63
num_cat=0
split_feature=19 19 14 2 0 10 17 0 17 19 2 17 4 10 7 0 15 0 7 14 2 14 14 8 3 8 15 14 0 17 15 0 14 14 14 17 0 0 0 2 0 3 14 17 14 9 2 15 0 17 1 0 15 0 14 14 14 14 10 4 17 10
split_gain=2991.09 836.691 258.763 222.796 186.178 162.278 141.846 81.9571 65.1658 64.0748 64.0556 64.7932 59.5704 70.226 60.2899 52.0914 66.6863 51.5325 49.8941 46.3406 46.8487 44.7759 35.4764 32.8994 32.3308 30.674 29.1664 42.283 26.6302 26.349 25.9144 25.323 25.3056 24.9438 24.3403 24.215 24.4329 35.098 25.4595 23.8244 28.9271 28.8277 23.497 23.3986 23.2142 36.5653 23.4056 22.3413 23.2897 21.9802 20.7524 20.6376 20.4459 20.3151 23.2194 67.9455 24.9488 27.0867 27.1449 31.8013 26.9301 26.9247
threshold=1.5000000000000002 3.5000000000000004 49.500000000000007 8.5000000000000018 7.5000000000000009 3.5000000000000004 5.0128729343414316 63.500000000000007 8.432256221771242 2.5000000000000004 28.500000000000004 8.6628665924072283 60.000000000000007 10.500000000000002 0.015504807699471714 75.500000000000014 1.5000000000000002 15.500000000000002 0.015749008394777778 78.500000000000014 32.500000000000007 74.500000000000014 54.500000000000007 2.5000000000000004 0.0071175277698785075 6.5000000000000009 2.5000000000000004 72.500000000000014 6.5000000000000009 32.633850097656257 5.5000000000000009 72.500000000000014 26.500000000000004 68.500000000000014 82.500000000000014 8.3681240081787127 74.500000000000014 25.500000000000004 37.500000000000007 83.500000000000014 1.0000000180025095e-35 0.0075472774915397176 76.500000000000014 23.071245193481449 54.500000000000007 0.015504807699471714 1.0000000180025095e-35 5.5000000000000009 54.500000000000007 36.651769638061531 0.013245614245533945 85.500000000000014 5.5000000000000009 13.500000000000002 35.500000000000007 38.500000000000007 61.500000000000007 45.500000000000007 5.5000000000000009 16.500000000000004 11.483613014221193 8.5000000000000018
decision_type=2 2 2 2 2 2 2 2 2 2 2 2 2 2 2 2 2 2 2 2 2 2 2 2 2 2 2 2 2 2 2 2 2 2 2 2 2 2 2 2 2 2 2 2 2 2 2 2 2 2 2 2 2 2 2 2 2 2 2 2 2 2
left_child=2 4 7 5 9 26 12 -1 17 34 -9 -12 23 -14 19 18 -17 30 29 20 25 -19 35 -6 -21 -15 -3 28 44 -5 -4 42 -18 -11 39 -8 37 -37 -39 40 -2 -42 -27 51 -28 -46 49 48 -23 -47 -32 -10 -25 54 -7 -56 57 -57 -59 60 -60 -61
right_child=1 3 8 15 6 53 22 10 43 33 11 -13 13 14 -16 16 32 21 -20 24 -22 47 -24 52 -26 31 27 -29 -30 -31 50 -33 -34 -35 -36 36 -38 38 -40 -41 41 -43 -44 -45 45 46 -48 -49 -50 -51 -52 -53 -54 -55 55 56 -58 58 59 61 -62 -63
leaf_value=-0.036022030408446606 0.025621068361176259 0.065248086492911334 0.020743843310981124 0.016460452756221728 0.026582916309121241 0.039576721396778827 -0.064762934639589653 -0.027659216938087074 0.080809712244298615 0.038063779173789891 -0.065635915940129061 -0.0021452323589493676 0.039873557300954862 0.050313707378853392 0.05165504862224566 -0.051385230096912385 0.039698009622246885 -0.036398246164056854 0.037494048906517571 -0.10188423765840685 -0.021781293889643345 -0.058410644269474711 0.026040072359099622 -0.035511230657194824 0.033041103557600045 -0.0056709632999382342 0.058321168586526376 -0.10406118087593806 0.032875923163167647 0.055285488507901728 0.048616964765691599 -0.043931380415680385 0.0033233317357822534 -0.035082626429936092 -0.10454364490205109 0.017659292340634909 0.037268162867856218 -0.10134732245668268 -0.018911862357900086 0.048571739003458146 -0.10189245235966107 0.0037036793998133522 -0.10409364046391092 0.063726898978028551 -0.10474942965122876 -0.10488174357790758 0.05277610931877446 -0.041094950994134113 0.012217986782587469 0.068328302847909236 -0.072819006815135826 -0.0045352927762444392 -0.075148707175200669 0.012348152126883019 -0.047126223176477106 0.036388088488560989 0.046718520765339902 0.036464460913169933 -0.063950336367786034 -0.10355407419764232 0.021988610595407004 0.025315366211056851
leaf_weight=478.00806320644915 177.38810460455716 437.48447933187708 76.573441761313006 1183.644562170608 16.196459516882896 421.10138653451577 14.023318268358706 137.97287318995222 7.7831095508299759 322.30042643542401 1219.2194162083324 41.55319609423168 68.832498706644401 23.084622669499367 37.235335259698331 50.51026811497286 60.277134709991515 691.48795036412776 441.26647685631178 4.7211363210808477 992.84478784620296 13.163870285497977 347.32406003330834 99.419729952467605 74.521929268259555 992.82556907378603 522.23692329972982 4.4840532098896793 175.27702502789907 45.375132662709802 4.6158887525089112 46.72669066558592 231.2564143689815 12.092415435239671 4.6679099136963478 62.233998781768605 40.467230534413829 12.106674150796605 41.376669277437031 38.03161872504279 6.5387013566214582 560.39489252923522 6.1013082275167099 19.528298249468207 5.0321693164296439 5.0088099371641865 39.380513745825738 35.530999059323221 102.98514246218838 2.8874311000108719 14.793520749546586 78.794002574402839 48.35822843760252 172.71755820931867 31.858703720383346 140.17040165793151 131.10278803296387 49.55878344271332 32.674389815889299 4.3785531446337691 12.643231998663394 54.536278612911701
leaf_count=100248 2058 1205 3756 21693 1457 2681 1501 31598 143 3290 360960 2365 2195 308 801 9447 2184 160940 3931 463 112136 1711 8731 15529 1438 55342 1690 99 1249 248 145 8687 14172 246 105 1218 1776 645 1179 845 628 14390 261 165 121 57 154 5640 10387 4 1661 5240 13129 2540 445 967 834 279 549 71 93 507
internal_value=0.000717652 0.0160264 -0.0427914 0.0315097 -0.000240979 0.042348 -0.00687511 -0.0538956 -0.0228538 0.017083 -0.0600037 -0.0635434 -0.0119736 -0.00985042 -0.0114218 0.0194316 0.00165459 -0.0270501 0.023072 -0.0125189 -0.0139612 -0.0310018 0.0168759 -0.0410675 0.0250025 -0.00669638 0.0549773 0.0490204 0.0499359 0.0178939 0.00766375 -0.00795498 0.0108441 0.0354186 0.00929252 -0.00182443 0.00382662 -0.00786814 -0.0375722 0.00997173 0.00799943 0.00248579 -0.00627212 0.0142884 0.0551404 0.023384 0.0370227 -0.00640021 0.00421322 -0.0415437 -0.0439395 0.00313705 -0.048482 0.0280235 0.031107 0.0233012 0.0285798 0.0204902 0.00600029 -0.00848433 -0.0399741 0.0157378
internal_weight=11226.7 8304.68 2922.01 4254.86 4049.81 2242.53 2928.4 1876.75 1045.26 1121.41 1398.75 1260.77 2410.87 2246.89 2178.06 2012.33 342.044 939.151 1670.29 2140.83 2061.58 843.168 517.532 163.974 79.2431 1068.74 1191.79 754.307 749.823 1229.02 95.9829 1045.65 291.534 334.393 787.021 170.208 156.185 115.717 53.4833 782.353 744.322 566.934 998.927 106.105 574.546 52.3089 47.2768 151.68 116.149 7.89624 19.4094 86.5771 147.778 1050.74 878.025 456.923 425.064 293.962 153.791 104.232 45.3176 58.9148
internal_count=998537 313578 684959 65220 248358 13545 226796 495171 189788 21562 394923 363325 211746 181631 179436 51675 25803 184240 25872 178635 176734 178678 15050 30115 1901 64598 4579 3374 3275 21941 5562 64290 16356 3536 18026 6319 4818 3042 1824 17921 17076 15018 55603 5548 2026 336 215 17738 12098 61 1806 5383 28658 8966 6426 3745 3300 2466 1499 1220 642 578
is_linear=0
shrinkage=0.05


Tree=3
num_leaves=63
num_cat=0
split_feature=19 19 0 17 0 0 17 2 10 0 12 2 2 0 6 17 2 0 12 9 0 12 10 0 17 2 12 17 17 2 0 2 6 10 4 9 6 4 0 9 9 17 6 2 4 6 4 9 2 12 2 17 19 2 17 2 9 2 0 6 4 9
split_gain=2750.06 661.831 274.208 219.303 162.402 156.73 108.491 101.309 78.4111 65.3392 64.6085 54.8214 43.5798 46.2105 42.0417 41.7902 46.2004 40.2998 36.7029 50.7424 35.9791 32.8734 33.8308 31.2225 30.7366 27.7671 26.4617 40.2161 31.1033 25.6031 25.1862 24.2653 28.3719 40.0088 23.7642 35.6177 24.9294 23.4291 23.3073 29.8273 27.0656 22.54 22.0044 21.3555 21.2108 50.8184 21.1955 22.4586 21.1459 20.8866 44.6897 37.7663 28.3005 30.1003 21.5522 20.8112 19.8141 19.6091 22.51 19.5865 24.3408 26.0934
threshold=1.5000000000000002 3.5000000000000004 15.500000000000002 4.7230169773101816 21.500000000000004 85.500000000000014 5.0128729343414316 20.500000000000004 2.5000000000000004 16.500000000000004 60.000000000000007 6.5000000000000009 54.500000000000007 1.0000000180025095e-35 2.5000000000000004 27.645013809204105 5.5000000000000009 60.500000000000007 60.000000000000007 0.015038444194942715 22.500000000000004 8.5000000000000018 11.500000000000002 4.5000000000000009 11.084314346313478 2.5000000000000004 1.5000000000000002 23.071245193481449 24.033536911010746 100.00000000000001 2.5000000000000004 63.500000000000007 14.500000000000002 16.500000000000004 13.500000000000002 0.014185110572725536 60.000000000000007 16.500000000000004 64.500000000000014 0.013793759513646366 0.014389234129339458 6.103785753250123 11.500000000000002 65.500000000000014 7.5000000000000009 15.500000000000002 11.500000000000002 0.014185110572725536 4.5000000000000009 11.500000000000002 13.500000000000002 16.366114616394047 2.5000000000000004 66.500000000000014 10.499359607696535 98.500000000000014 0.015038444194942715 79.500000000000014 35.500000000000007 14.500000000000002 9.5000000000000018 0.016001024283468727
decision_type=2 2 2 2 2 2 2 2 2 2 2 2 2 2 2 2 2 2 2 2 2 2 2 2 2 2 2 2 2 2 2 2 2 2 2 2 2 2 2 2 2 2 2 2 2 2 2 2 2 2 2 2 2 2 2 2 2 2 2 2 2 2
left_child=3 4 7 5 15 9 14 8 30 -1 -7 -12 59 -14 -6 16 23 55 -4 31 -21 -10 -23 -2 37 -8 27 -5 -29 49 -3 32 -20 38 35 -19 -36 44 39 -34 -41 43 -25 -27 -24 46 -46 -48 -44 50 -18 -52 54 -54 -51 -16 -38 -43 -59 -9 61 -61
right_child=1 2 18 26 6 10 25 12 21 -11 11 -13 13 -15 17 -17 29 34 19 20 -22 22 24 42 -26 41 -28 28 -30 -31 -32 -33 33 -35 36 -37 56 -39 -40 40 -42 57 48 -45 45 -47 47 -49 -50 52 51 -53 53 -55 -56 -57 -58 58 -60 60 -62 -63
leaf_value=-0.0037587508065861108 0.027790968740085083 0.058870368664399403 0.022997421518230747 -0.10249848675203524 0.030667549938685864 -0.084300970893575577 0.065393829720673632 0.0051757182644923422 0.048409739277870026 -0.036620727056333222 0.009967327126935311 -0.053823702296197068 0.071341388353711302 -0.065182364070730928 -0.012731690889610859 0.064920285789615242 -0.1043436098827128 -0.084478487556456539 0.011329198502649818 0.039701423656944013 0.0092858196668108156 0.035757207888978709 0.029269340265556738 0.055403756431126897 -0.1014542715940068 0.075745870958779549 0.013342456234276238 0.080312446117544109 -0.1037951637079762 0.03707445853342884 0.043232697309486874 -0.023524203124610038 -0.10013832704001596 0.012963254728171274 0.0034151809083826819 -0.013448127051433846 -0.031637839793137251 0.028558400860057471 0.018433233036494797 0.015594823221013653 -0.10231307493294811 -0.0067330344802290351 -0.010615540845029733 -0.0064835806627167123 -0.060632399697740286 -0.075740655380074295 0.039133982845288254 -0.10398111247680208 0.028677708325332479 -0.0010644110580597249 0.026611807361145753 -0.10307107471228019 0.020013331719525213 -0.10235790162167176 0.072933897377105747 0.028310236271609231 0.022740833963243459 -0.1008466772556727 0.019540371574666524 -0.10274677484739458 0.049485872486217899 0.051706192024355446
leaf_weight=184.45814158394933 452.06423729704693 604.94782905722968 502.37624294951092 12.895970105193557 45.923304290277883 177.15685108862817 23.613432324957103 123.15694977669045 316.4804002949968 840.47056346922182 34.541790144285187 1349.8436508800369 7.6362641477026036 32.912652944680303 822.44926460459828 34.792904993984848 14.115698250476269 42.807539055123925 240.28174278396182 134.87259211554192 348.36616083956324 779.96057058952283 40.002854938386008 19.060056571848691 5.4301558551378539 23.16278251260519 187.77872338390443 7.9397766664624196 3.2262086654081941 56.645567697007209 448.3035177635029 130.96457284118515 25.088388117495924 51.209667964838445 68.341404314851388 30.029769369866699 382.89792517502792 204.99013367947191 10.911016297526656 15.658259685151281 7.0623213658109298 166.3335958509706 140.11028663557954 11.979311767499892 8.0131180181633663 23.881847647950053 36.866174931172282 2.9614746370352796 45.313373358221725 905.26101073180325 28.32319591473788 7.0019791889935723 278.85083328653127 5.1174079473130396 9.9479602416977269 32.09263381222263 17.518038890557364 3.9683568705804637 180.29327505617402 5.892768348567186 63.700575622264296 5.1021126769483089
leaf_count=20412 4649 1590 7201 1570 1423 63523 171 1736 2046 191799 6096 385169 42 1001 80800 186 441 13669 5424 1082 12769 6111 385 118 152 263 16311 16 63 1138 2356 14104 1610 1755 8512 4842 63791 2090 732 347 333 6432 4551 450 198 596 404 95 1057 40986 579 194 4909 299 91 2292 1089 330 5096 249 766 46
internal_value=0.000788222 0.015671 0.0294528 -0.0418929 0.000710887 -0.0458987 -0.00995611 0.0388772 0.0418794 -0.0307065 -0.0558703 -0.0522321 0.00774958 -0.0394719 -0.0164048 0.0106022 0.00963884 -0.0179532 0.0120389 0.00633041 0.0177749 0.034206 0.0301273 0.0204577 0.0164964 0.0127613 0.00701664 -0.0423498 0.0271179 0.00419697 0.0522144 -0.0051631 0.0017032 -0.0193371 -0.0286237 -0.0551937 -0.0244952 0.0185187 -0.0475062 -0.062555 -0.0210549 0.00953936 0.0042455 0.0477153 9.80854e-05 -0.016172 0.0135643 0.0284923 -0.00101315 0.00270543 -0.029143 0.000906716 0.00401851 0.0178081 -0.000260079 -0.0111903 -0.0292588 0.00571278 0.0169477 0.0174274 0.0376278 -0.0310737
internal_weight=10823.4 8025.05 4177.03 2798.31 3848.02 2586.47 1851.41 2710.24 2471.84 1024.93 1561.54 1384.39 238.401 40.5489 1442.06 1996.6 1961.81 1396.14 1466.79 964.415 483.239 1418.59 1102.11 656.548 322.146 409.351 211.841 24.062 11.166 1305.26 1053.25 481.176 350.211 109.93 541.595 72.8373 468.757 316.716 58.72 47.809 22.7206 385.737 204.484 35.1421 111.725 71.7226 47.8408 39.8276 185.424 1248.62 49.4409 35.3252 1199.18 283.968 915.209 854.542 400.416 350.595 184.262 197.852 74.6955 10.9949
internal_count=998537 313578 65220 684959 248358 666999 189160 19863 16023 212211 454788 391265 3840 1043 176418 59198 59012 174995 45357 38156 13851 12077 10031 10375 3920 12742 17960 1649 79 48637 3946 24305 10201 4777 91903 18511 73392 3768 3022 2290 680 12571 5726 713 1678 1293 697 499 5608 47499 1214 773 46285 5208 41077 83092 64880 11858 5426 2797 1061 295
is_linear=0
shrinkage=0.05


Tree=4
num_leaves=63
num_cat=0
split_feature=19 19 0 14 0 17 0 14 6 0 2 14 17 2 10 12 14 2 17 12 0 10 14 17 14 19 14 2 12 6 14 0 0 10 12 14 6 2 17 10 14 2 14 6 14 14 10 14 14 17 14 14 17 14 17 6 12 17 14 17 14 0
split_gain=2492.6 668.241 296.591 242.102 107.763 94.8287 92.2403 90.1282 89.6688 57.2036 52.402 46.8668 43.3006 43.169 43.086 37.1638 36.5588 36.1106 34.7647 47.379 33.8527 33.828 32.5711 29.8219 27.469 27.1047 26.0414 25.9938 25.5829 25.2369 35.8326 24.9764 24.0245 23.4409 22.6934 22.4349 21.8682 21.2173 21.0927 24.7966 20.7494 20.2153 19.8564 18.9928 20.7522 18.5212 18.4547 18.0167 17.1462 17.0825 26.2881 20.0354 16.9627 16.7968 16.6812 28.9982 28.0187 24.9397 24.7948 24.3993 22.9313 16.4805
threshold=1.5000000000000002 2.5000000000000004 17.500000000000004 61.500000000000007 21.500000000000004 8.2669196128845233 65.500000000000014 54.500000000000007 2.5000000000000004 1.5000000000000002 28.500000000000004 71.500000000000014 18.12292575836182 2.5000000000000004 17.500000000000004 3.5000000000000004 80.500000000000014 5.5000000000000009 7.3681252002716073 17.500000000000004 79.500000000000014 1.5000000000000002 68.500000000000014 14.661421298980715 69.500000000000014 5.5000000000000009 40.500000000000007 1.5000000000000002 60.000000000000007 14.500000000000002 10.500000000000002 15.500000000000002 69.500000000000014 13.500000000000002 8.5000000000000018 29.500000000000004 12.500000000000002 51.500000000000007 9.2192592620849627 12.500000000000002 34.500000000000007 29.500000000000004 80.500000000000014 17.500000000000004 1.0000000180025095e-35 69.500000000000014 4.5000000000000009 44.500000000000007 46.500000000000007 13.420090675354006 34.500000000000007 58.500000000000007 10.841706275939943 77.500000000000014 5.0128729343414316 16.500000000000004 1.0000000180025095e-35 20.189434051513675 80.500000000000014 5.3730382919311532 78.500000000000014 13.500000000000002
decision_type=2 2 2 2 2 2 2 2 2 2 2 2 2 2 2 2 2 2 2 2 2 2 2 2 2 2 2 2 2 2 2 2 2 2 2 2 2 2 2 2 2 2 2 2 2 2 2 2 2 2 2 2 2 2 2 2 2 2 2 2 2 2
left_child=3 4 8 5 11 6 26 15 -3 27 -8 17 13 -4 -9 -6 20 35 19 -5 45 40 23 41 31 29 -1 46 -12 30 37 -21 -17 53 42 -2 -36 -23 39 -31 -22 -19 -11 -43 -45 -15 -10 -37 -30 50 52 -51 -7 -32 58 56 -56 -57 60 -58 -16 -28
right_child=1 2 12 18 7 49 10 14 9 34 28 -13 -14 16 54 32 -18 22 -20 24 21 25 -24 -25 -26 -27 61 -29 48 38 33 -33 -34 -35 36 47 -38 -39 -40 -41 -42 43 -44 44 -46 -47 -48 -49 -50 51 -52 -53 -54 -55 55 57 59 -59 -60 -61 -62 -63
leaf_value=-0.041703162106291103 0.02724907268314954 0.047043011672318696 0.037060718872769002 -0.078608130643482238 0.039015824216451458 0.058021358102394373 -0.029203919592178385 -0.080447348706880084 0.061042344571769949 0.03645741240488818 -0.078827129269471052 0.035459440761474413 0.030077890706312324 0.0059313862595088487 -0.0043817991767272912 -0.020737758790361507 0.043016735358577779 0.0017305799040864102 0.019584626568336858 0.012894340216273191 0.041330971604979304 0.022273326075784097 -0.07809356384212375 0.057797676960815003 0.00095266404402944099 -0.10212637819753929 0.0066468202740948435 0.031475614087581878 -0.06059478405071448 -0.061900195686015951 0.010690254650847305 -0.035025121213582477 -0.039098097144009768 -0.030936408760399183 0.027596379256362203 -0.010499069199836744 0.0145686384405459 -0.10131108901328566 -0.10349245285245773 -0.0063102673687207445 -0.0036310760587198658 0.056276753766839376 -0.10396155593251606 -0.071260305629657295 -0.013623389134952632 0.030620980099134498 0.037084729589793225 0.016719824703271279 -0.046940090786984537 0.046539181121236776 -0.04340120241790682 -0.10107217681405006 -0.099967275976086553 -0.10007534656045575 0.06720228651650724 0.031814756943044066 0.078954435394221867 -0.10274444693275644 0.03644415386499069 -0.10432656824029518 -0.10166451726092801 -0.026653411818023828
leaf_weight=342.81945372372866 181.27830934431404 1014.9698020198848 108.31778158387169 27.707760038087144 22.371481313835829 13.626026526559142 158.81107084080577 14.980303178774191 200.57611494930461 350.43830474186689 152.84112325077876 114.26510275015607 223.96163211972453 882.15339077240787 247.39139719353989 590.79579006321728 58.731136871967465 526.0637835218804 85.368520060088485 33.732388395350426 46.641275744419545 4.5844769398681828 14.547418962698428 19.930927004665136 216.2920265335124 8.8859417997300607 46.285815522773191 317.81194556807168 903.16256412351504 32.299517465755343 176.33718097186647 140.25279479799792 255.1019131699577 47.546227028593421 649.89770490559749 113.87020765128545 638.67192963208072 14.324793197913095 10.189115045592187 52.940384556539357 57.041331438813359 9.1207762262783927 2.5358329424634567 16.601623719092458 263.37326419376768 83.116236279718578 134.13937343284488 130.43609469383955 308.40886526484974 29.552631305996329 26.748057755175978 2.4926767121069124 1.9409682895056892 3.4903503111563614 4.6131325662136105 123.72908073524013 2.1569355409592381 3.5421189763583234 38.204462821129709 11.483308805618433 6.209599651861935 188.34048930252902
leaf_count=80559 2778 4503 1146 9053 593 586 38368 3262 402 3321 58658 1881 2441 25314 26699 75096 1082 20978 5462 1311 1110 161 835 76 31570 641 5248 2289 281373 6730 13380 37714 50437 4568 7083 2651 10448 2100 562 8126 3152 135 80 2267 16063 1423 799 2576 88633 553 3388 170 271 430 44 3274 17 169 959 805 692 42042
internal_value=0.000896276 0.0151392 0.0257669 -0.0407399 -0.00493751 -0.0479715 -0.0499358 -0.0151648 0.0346688 0.0291941 -0.0563867 0.00478255 0.00949732 0.00659221 0.00293308 -0.0245925 0.00435969 0.00203377 -0.00949135 -0.0154298 0.00276033 -0.00849488 -0.00392107 -0.00262897 -0.0109444 -0.0159147 -0.032919 0.041717 -0.0595507 -0.0136729 -0.0052146 -0.0257345 -0.0262748 0.000285353 0.0242161 0.013922 0.0211393 -0.0713485 -0.0355019 -0.0273747 0.016595 -0.00410642 0.0354486 -0.0147279 -0.0170411 0.00805733 0.0514412 0.00403321 -0.0571189 0.00751858 -0.0133364 0.0350571 0.0383226 0.00854036 0.0057892 0.0196171 -0.0393188 0.0280698 -0.00110685 -0.0753443 -0.00676384 -0.0200841
internal_weight=10508.1 7829.67 5119.6 2678.38 2710.07 2175.03 2100.67 1320.58 3309.04 2294.07 1523.22 1389.49 1810.56 1586.6 452.31 868.269 1478.28 1275.22 503.353 417.985 1419.55 454.281 849.638 835.09 390.277 350.598 577.446 652.527 1364.41 341.712 246.283 173.985 845.898 227.374 1641.54 425.585 1288.57 18.9093 95.429 85.2399 103.683 815.159 352.974 289.096 279.975 965.27 334.715 244.306 1211.57 74.3604 42.3151 32.0453 15.567 179.828 437.33 145.525 18.2534 127.271 291.805 13.6402 253.601 234.626
internal_count=998537 313578 101291 684959 212287 599849 594881 162047 28925 24422 467032 50240 72366 69925 35921 126126 68779 48359 85110 79648 67697 40960 40354 39519 70595 36698 127849 3490 428664 36057 20639 39025 125533 18378 20932 8005 17531 2261 15418 14856 4262 39443 3401 18465 18330 26737 1201 5227 370006 4968 4245 723 857 13810 32659 4309 866 3443 28350 822 27391 47290
is_linear=0
shrinkage=0.05


end of trees

feature_importances:
popularity=58
rank_biencoder_large_top100=41
rank_biencoder_top100=40
pmi_sum=36
rank_metadata_qwen3=22
rank_cf_bpr=19
turn_number=19
n_legs_containing=14
rank_bm25_norepeat=13
rank_pmi_leg=13
score_decay_descending=12
score_biencoder_large_top100=9
rank_decay_descending=5
score_pmi_leg=5
score_biencoder_top100=2
score_cf_bpr=2

parameters:
[boosting: gbdt]
[objective: lambdarank]
[metric: ndcg]
[tree_learner: serial]
[device_type: cpu]
[data_sample_strategy: bagging]
[data: ]
[valid: ]
[num_iterations: 300]
[learning_rate: 0.05]
[num_leaves: 63]
[num_threads: -1]
[seed: 0]
[deterministic: 0]
[force_col_wise: 0]
[force_row_wise: 0]
[histogram_pool_size: -1]
[max_depth: -1]
[min_data_in_leaf: 10]
[min_sum_hessian_in_leaf: 0.001]
[bagging_fraction: 0.8]
[pos_bagging_fraction: 1]
[neg_bagging_fraction: 1]
[bagging_freq: 5]
[bagging_seed: 3]
[bagging_by_query: 0]
[feature_fraction: 0.8]
[feature_fraction_bynode: 1]
[feature_fraction_seed: 2]
[extra_trees: 0]
[extra_seed: 6]
[early_stopping_round: 0]
[early_stopping_min_delta: 0]
[first_metric_only: 0]
[max_delta_step: 0]
[lambda_l1: 0]
[lambda_l2: 0]
[linear_lambda: 0]
[min_gain_to_split: 0]
[drop_rate: 0.1]
[max_drop: 50]
[skip_drop: 0.5]
[xgboost_dart_mode: 0]
[uniform_drop: 0]
[drop_seed: 4]
[top_rate: 0.2]
[other_rate: 0.1]
[min_data_per_group: 100]
[max_cat_threshold: 32]
[cat_l2: 10]
[cat_smooth: 10]
[max_cat_to_onehot: 4]
[top_k: 20]
[monotone_constraints: ]
[monotone_constraints_method: basic]
[monotone_penalty: 0]
[feature_contri: ]
[forcedsplits_filename: ]
[refit_decay_rate: 0.9]
[cegb_tradeoff: 1]
[cegb_penalty_split: 0]
[cegb_penalty_feature_lazy: ]
[cegb_penalty_feature_coupled: ]
[path_smooth: 0]
[interaction_constraints: ]
[verbosity: -1]
[saved_feature_importance_type: 0]
[use_quantized_grad: 0]
[num_grad_quant_bins: 4]
[quant_train_renew_leaf: 0]
[stochastic_rounding: 1]
[linear_tree: 0]
[max_bin: 255]
[max_bin_by_feature: ]
[min_data_in_bin: 3]
[bin_construct_sample_cnt: 200000]
[data_random_seed: 1]
[is_enable_sparse: 1]
[enable_bundle: 1]
[use_missing: 1]
[zero_as_missing: 0]
[feature_pre_filter: 1]
[pre_partition: 0]
[two_round: 0]
[header: 0]
[label_column: ]
[weight_column: ]
[group_column: ]
[ignore_column: ]
[categorical_feature: ]
[forcedbins_filename: ]
[precise_float_parser: 0]
[parser_config_file: ]
[objective_seed: 5]
[num_class: 1]
[is_unbalance: 0]
[scale_pos_weight: 1]
[sigmoid: 1]
[boost_from_average: 1]
[reg_sqrt: 0]
[alpha: 0.9]
[fair_c: 1]
[poisson_max_delta_step: 0.7]
[tweedie_variance_power: 1.5]
[lambdarank_truncation_level: 20]
[lambdarank_norm: 1]
[label_gain: ]
[lambdarank_position_bias_regularization: 0]
[eval_at: ]
[multi_error_top_k: 1]
[auc_mu_weights: ]
[num_machines: 1]
[local_listen_port: 12400]
[time_out: 120]
[machine_list_filename: ]
[machines: ]
[gpu_platform_id: -1]
[gpu_device_id: -1]
[gpu_use_dp: 0]
[num_gpu: 1]

end of parameters

pandas_categorical:null
