tree
version=v4
num_class=1
num_tree_per_iteration=1
label_index=0
max_feature_idx=23
objective=lambdarank
feature_names=rank_attributes_qwen3 score_attributes_qwen3 rank_bm25_norepeat score_bm25_norepeat rank_cf_bpr score_cf_bpr rank_decay_descending score_decay_descending rank_image_siglip2 score_image_siglip2 rank_lyrics_qwen3 score_lyrics_qwen3 rank_metadata_qwen3 score_metadata_qwen3 rank_pmi_leg score_pmi_leg rank_state_bm25_focused score_state_bm25_focused popularity turn_number n_prior_accepts pmi_sum is_in_all_legs n_legs_containing
feature_infos=[0:101] [0:0.016393441706895828] [0:101] [0:0.016393441706895828] [0:101] [0:0.016393441706895828] [0:101] [0:0.016393441706895828] [0:101] [0:0.016393441706895828] [0:101] [0:0.016393441706895828] [0:101] [0:0.016393441706895828] [0:101] [0:0.016393441706895828] [0:101] [0:0.016393441706895828] [0:93] [1:8] [0:7] [0:66.898796081542969] [0:1] [1:9]
tree_sizes=7090 6944 6975 6976 6988 6996 7015 6983 6973 6965 6995 6998

Tree=0
num_leaves=63
num_cat=0
split_feature=9 21 17 6 9 17 14 23 5 14 2 17 6 6 18 5 18 17 17 2 9 18 6 14 2 0 0 18 19 18 5 18 9 0 2 18 13 19 2 2 9 6 3 18 5 9 21 13 10 9 5 14 2 19 19 18 19 0 18 3 17 2
split_gain=4271.72 619.063 463.143 236.689 228.976 124.331 114.217 113.3 64.8548 56.1529 46.3573 38.2659 34.8453 34.5932 30.3188 28.3382 26.7773 25.7785 23.1613 23.8067 22.3604 21.0652 20.2261 19.8166 19.2038 25.3866 24.5946 17.653 17.4445 17.1618 17.0322 15.7408 15.5326 17.7211 17.2053 14.7337 15.1855 14.8448 14.5489 14.5244 14.4675 14.2986 15.4693 14.2377 14.0238 15.3938 13.7324 13.6112 22.9888 13.5635 12.8249 12.6238 12.5828 17.7211 12.5667 33.4189 14.737 12.5614 12.3492 12.0478 11.6293 11.6204
threshold=0.009756329935044052 1.0000000180025095e-35 0.0081634009256958979 97.500000000000014 0.013423423748463394 0.0085838492959737795 100.00000000000001 1.5000000000000002 0.0077221228275448093 40.500000000000007 50.500000000000007 0.0064725596457719812 27.500000000000004 44.500000000000007 57.500000000000007 0.0088107436895370501 56.500000000000007 0.013793759513646366 0.0062696540262550124 95.500000000000014 0.015038444194942715 71.500000000000014 52.500000000000007 23.500000000000004 56.500000000000007 55.500000000000007 39.500000000000007 62.500000000000007 2.5000000000000004 58.500000000000007 0.010695492848753931 70.500000000000014 0.0078432578593492525 16.500000000000004 100.00000000000001 50.500000000000007 0.011428944766521456 7.5000000000000009 92.500000000000014 37.500000000000007 0.0094788861460983771 36.500000000000007 0.011050061322748663 21.500000000000004 0.013986697886139156 0.0063492704648524531 5.888404607772828 0.0087337908335030096 70.500000000000014 0.0087337908335030096 0.0093025267124176043 27.500000000000004 67.500000000000014 6.5000000000000009 5.5000000000000009 57.500000000000007 1.5000000000000002 61.500000000000007 50.500000000000007 0.0081634009256958979 0.0076046728063374766 96.500000000000014
decision_type=2 2 2 2 2 2 2 2 2 2 2 2 2 2 2 2 2 2 2 2 2 2 2 2 2 2 2 2 2 2 2 2 2 2 2 2 2 2 2 2 2 2 2 2 2 2 2 2 2 2 2 2 2 2 2 2 2 2 2 2 2 2
left_child=1 2 3 13 5 9 -5 17 16 -2 15 21 -9 24 18 28 32 54 19 -15 -6 38 -12 -3 26 -26 -1 -18 -11 46 -24 -29 33 -8 -35 36 37 40 -10 -37 -14 -17 -43 -20 45 -40 -25 48 -16 -21 -45 -7 -34 58 55 -4 -57 -36 -54 -39 -59 -55
right_child=4 23 7 6 20 51 8 12 11 10 22 -13 35 14 47 41 27 -19 43 49 -22 -23 30 29 25 -27 -28 31 -30 -31 -32 -33 52 34 57 39 -38 59 44 -41 -42 42 -44 50 -46 -47 -48 -49 -50 -51 -52 -53 53 61 -56 56 -58 60 -60 -61 -62 -63
leaf_value=-0.005327978300573695 0.072883822913437341 0.058430593608720376 -0.070688834477290421 -0.097869049414719939 0.073358777298094785 0.079137852617299914 0.030515378391211368 0.061711917944261112 -0.085032221916016254 0.023980991780734394 0.062215390888340022 0.045409284617984602 -0.019933837661100545 -0.077203760056438475 0.054259811261312511 0.01291167963025994 -0.023557826670659768 0.017034621079899337 0.046782705609105774 -0.043856609083154904 0.089916512515171632 0.0090874096220688524 -0.006849272086576705 0.04377552274715707 0.047531026125485605 -0.011767959398191238 -0.091402832748219878 -0.075912292667797879 -0.07720775067797267 0.033313536870205329 0.068767995759407577 -0.036988323034668452 -0.089908123249193242 -0.094884874573779171 -0.034517757245759007 -0.10000000000000001 0.058346081433710499 0.042552951540992173 -0.053071301037068641 0.038213301453506571 0.054627416756205908 -0.00016185287028587557 -0.087362111738062034 -0.053800958893936171 0.023525107726723032 0.0079741040028424442 -0.099999999999999978 -0.10000000000000001 -0.019917232068179622 0.050090614328647032 0.047732061262384232 0.056085150918536622 -0.068526742361441045 -0.099999999999999936 -0.023476882017087104 0.065389019638545029 -0.025170346001652806 -0.077516257029770871 0.019369915403457102 -0.10000000000000001 -0.046486018174747568 0.06369188657000853
leaf_weight=19.572821969675715 31.535587972262874 125.44880032014044 60.072847947492846 327.85501589161868 312.90884710888349 82.649696897118702 3.8078495139488941 45.567934903388959 23.330272859631805 5.0604623203980763 29.271844846603926 13.467377935012335 74.854434498985938 66.828360557861743 14.233412928020696 43.08251077546447 41.945515195766347 24.6877047047019 9.3494438334601018 149.20044427881658 585.29232846658851 17.569505126375589 35.819936908199452 2.5580183339770874 23.233479819085915 80.881199018913321 14.408224959362995 70.63688905883464 26.902095812998596 43.475310236826772 9.4012286549550463 41.078492040775018 12.033783742168451 115.04251954264328 20.107092245452804 1.9692120507825155 10.933772153861353 20.865333233770802 94.662451539799804 54.718565936753293 7.1251596668735138 11.845136800387992 8.9129832860780862 13.17775997525314 7.686516316374763 11.591720896074547 4.7349889006000012 3.6476619824534273 39.246008311005426 3.9434351795352987 4.0709358372259876 210.98798224904749 19.706667113030566 1.3044421056110875 77.516510676170583 6.4382759441214175 14.86418854005751 373.0243063545131 5.0125062122242516 1.5954950424929837 32.853615314015769 6.4212666637613429
leaf_count=9439 4161 25220 63077 441482 41075 4864 2971 8098 18880 2747 6993 3958 42627 55099 4608 21737 48730 14124 2071 110436 30766 9653 24402 1269 7777 54825 10947 45754 24827 17555 2273 34333 11291 98458 17307 1781 2608 4658 80875 18630 1537 6186 6512 8654 4982 5475 3953 3962 27286 1309 1005 38854 18631 1409 52145 3660 11272 329880 2976 1018 25825 1459
internal_value=0.000259004 -0.0422214 -0.0498371 -0.0613579 0.0690958 0.0418084 -0.0725609 -0.0015688 -0.0634557 0.0115976 0.00024851 -0.0354304 0.0228347 -0.0299358 -0.0393704 -0.022755 -0.0698043 -0.0304986 -0.0469747 -0.0523034 0.0841482 -0.0424615 0.0298326 0.0477641 -0.00918733 0.00146477 -0.0418244 -0.0512152 -0.0611871 0.021407 0.00887114 -0.0615997 -0.0746513 -0.0769706 -0.0777272 0.0125386 0.00228273 -0.0035865 -0.0490594 0.0334121 -0.0134534 -0.00351354 -0.0376033 -0.00290508 -0.0416936 -0.0464116 -0.0495708 -0.00654918 -0.000175199 -0.0414375 -0.0298377 0.0625738 -0.046241 -0.0300449 -0.0378841 -0.0516081 0.00219955 -0.0730935 -0.0507032 0.0324268 -0.0750045 0.0360534
internal_weight=3652.03 2258.36 2082.14 1680.93 1393.67 495.469 1239.14 401.209 911.283 201.832 170.296 168.308 217.63 441.793 303.697 95.8032 742.975 183.58 246.57 219.972 898.201 154.84 74.493 176.217 138.096 104.115 33.981 153.661 31.9626 50.7683 45.2212 111.715 589.314 544.835 541.028 172.062 115.374 104.44 137.271 56.6878 81.9796 63.8406 20.7581 26.5981 113.941 106.254 7.29301 57.1271 53.4794 153.144 17.2487 293.638 44.4787 32.4449 158.892 81.3753 21.3025 425.985 24.7192 22.4608 405.878 7.72571
internal_count=1990376 1774979 1726982 1501747 215397 143556 1204329 225235 762847 99838 95677 123823 80957 297418 214430 62009 639024 144278 178574 166844 71841 119865 33668 47997 82988 62602 20386 128817 27574 22777 26675 80087 510207 474441 471470 72859 52448 49840 110212 20411 44164 34435 12698 11730 91332 86350 5222 35856 31894 111745 9659 43718 35766 24475 130154 78009 14932 373012 21607 5676 355705 2868
is_linear=0
shrinkage=0.05


Tree=1
num_leaves=63
num_cat=0
split_feature=16 21 14 4 16 2 6 8 4 12 21 2 8 2 12 8 2 4 6 12 21 4 8 19 6 19 0 2 2 21 19 12 8 16 8 2 12 2 6 2 19 19 6 8 4 19 2 19 2 0 0 16 16 6 16 2 4 4 0 0 16 14
split_gain=3265.58 1423.63 779.085 381.298 334.182 299.896 179.885 162.733 106.929 96.2185 79.2613 78.0551 176.601 77.6318 97.6623 77.2482 73.7583 103.309 89.0051 67.7303 63.4507 59.6706 58.1859 56.4975 56.4399 54.4257 54.4235 79.8841 53.268 52.5349 47.5087 45.7965 45.4777 45.4544 43.0134 42.4247 39.3865 39.2289 49.7894 38.6461 38.5714 38.1323 76.8622 41.7527 39.0204 37.5856 39.7225 36.861 35.1913 61.161 34.9957 34.547 49.8011 34.2435 35.001 33.9304 34.4275 33.8065 33.4808 33.4617 38.0228 36.8352
threshold=40.500000000000007 1.0000000180025095e-35 100.00000000000001 63.500000000000007 4.5000000000000009 13.500000000000002 69.500000000000014 97.500000000000014 15.500000000000002 1.5000000000000002 10.499359607696535 85.500000000000014 60.500000000000007 88.500000000000014 27.500000000000004 5.5000000000000009 6.5000000000000009 39.500000000000007 1.5000000000000002 8.5000000000000018 16.545949935913089 11.500000000000002 13.500000000000002 6.5000000000000009 79.500000000000014 6.5000000000000009 74.500000000000014 39.500000000000007 73.500000000000014 17.142630577087406 5.5000000000000009 21.500000000000004 9.5000000000000018 18.500000000000004 1.5000000000000002 91.500000000000014 31.500000000000004 35.500000000000007 5.5000000000000009 5.5000000000000009 1.5000000000000002 3.5000000000000004 7.5000000000000009 4.5000000000000009 1.5000000000000002 7.5000000000000009 11.500000000000002 2.5000000000000004 19.500000000000004 15.500000000000002 7.5000000000000009 66.500000000000014 54.500000000000007 97.500000000000014 70.500000000000014 15.500000000000002 31.500000000000004 71.500000000000014 83.500000000000014 5.5000000000000009 30.500000000000004 3.5000000000000004
decision_type=2 2 2 2 2 2 2 2 2 2 2 2 2 2 2 2 2 2 2 2 2 2 2 2 2 2 2 2 2 2 2 2 2 2 2 2 2 2 2 2 2 2 2 2 2 2 2 2 2 2 2 2 2 2 2 2 2 2 2 2 2 2
left_child=4 2 21 5 9 8 26 13 19 25 16 -8 47 14 37 20 18 55 33 23 -3 -2 41 40 28 -1 27 34 45 -17 -10 57 -16 50 -5 -28 -29 38 -7 -25 -4 44 43 -43 -20 46 -19 58 49 -11 -6 52 -36 -14 -55 56 -18 -26 -13 60 61 -35
right_child=1 15 3 6 10 7 11 -9 30 48 -12 12 53 -15 32 29 17 24 22 -21 -22 -23 -24 39 31 -27 35 36 -30 -31 -32 -33 -34 59 51 -37 -38 -39 -40 -41 -42 42 -44 -45 -46 -47 -48 -49 -50 -51 -52 -53 -54 54 -56 -57 -58 -59 -60 -61 -62 -63
leaf_value=0.063550564435523899 0.084336645263571 -0.014805899782503558 -0.05194872420547008 0.028015507929237068 0.041036651152562421 -0.10279523524125428 -0.068908923666906652 -0.027603192909797389 -0.042918458649455982 0.033886771128718886 0.037952507454530673 0.029112584575305273 -0.03164192332011475 0.037726345295883375 -0.10297126213337729 0.033257002369947428 0.021091137731711604 -0.056004879213636054 0.046381354359526866 -0.064014136786334316 0.038621307508416636 -0.089115607846929429 0.058079634414600158 -0.052286785594346678 -0.10141666238436096 0.024947535323111569 -0.070843860987745061 0.049413591426047072 0.042663178027300873 0.065533284231314687 -0.098747003808820663 -0.011211268028670292 -0.011476736062769799 0.09414697368499203 -0.10161572500815984 -0.024771450741590702 0.00099276639743244564 0.04726185822522519 0.016416773978312052 0.0013915692364885757 0.00259156149359944 -0.0034219365347922305 -0.089427155779116765 -0.069868189491676558 -0.010373771914922218 -0.099884288484956285 0.015910492238964898 0.0095467285018757449 0.050662833453055868 -0.030023123684816723 -0.1024784392651808 -0.065837710645578681 0.052632315226004416 -0.036546922941916159 -0.057856700817590118 0.036976055572802112 -0.10144869513791557 0.047473549267785575 -0.052390711439378471 0.05400830427638055 0.01379515692862702 -0.10304801199683818
leaf_weight=732.39281447720714 4.9995051105506709 133.90089685912244 37.108027923386544 21.028139261994511 190.04992040060461 9.1415169064421189 350.44960605862434 284.06799565046094 71.54642637562938 759.43098717392422 506.60596538276877 16.407049303175882 217.69583664881065 278.82170557422796 14.330376791302113 538.97140128922183 423.06836796156131 20.890566327376291 36.490737771382555 95.760871693724766 94.997071565594524 602.84025296883192 28.682701603975147 141.43458712217398 4.1068223142065099 104.31072207912803 59.319834020221606 54.024376771762036 169.20438250724692 164.56720110704191 81.531330330180936 372.63861758587882 259.8993493085145 2.6890871524810818 7.7471544236177605 316.884676409245 188.65030627371743 117.44706703582779 209.1180073247524 43.95080457534641 256.42129708337598 135.43059634417295 44.0213105478324 28.641985143534839 178.06479529605713 8.0092821505386365 237.47436898865271 168.07593702932354 306.62484680616762 39.376023674849421 4.3448625495657316 81.339278980041854 16.123824729816988 245.40352427918697 897.08492605062202 770.82773813535459 5.8105207616463295 53.194094429840334 54.309909969684668 14.214964374899862 21.180874526966367 19.843107819324356
leaf_count=2741 71 1578 1908 164 1328 549 158912 109438 4463 7553 5478 1264 87341 17088 596 48232 8870 1086 212 6360 435 442818 1279 2642 380 668 19182 2484 10340 2483 5616 105565 60526 3 905 96192 32810 3816 18311 1058 3695 1293 1101 790 2549 1675 14087 25926 12993 1671 118 16655 645 103064 491059 25689 438 1551 11841 100 234 457
internal_value=0.000433691 -0.0242955 -0.0344915 -0.0274546 0.0295127 -0.010305 -0.0395509 0.00534046 -0.0355187 0.0459459 0.0197689 -0.0475379 -0.042854 0.01587 0.0058788 0.032598 0.016442 0.0212054 0.00246132 -0.025627 0.00736742 -0.087689 -0.0108349 -0.0179514 0.00803937 0.058738 -0.0186548 -0.00500891 0.0207245 0.0408069 -0.0726535 -0.00481216 -0.016258 0.0262444 -0.0372682 -0.0320361 0.0117722 0.0239617 0.0114237 -0.0395608 -0.00430343 -0.0155117 -0.0307616 -0.0150214 -0.000721089 0.00678879 0.0100956 -0.00319569 0.0362636 0.0307364 0.037829 -0.0503163 0.00257222 -0.0498164 -0.0532794 0.0307039 0.0194309 0.0368024 -0.0334811 -0.0126313 -0.0343016 -0.0795139
internal_weight=11353 6135.4 5202.96 4595.12 5217.62 1900.58 2694.54 1172.83 727.753 1942.14 3275.49 1949.43 1598.98 888.758 609.936 932.437 2768.88 2065.22 703.655 574.676 228.898 607.84 451.332 478.915 865.518 836.704 745.118 368.913 435.579 703.539 153.078 429.94 274.23 252.323 126.238 376.205 242.675 335.707 218.26 185.385 293.529 422.649 208.094 164.073 214.556 266.374 258.365 238.793 1105.43 798.807 194.395 105.21 23.871 1360.18 1142.49 1199.71 428.879 57.3009 70.717 57.928 43.7131 22.5322
internal_count=1990376 1780127 1727399 1284510 210249 236066 1048444 210324 25742 25626 184623 879407 720495 100886 83798 52728 179145 169681 9464 15663 2013 442889 7224 9303 134684 3409 169037 53663 27188 50715 10079 107496 61122 2240 18369 115374 35294 22676 18860 3700 5603 5945 3184 2083 2761 16848 15173 39031 22217 9224 1446 18205 1550 681464 594123 34997 9308 1931 13105 794 694 460
is_linear=0
shrinkage=0.05


Tree=2
num_leaves=63
num_cat=0
split_feature=8 23 8 17 18 14 6 18 14 14 18 8 18 19 6 2 8 19 4 6 19 19 17 6 4 2 12 14 14 12 18 14 18 6 23 2 6 2 19 17 23 18 14 18 14 18 18 23 18 18 19 18 4 12 12 18 18 12 19 4 6 19
split_gain=3939.31 895.261 439.949 250.227 241.899 215.395 132.853 111.314 104.786 130.951 79.095 75.2647 74.6666 68.7258 60.311 74.4689 67.8856 52.079 51.6917 46.4983 45.5031 45.2287 47.6658 43.9786 42.4772 41.6926 41.4272 37.3265 47.3348 36.6864 36.6087 60.552 49.7931 43.2665 35.6829 35.1141 34.503 46.3206 67.6682 34.9536 45.5895 34.4294 34.3611 45.4035 34.1172 33.5573 33.0779 32.9822 32.3465 31.681 30.2916 29.5486 40.7161 29.4984 28.8484 28.6239 28.1625 43.5607 41.3065 43.6076 40.4077 35.2481
threshold=27.500000000000004 1.5000000000000002 4.5000000000000009 0.0063092110212892303 68.500000000000014 88.500000000000014 66.500000000000014 50.500000000000007 6.5000000000000009 100.00000000000001 63.500000000000007 8.5000000000000018 29.500000000000004 6.5000000000000009 5.5000000000000009 94.500000000000014 66.500000000000014 3.5000000000000004 12.500000000000002 17.500000000000004 2.5000000000000004 7.5000000000000009 0.015038444194942715 58.500000000000007 19.500000000000004 88.500000000000014 7.5000000000000009 39.500000000000007 2.5000000000000004 53.500000000000007 56.500000000000007 18.500000000000004 59.500000000000007 8.5000000000000018 5.5000000000000009 23.500000000000004 60.500000000000007 100.00000000000001 5.5000000000000009 0.015504807699471714 6.5000000000000009 56.500000000000007 14.500000000000002 52.500000000000007 1.5000000000000002 23.500000000000004 71.500000000000014 4.5000000000000009 74.500000000000014 76.500000000000014 3.5000000000000004 36.500000000000007 86.500000000000014 44.500000000000007 25.500000000000004 61.500000000000007 61.500000000000007 61.500000000000007 5.5000000000000009 3.5000000000000004 16.500000000000004 1.5000000000000002
decision_type=2 2 2 2 2 2 2 2 2 2 2 2 2 2 2 2 2 2 2 2 2 2 2 2 2 2 2 2 2 2 2 2 2 2 2 2 2 2 2 2 2 2 2 2 2 2 2 2 2 2 2 2 2 2 2 2 2 2 2 2 2 2
left_child=2 4 12 5 8 7 18 -3 17 42 14 26 -1 23 -5 -16 21 -2 -7 -20 29 22 -17 -11 34 -8 -4 28 -6 48 -22 32 -32 46 -13 -26 39 49 47 -37 -41 -25 43 -10 -12 -28 -33 53 -14 54 -18 -52 -53 -39 -38 -54 57 61 -58 -60 -61 -36
right_child=1 3 11 10 27 6 25 -9 9 13 44 24 20 -15 15 16 50 -19 19 -21 30 -23 -24 41 35 -27 45 -29 -30 -31 31 33 -34 -35 56 36 37 38 -40 40 -42 -43 -44 -45 -46 -47 -48 -49 -50 -51 51 52 55 -55 -56 -57 58 -59 59 60 -62 -63
leaf_value=0.05745007793837318 -0.089723571600820076 -0.059356909283739934 0.039187307351649985 0.045984251009477443 -0.10177530724808453 0.048904974065371989 -0.065182549901623185 0.032677190201046376 -0.080381940995046003 -0.02807569097104012 -0.10257993381099217 0.046087000459302467 0.047718986821373266 -0.029551400675919423 -0.01541882117462009 0.02288654440217661 -0.035146631285253367 0.010865010001489239 0.015774761965752306 -0.027620375897387833 0.039250307280716157 0.067620754128924029 -0.10309143020665029 -0.062432653036292154 -0.010086208968484211 -0.03898896884011397 0.041624852893444281 -0.023818314086281794 0.017902064347355157 -0.10492601660372945 -0.061902939785020809 0.016960027948036503 0.045493899536690752 -0.070338152169390045 -0.013786517301060872 0.022349140944723966 -0.014303478956157807 0.041014268178259074 0.059363154022689005 0.055918357739873963 -0.079800411270145644 -0.039750681541721754 -0.082133533667635455 0.0010808258320854623 0.028186359524073459 0.010209712748736525 -0.067068648468594047 -0.10256543904285978 0.08262897755358109 0.062295064055828686 0.019356647993547537 0.01282165380362396 -0.056960115966487757 -0.026673118563227002 -0.078618177903477818 0.034607425941979297 0.044528619582329378 -0.10294114393351571 0.066320638272172702 -0.10169341898825934 0.0019539649577177839 0.016955671672656075
leaf_weight=879.32518647063989 15.253599444637073 39.528484765673056 484.29178798187058 62.357806896790862 8.8467213476542366 29.779848355799913 278.36820276686922 194.5791118373163 39.097737198229879 131.47436414496042 5.0705803665332487 107.25286769284867 443.72002796898596 316.47407061071135 686.71002347685862 157.8985539994901 67.406510948669165 82.27104706550017 76.21658542973455 324.76880797860213 899.2730585874524 59.795900656376034 7.883464725688099 979.92552535352297 297.34152700006962 334.43284058442805 113.64852836332284 209.03348856745288 125.05176592548378 3.7063385075889519 11.559860447421668 93.028457508655265 162.60824079113081 22.212881355546415 110.43284231168218 409.14100008097012 34.081894225208089 24.238790487521328 47.808686494128779 9.2046478874981421 18.878003805410117 201.74967277073301 529.97143603581935 30.4070382011123 306.08863179944456 337.28728344512638 13.39858193672262 9.6043091642204654 78.021440322045237 7.2961217612028113 130.0905756407883 67.992365426151082 54.470677102915943 47.914834171999246 35.69859676703345 10.120352450408971 160.5285856963601 8.3150218399241549 16.21799368551001 13.489174165297298 31.045994591899216 598.92740918335039
leaf_count=6051 9727 3958 9207 1361 1175 2980 158399 8536 22401 43323 207 1750 4107 121181 72263 9614 14961 10335 12691 97808 9968 844 488 496457 27255 133028 1799 80007 13410 264 257 1617 1359 1029 6311 17247 2341 901 685 76 508 85694 385758 5287 18249 9581 778 659 200 303 15403 7206 13385 6795 8553 630 2799 740 263 932 1171 18104
internal_value=0.000769151 -0.028937 0.0306559 -0.00967115 -0.0498195 -0.0262066 -0.0359302 0.0171375 -0.055598 -0.0578174 0.00340336 0.0173361 0.0455893 -0.0504672 -0.00199884 -0.00440724 0.00920141 -0.00486781 -0.014652 -0.0193721 0.0395521 0.030342 0.0168959 -0.055508 0.011832 -0.0508875 0.0290328 -0.0106159 0.00999494 0.0518259 0.034187 0.0191502 0.0383658 -0.00686624 0.0187652 0.00412523 0.0106882 -0.00614796 0.0121104 0.0186453 -0.0353159 -0.0585601 -0.0777984 -0.0447435 0.0260554 0.0181272 0.00638128 -0.0155211 0.0529394 -0.0368404 -0.0052461 0.00242687 -0.0141846 -0.00393469 -0.0472059 -0.042613 0.0156444 0.0108361 0.0312389 -0.0038765 -0.0294396 0.0121697
internal_weight=11092.6 5563.12 5529.5 2893.56 2669.56 1277.67 1043.57 234.108 2326.62 2229.1 1615.89 2922.65 2606.85 1629.62 1304.73 1242.37 555.658 97.5246 430.765 400.985 1727.53 225.578 165.782 1313.15 1987.42 612.801 935.228 342.932 133.898 525.448 1202.08 302.808 174.168 128.64 1046.21 941.208 643.867 206.643 129.567 437.224 28.0827 1181.68 599.476 69.5048 311.159 450.936 106.427 81.7579 521.741 77.0766 330.08 262.674 132.583 72.1536 69.7805 64.591 938.957 717.675 221.282 60.7532 44.5352 709.36
internal_count=1990376 1846766 143610 572011 1274755 417400 404906 12494 1180163 1160101 154611 117980 25630 746655 136155 134794 62531 20062 113479 110499 19579 10946 10102 625474 97393 291427 20587 94592 14585 4571 15008 5040 1616 3424 32070 65323 38068 20237 9040 17831 584 582151 413446 27688 18456 11380 2395 8355 4307 11197 51585 36624 21221 7696 10894 14015 30320 25155 5165 2366 2103 24415
is_linear=0
shrinkage=0.05


Tree=3
num_leaves=63
num_cat=0
split_feature=9 21 23 9 16 14 16 6 16 16 9 2 6 12 18 2 12 6 12 14 2 6 4 2 12 6 4 2 12 18 18 18 14 18 6 9 6 12 18 10 9 4 2 9 10 4 6 18 10 21 16 16 12 18 2 7 12 16 10 18 4 16
split_gain=4202.58 700.309 530.364 323.743 264.332 192.14 113.998 109.305 86.5188 62.185 53.5853 50.0619 54.7651 49.3254 48.8446 46.8597 55.7571 46.7498 42.3692 41.5689 41.0734 36.7773 36.2797 37.3348 36.1635 34.9688 29.1798 28.9225 28.4099 28.2168 28.1462 28.0434 27.5659 27.1548 28.1036 25.994 24.753 24.707 24.0234 23.0732 41.5747 26.5396 23.7174 22.581 23.9929 22.3184 22.1533 34.4557 25.3599 22.1058 22.0947 21.9002 21.8857 21.8625 32.6385 23.3211 21.6889 21.65 26.3774 21.6247 21.2216 21.1133
threshold=0.009756329935044052 1.0000000180025095e-35 1.5000000000000002 0.013793759513646366 94.500000000000014 100.00000000000001 9.5000000000000018 68.500000000000014 81.500000000000014 27.500000000000004 0.016261236742138866 29.500000000000004 25.500000000000004 11.500000000000002 71.500000000000014 92.500000000000014 22.500000000000004 15.500000000000002 25.500000000000004 23.500000000000004 45.500000000000007 49.500000000000007 44.500000000000007 89.500000000000014 88.500000000000014 97.500000000000014 1.0000000180025095e-35 92.500000000000014 16.500000000000004 27.500000000000004 66.500000000000014 5.5000000000000009 12.500000000000002 81.500000000000014 4.5000000000000009 0.015749008394777778 29.500000000000004 49.500000000000007 79.500000000000014 1.5000000000000002 0.015504807699471714 4.5000000000000009 11.500000000000002 0.0070672258734703073 85.500000000000014 38.500000000000007 33.500000000000007 63.500000000000007 15.500000000000002 28.185417175292972 22.500000000000004 1.5000000000000002 16.500000000000004 22.500000000000004 100.00000000000001 0.0087337908335030096 89.500000000000014 58.500000000000007 83.500000000000014 76.500000000000014 4.5000000000000009 11.500000000000002
decision_type=2 2 2 2 2 2 2 2 2 2 2 2 2 2 2 2 2 2 2 2 2 2 2 2 2 2 2 2 2 2 2 2 2 2 2 2 2 2 2 2 2 2 2 2 2 2 2 2 2 2 2 2 2 2 2 2 2 2 2 2 2 2
left_child=1 2 5 8 17 -1 10 13 19 -7 28 18 24 -6 25 16 39 43 45 -2 30 -18 36 -24 31 -11 -23 -9 29 -5 46 -13 -25 34 -15 -30 -14 61 -19 40 -8 42 -41 -4 -45 -10 47 51 -48 57 -46 -21 -34 54 -36 -56 59 -3 -59 -22 -38 -32
right_child=3 49 4 6 7 9 15 27 11 14 -12 12 22 33 -16 -17 21 38 -20 20 56 26 23 32 -26 -27 -28 -29 35 -31 37 -33 52 -35 53 -37 60 -39 -40 41 -42 -43 -44 44 50 -47 48 -49 -50 -51 -52 -53 -54 -55 55 -57 -58 58 -60 -61 -62 -63
leaf_value=-0.08175562594177356 0.03272782616267627 0.029613344579410568 0.041465835877662796 0.051309237401274438 0.063140178710229464 -0.01782999456647796 -0.059760657672467521 -0.065665795883882924 -0.0016560980575844927 -0.039538479103797784 0.056570091536613944 -0.10133906353004632 -0.10103462799234018 0.048750005696922581 -0.019046672654319197 0.045898600329488802 0.0045853170912243963 -0.0073341952945033071 -0.068715680806012522 -0.054123501046833937 0.035179642203668503 0.072635458184080903 -0.057495754564861737 -0.10554584859758431 -0.041840235756208238 -0.058193202844858898 -0.090894744531592589 -0.042619877494718073 0.017207839312574507 0.036134117975794029 0.058187400410757352 0.046606752538405259 0.076592781935656107 0.068127156372115777 -0.042195112221517811 -0.10634605429501912 -0.10451172371611378 -0.1032845443059462 0.043300832186654176 0.030889807510103784 0.018171023999365328 0.023205233516507169 0.054349699776296612 -0.054170299786975996 0.056749602055069716 -0.059477929528071016 0.018241326354902498 -0.10154902036264822 -0.029619514645115471 0.058685344119650845 -0.10241132836184326 0.011400624459200023 -0.006456179580269332 -0.034405891311245149 -0.089746585664542966 0.046979611017559764 0.0016619078701190554 -0.042176367741935561 0.009990189252091863 -0.10448452421981778 0.014695183361837278 0.010230707442742097
leaf_weight=607.66741560795344 396.6936546289362 138.91047184239142 86.934189815074205 446.53958050033543 17.888941974146292 145.4104880146333 18.755021657561883 266.87125460174866 98.17452166241128 318.27523158839904 637.88301982125267 3.2985550358425817 4.9537530979141584 12.546286719618363 105.33003272349015 294.8987760002492 71.322881747735664 688.49987973109819 44.5089257232612 13.142501359921878 276.46253496780992 3.1659512487240162 52.838248973712325 6.4562903400510541 14.37341194367036 1192.2636135597713 19.714619297417812 277.91570037638303 75.081745358649641 975.55915389442816 50.538772845873609 110.63401951058768 8.7442733428906632 8.1103029223158938 26.15067763463594 4.5128416062798342 3.8124431177275246 3.2772849786560974 24.249685819726437 363.59110879991204 195.54213708138559 773.31240723619703 153.09915534290485 14.853732265764849 14.472018316853793 20.106406784616411 39.240664057084359 7.1029659335035822 93.925614566891454 26.780931582208723 2.5673142392188302 429.43233639316168 85.492213928606361 238.13789050013293 3.4864696380682281 29.573138210223988 64.752467989572324 25.629097768338397 444.48550119472202 2.7995944311842313 180.30674663977697 42.043813923723064
leaf_count=439841 5880 6676 2328 2883 1205 46978 1120 153791 13306 117181 2402 584 652 1041 38045 4236 3261 111648 16851 961 9170 22 19284 422 1664 597918 2858 117728 1534 9797 731 4372 209 717 9932 146 316 340 1503 6201 3759 22083 1223 1475 229 8826 2107 659 9942 280 335 21234 16985 80334 1579 3174 4302 1969 39072 201 13075 1799
internal_value=0.000838541 -0.0345848 -0.0421889 0.0282933 -0.0209879 -0.0575128 0.0365213 -0.0400778 0.0121308 -0.0491487 0.0444292 -0.00323059 0.0050322 -0.0176445 -0.0519671 0.0275852 0.0242067 -0.000770866 -0.0271327 0.018989 0.0136599 -0.0131095 -0.0054025 -0.0234585 0.0328951 -0.0542626 -0.0682673 -0.0539092 0.0392721 0.0408991 0.00652614 0.0423235 -0.00559762 -0.0221889 -0.0245526 0.0102026 0.00925936 0.0316333 -0.00561145 0.0265435 0.0113505 0.0290674 0.0378411 0.0282639 -0.0077218 -0.0114851 0.00239678 0.00770147 -0.0155162 0.0142257 0.0327688 0.00945485 0.00124999 -0.0276455 -0.000455917 0.0325605 0.0277341 0.0122707 0.00714624 0.0337795 0.0122268 0.0364092
internal_weight=10803.1 4717.01 4081.2 6086.09 1712.26 2368.95 4032.98 880.681 2053.11 1761.28 2139.58 633.7 470.91 335.894 1615.87 1893.4 1598.5 831.577 162.79 1419.41 1022.72 94.2035 342.604 153.531 128.306 1510.54 22.8806 544.787 1501.69 1422.1 678.704 113.933 100.693 318.005 309.894 79.5946 189.073 95.8599 712.75 1504.3 214.297 1290 516.69 118.827 31.8931 118.281 582.844 449.678 133.166 635.806 17.0393 442.575 94.2365 297.348 59.2103 33.0596 344.015 609.025 470.115 279.262 184.119 92.5826
internal_count=1990376 1774979 1726982 215397 487019 1239963 61525 369501 153872 800122 16762 96546 57563 97982 753144 44763 40527 117518 38983 57326 51446 6141 50943 36900 6620 715099 2880 271519 14360 12680 37773 4956 17616 96777 96060 1680 14043 2870 113151 34386 4879 29507 7424 4367 2039 22132 34903 22854 12049 47997 564 22195 17194 95019 14685 4753 13673 47717 41041 9371 13391 2530
is_linear=0
shrinkage=0.05


Tree=4
num_leaves=63
num_cat=0
split_feature=8 21 23 8 16 15 8 6 15 16 21 16 5 18 16 2 19 6 2 16 19 18 18 18 1 16 1 15 6 12 16 1 6 12 19 18 2 6 10 10 5 18 2 19 8 8 23 5 10 19 5 6 21 8 2 1 8 16 2 18 19 12
split_gain=3970.38 676.089 430.596 289.855 189.869 141.157 109.948 109.793 99.9918 95.3173 61.8992 55.4966 53.9449 51.122 47.5463 42.4039 66.6065 69.6573 56.564 55.0508 69.2707 46.0809 42.0915 41.683 40.9926 39.6133 38.391 37.6191 33.2794 31.0806 31.0259 35.0403 74.0756 45.0845 40.6166 30.4717 29.8167 29.0253 28.1739 27.231 26.837 25.8392 25.5917 25.2865 25.6667 24.8663 24.4254 28.4025 24.3701 24.1608 25.6284 24.9076 24.0782 24.0138 23.8428 23.2067 23.1555 29.01 25.3909 36.3658 22.4217 26.6853
threshold=47.500000000000007 4.346081256866456 1.5000000000000002 14.500000000000002 94.500000000000014 1.0000000180025095e-35 2.5000000000000004 68.500000000000014 0.010582306887954475 54.500000000000007 17.372894287109379 19.500000000000004 0.013606071937829258 71.500000000000014 3.5000000000000004 26.500000000000004 5.5000000000000009 22.500000000000004 8.5000000000000018 13.500000000000002 1.5000000000000002 43.500000000000007 48.500000000000007 34.500000000000007 0.0080972984433174151 27.500000000000004 0.013423423748463394 0.015268065501004459 25.500000000000004 1.5000000000000002 11.500000000000002 0.0065574476029723891 56.500000000000007 33.500000000000007 2.5000000000000004 21.500000000000004 24.500000000000004 97.500000000000014 19.500000000000004 15.500000000000002 0.013072453904896976 44.500000000000007 92.500000000000014 5.5000000000000009 91.500000000000014 4.5000000000000009 8.5000000000000018 0.014389234129339458 17.500000000000004 7.5000000000000009 0.011696306522935631 76.500000000000014 33.937334060668952 55.500000000000007 1.0000000180025095e-35 0.0069204980973154315 29.500000000000004 83.500000000000014 29.500000000000004 54.500000000000007 4.5000000000000009 18.500000000000004
decision_type=2 2 2 2 2 2 2 2 2 2 2 2 2 2 2 2 2 2 2 2 2 2 2 2 2 2 2 2 2 2 2 2 2 2 2 2 2 2 2 2 2 2 2 2 2 2 2 2 2 2 2 2 2 2 2 2 2 2 2 2 2 2
left_child=3 2 5 6 11 13 14 12 9 30 15 38 24 25 46 16 19 18 -18 39 26 60 28 -16 -6 -2 -21 -19 36 -12 -5 33 -33 -32 -35 -30 -11 -27 -4 -8 45 -23 -9 -39 -45 54 -1 -48 -41 50 51 55 -10 -26 -22 -13 58 -58 -24 -60 61 -17
right_child=1 -3 4 8 7 -7 10 42 52 22 29 49 -14 -15 23 21 17 27 -20 20 40 41 56 -25 53 37 -28 -29 35 -31 31 32 -34 34 -36 -37 -38 43 -40 48 -42 -43 -44 44 -46 -47 47 -49 -50 -51 -52 -53 -54 -55 -56 -57 57 -59 59 -61 -62 -63
leaf_value=0.053526170117050791 -0.024696235684998166 0.015757552264412052 0.053478482614241402 0.027383831829551838 -0.041250462560108739 -0.077098789856891892 0.040399971282135239 -0.064228472066330936 0.025941037851661554 -0.044508363381842948 -0.10291131803764264 -0.03673465086857361 0.050469499669874476 -0.017377359621294875 0.046565705536068654 0.048300088066392459 -0.0081781714983648734 -0.076301475146018871 0.027333978901024625 0.044354786837894108 0.05525425274106556 -0.1065407894179667 -0.023162730801610895 0.024782444344686131 -0.057043300009982534 -0.040174247017823267 -0.065742758259528453 0.065153414875053911 -0.0081800664564146558 0.049773375991262289 -0.063264808680504339 0.0073077040867975925 -0.060519454590417555 -0.10004942622985298 0.050118995118964685 -0.050426022287935614 0.014026487427525776 -0.062200278773399988 0.0084596663604763495 -0.10565006886865808 0.02850199451608746 0.019273677017651973 -0.041892719571799956 0.01233511158446827 -0.049218580498858681 0.0072977954988166175 -0.10894381983425694 0.03378214034912274 0.017514848967279204 0.014326359370409695 0.019177763159923554 -0.035987837435552249 0.06828249887595049 0.0047866365237355206 -0.10591016207588405 0.0027010351244437319 0.032925342123630984 -0.0318125487916774 -0.040504991508988106 0.045138869192304282 0.056506242279051204 0.012216645643693321
leaf_weight=861.29352813889273 127.6127711806912 564.27593227941543 42.023521983064711 270.77067336102482 136.13425617711619 608.31651880801655 526.42196609568782 247.4061733186245 463.88091107644141 30.663568998221308 3.3704817723482838 53.581761525128968 28.626075706910342 118.51458616857417 399.82015640591271 122.8145220966544 219.83712633047253 36.007642184616998 228.86944055510685 9.9142883941531164 3.0041575701907268 4.1534007447771719 28.541761169210076 487.23700977920089 17.949175543617457 310.70247988216579 39.323134895181283 5.4057836052961639 61.252781952032819 299.91545454179868 11.180944967200046 361.96507273346651 45.290672520059161 4.7343325776746488 92.089901303173974 140.80268851912115 74.887788381660357 811.92181473202072 200.88947530183941 4.1802720159757873 247.59784320066683 233.83551397395786 266.26285892468877 17.864699315279722 325.66558876517229 81.490597009891644 3.5921885077841571 117.59092131443322 102.36966301943175 67.397634155582637 41.25361319584772 172.77795788680669 36.196255613584071 125.52989046624862 9.7198770164977741 122.81136806914583 23.119121351046488 68.810267696040682 14.850890121655537 74.947633845964447 203.80458424543031 87.917846851749346
leaf_count=3553 44446 42933 1527 10831 52699 442904 6579 146719 9695 9267 55 10689 1807 40542 3430 1306 8008 4367 6804 543 48 312 8666 7722 7709 117182 4698 48 14947 1958 1002 20156 6499 753 2852 46325 6624 437420 20765 223 5277 6523 115776 5195 152497 6264 55 600 1986 8216 4111 48197 176 27092 802 15937 1788 21444 2704 5313 2422 3388
internal_value=0.000862574 -0.0353492 -0.0428528 0.026842 -0.0221916 -0.0564096 0.0338445 -0.0384944 0.00999759 0.00270753 0.0269203 -0.00306959 -0.0149036 -0.0490594 0.0429924 0.0239589 0.019367 0.0042088 0.00993533 0.0266221 0.0118727 0.0346141 -0.0139473 0.0346007 -0.0215963 -0.0514153 -0.0435739 -0.0578371 -0.0257327 0.0480766 0.0136805 0.00647942 -0.000235314 0.0317987 0.0427763 -0.0376192 -0.00297839 -0.0537409 0.0162478 0.0357342 0.0198597 0.017078 -0.0526506 -0.057389 -0.0460176 -0.00285242 0.050569 0.0295514 0.0126827 -0.0133191 -0.0180914 -0.0224947 0.0290058 -0.00294826 -0.0678591 -0.00927808 0.0032938 -0.0155318 0.0179179 0.0309751 0.0446818 0.033246
internal_weight=10551 4407.52 3843.24 6143.47 1522.64 2320.6 4339.49 821.908 1803.99 1303.91 2469.95 700.735 308.239 1712.28 1869.53 2166.67 1514.14 490.12 448.707 1024.02 391.05 652.526 517.877 887.057 279.613 1593.77 49.2374 41.4134 307.607 303.286 786.032 515.261 407.256 108.005 96.8242 202.055 105.551 1466.15 242.913 632.972 341.812 237.989 513.669 1155.45 343.53 94.2146 982.477 121.183 106.55 457.822 390.425 349.171 500.077 143.479 12.724 176.393 210.27 91.9294 118.34 89.7985 414.537 210.732
internal_count=1990376 1744363 1701430 246013 461244 1240186 76971 351802 169042 159171 61611 109442 89307 797282 15360 59598 45647 19227 14812 26420 17632 13951 117078 11152 87500 756740 5241 4415 77163 2013 42093 31262 26655 4607 3605 61272 15891 712294 22292 8788 12391 6835 262495 595112 157692 7114 4208 655 2209 87150 78934 74823 9871 34801 850 26626 39915 23232 16683 8017 7116 4694
is_linear=0
shrinkage=0.05


Tree=5
num_leaves=63
num_cat=0
split_feature=8 21 17 8 6 4 17 15 6 17 4 0 19 18 12 21 4 21 6 2 6 2 12 12 19 12 17 2 6 6 19 4 17 18 21 19 19 2 0 7 6 0 18 12 18 3 12 18 10 18 0 10 2 6 4 10 1 0 2 2 18 18
split_gain=3926.87 663.634 368.353 296.673 153.336 105.333 114.425 81.7483 71.0104 59.9419 45.7176 40.4044 36.5839 36.2884 35.9944 35.8051 33.7589 32.4885 32.1565 32.0268 31.5158 30.0753 40.4915 29.3484 29.0873 27.1632 26.8247 26.1386 30.4296 26.1319 26.0599 25.7514 33.4801 24.587 41.4788 32.1781 23.6479 54.6946 29.6181 33.8286 28.0337 26.4526 23.4872 23.3416 23.0533 22.8629 21.3879 21.1929 31.8841 24.5666 27.0857 22.6731 21.0612 21.03 20.592 20.5538 20.5389 20.213 20.0346 20.0008 19.9658 25.7216
threshold=44.500000000000007 3.0142797231674199 0.0081634009256958979 6.5000000000000009 82.500000000000014 27.500000000000004 1.0000000180025095e-35 1.0000000180025095e-35 23.500000000000004 0.016261236742138866 44.500000000000007 15.500000000000002 2.5000000000000004 48.500000000000007 16.500000000000004 14.647072792053224 80.500000000000014 10.499359607696535 6.5000000000000009 40.500000000000007 4.5000000000000009 48.500000000000007 12.500000000000002 53.500000000000007 7.5000000000000009 59.500000000000007 0.0075472774915397176 15.500000000000002 1.5000000000000002 64.500000000000014 3.5000000000000004 95.500000000000014 0.0063898416701704272 34.500000000000007 13.954473018646242 3.5000000000000004 4.5000000000000009 13.500000000000002 13.500000000000002 0.012579114176332952 36.500000000000007 9.5000000000000018 82.500000000000014 47.500000000000007 30.500000000000004 0.0073801742400974044 1.0000000180025095e-35 47.500000000000007 7.5000000000000009 15.500000000000002 32.500000000000007 13.500000000000002 2.5000000000000004 3.5000000000000004 32.500000000000007 83.500000000000014 0.012579114176332952 46.500000000000007 66.500000000000014 51.500000000000007 61.500000000000007 57.500000000000007
decision_type=2 2 2 2 2 2 2 2 2 2 2 2 2 2 2 2 2 2 2 2 2 2 2 2 2 2 2 2 2 2 2 2 2 2 2 2 2 2 2 2 2 2 2 2 2 2 2 2 2 2 2 2 2 2 2 2 2 2 2 2 2 2
left_child=3 2 4 9 10 21 17 13 -4 26 59 -12 45 -6 -10 30 43 18 -7 -20 -13 22 36 29 42 -17 27 28 -1 -21 -3 32 -15 56 35 -35 -5 38 39 -38 41 -39 -18 -16 58 -8 -11 49 -49 -24 -51 -52 -28 -36 -47 -25 -30 -32 -22 -2 61 -37
right_child=1 15 8 5 7 6 12 -9 14 46 11 20 -14 31 16 25 24 -19 19 23 44 -23 47 55 -26 -27 52 -29 33 -31 57 -33 -34 34 53 60 37 40 -40 -41 -42 -43 -44 -45 -46 54 -48 48 -50 50 51 -53 -54 -55 -56 -57 -58 -59 -60 -61 -62 -63
leaf_value=0.035324386225484346 -0.041655039284984929 0.029137708723332711 0.018830574751986535 0.036202125404635216 -0.059259478527617426 0.032739901473805337 -0.071995587212577081 -0.075345883860380658 0.031294509487161358 0.060281726358435365 0.035846966662332995 0.038713578965949402 0.018601244243788475 -0.036036944239613254 -0.051197645484670401 -0.060709648469168313 -0.037545358986774718 0.038900162488650976 -0.050904729081103745 0.021375557861747423 -0.06898777900067142 0.033637537853155673 0.022916551940466531 -0.074900019522269823 -0.0065331106127960135 0.041436157784023299 0.029322347645359233 0.036827613387655431 -0.10752710171581958 -0.039045678121342624 -0.1025304655647305 -0.051168615609176377 0.030974024341657011 -0.10815883233721789 -0.10714302189580222 -0.027464516554522058 -0.099603184289653562 -0.10292193629850857 -0.081954480416259926 0.008991623423422912 -0.10095821308404158 0.050724403893858953 0.040072980589810417 0.0021676971332023824 -0.048327589844984219 -0.052122749796660019 0.04006949742161843 -0.064168449050377413 0.022004853384554209 -0.0021062483414809579 0.020970472547056418 -0.089237600136704301 0.040178581250536041 0.043953378501230225 0.0057011760401217103 -0.023070557188043322 0.027049640166852629 0.001405248292673389 -0.019482133400909887 0.015404395955430528 -0.10258626073377525 0.056286069561459463
leaf_weight=107.6121457926929 20.036551137454808 98.235278768814169 124.77733150986023 347.33002103539184 1026.6076572916936 23.14881314674858 13.543597066774963 590.71036471053958 30.534685904975049 322.41187174897641 18.401045990060084 12.600588641827924 634.76701165526174 177.10944546177052 23.68676681863144 6.8684371616691342 434.77671706315596 21.717867898754776 105.04250468744431 64.690403813729063 23.664891917724162 438.70683742174879 90.680881330161355 23.586925712879747 104.87786409724504 124.19279991765507 685.60669954842888 216.63689435296692 2.9375467316713175 24.738182689063251 4.7419350701384237 385.74245752650313 20.831950528547168 12.338161231251432 2.4885431118309489 44.231080649187788 7.5479466103715813 2.8738372139632693 10.847716715186833 143.76686871051788 3.3009869451634577 111.02806910756044 9.9698752991389465 151.84932561451569 369.79995843023062 18.257589060580358 220.31924797734246 11.129993000999091 301.83558837103192 215.03444377472624 6.4469760907813933 16.901818152749911 1282.3392263869755 30.866918663494289 98.251575305941515 101.1954113431857 81.346042465418577 345.82213967433199 149.81501491414383 65.771927467780188 6.5178747870959333 11.5647362829186
leaf_count=2148 6245 5695 5989 8630 540865 2286 1761 441428 1683 848 2388 1236 31781 81680 4722 341 162348 569 38905 5668 10989 9948 4808 8680 24773 2567 6714 3304 280 6145 754 196403 2827 1157 73 2644 1198 269 1424 4957 513 1792 1307 20855 149478 1910 1353 979 13529 14345 420 2784 13798 155 7621 23538 1990 37532 45684 11091 1108 295
internal_value=-0.000516244 -0.0366806 -0.0443942 0.0261366 -0.0530972 0.0145177 0.00266801 -0.0594361 -0.0161139 0.0370231 -0.0319606 -0.037047 0.0136514 -0.0535998 -0.0218838 0.0130915 -0.024123 -0.0204022 -0.0241637 -0.0282897 -0.03946 0.0223526 0.0184504 -0.0172 -0.0302197 0.0360831 0.0337347 0.0235939 0.0140344 0.00466153 0.00637729 -0.0436454 -0.0289845 0.00211977 -0.0136741 -0.034386 0.0274914 0.0166616 -0.00214674 0.00357465 0.0426849 0.0468478 -0.0358054 -0.0050334 -0.0412731 -0.0105078 0.0520767 0.00962533 0.0189403 0.000766099 -0.00765992 -0.0588074 0.0363964 0.0326806 -0.00336013 -0.0328676 0.0223592 -6.47069e-07 -0.0262353 0.00208084 -0.0197789 -0.0101056
internal_weight=10185 4321.43 3741.56 5863.59 2861.09 2836.37 1128.94 2201 880.473 3027.22 660.09 574.281 764.82 1610.29 755.695 579.861 725.161 364.12 342.402 319.253 555.88 1707.43 1268.73 214.211 549.624 131.061 2484.49 516.54 299.903 89.4286 448.799 583.684 197.941 192.291 108.007 74.6519 626.695 279.365 162.163 151.315 117.203 113.902 444.747 175.536 543.28 130.053 542.731 642.03 312.966 329.064 238.383 23.3488 1967.95 33.3555 116.509 124.782 84.2836 350.564 173.48 85.8085 62.3137 55.7958
internal_count=1989207 1758880 1711991 230327 1490314 194460 128864 1263203 221677 35867 227111 209775 43073 821775 215688 46889 214005 85791 85222 82936 207387 65596 55648 44031 188428 2908 33666 13154 9850 11813 43981 280910 84507 7702 5432 5204 18783 10153 7579 6155 2574 2061 163655 25577 206151 11292 2201 36865 14508 22357 17549 3204 20512 228 9531 32218 2270 38286 56673 17336 4047 2939
is_linear=0
shrinkage=0.05


Tree=6
num_leaves=63
num_cat=0
split_feature=8 23 8 14 17 18 14 17 6 14 17 14 0 18 19 8 12 14 19 8 17 2 6 19 18 18 5 18 18 19 2 0 23 2 0 1 18 5 5 17 5 18 8 2 10 12 18 6 18 2 17 10 12 0 19 14 14 2 5 17 10 12
split_gain=3642.07 352.59 283.619 174.387 169.929 139.047 93.4634 125.27 75.8309 75.7761 69.3363 52.4754 37.6777 34.7498 32.5826 32.4763 32.1622 31.4552 30.3888 29.3324 27.4994 26.2558 34.3176 29.7719 26.1119 25.8665 30.0193 26.6004 32.8283 25.4729 24.7064 36.4495 29.4358 24.5727 26.2919 23.4315 22.784 21.7506 21.5961 35.3537 28.9122 27.1336 31.7791 24.2597 21.5904 30.3533 29.3628 22.2208 21.1821 20.7943 20.0515 20.0412 18.3383 19.8651 17.9412 17.5632 27.5257 17.5365 18.0337 17.4547 17.3645 30.2971
threshold=47.500000000000007 1.5000000000000002 13.500000000000002 59.500000000000007 0.0063898416701704272 69.500000000000014 33.500000000000007 0.0070672258734703073 65.500000000000014 11.500000000000002 0.016001024283468727 100.00000000000001 12.500000000000002 42.500000000000007 3.5000000000000004 41.500000000000007 11.500000000000002 31.500000000000004 7.5000000000000009 1.0000000180025095e-35 0.013606071937829258 100.00000000000001 7.5000000000000009 6.5000000000000009 39.500000000000007 26.500000000000004 0.015038444194942715 2.5000000000000004 1.0000000180025095e-35 4.5000000000000009 88.500000000000014 75.500000000000014 4.5000000000000009 51.500000000000007 50.500000000000007 0.0066445916891098031 74.500000000000014 0.01183473411947489 0.009569597430527212 0.014815627597272398 0.0079052620567381399 46.500000000000007 14.500000000000002 40.500000000000007 48.500000000000007 96.500000000000014 72.500000000000014 16.500000000000004 33.500000000000007 79.500000000000014 0.013072453904896976 48.500000000000007 16.500000000000004 21.500000000000004 6.5000000000000009 19.500000000000004 11.500000000000002 92.500000000000014 0.0093898782506585139 0.015038444194942715 51.500000000000007 100.00000000000001
decision_type=2 2 2 2 2 2 2 2 2 2 2 2 2 2 2 2 2 2 2 2 2 2 2 2 2 2 2 2 2 2 2 2 2 2 2 2 2 2 2 2 2 2 2 2 2 2 2 2 2 2 2 2 2 2 2 2 2 2 2 2 2 2
left_child=2 5 10 44 8 9 -4 15 16 13 25 -11 -6 -2 -13 30 24 55 52 -12 -16 22 -9 59 -5 27 -27 28 -1 -19 31 -8 -32 -18 -35 -34 38 54 39 41 -41 42 -24 -43 -3 46 47 -46 49 -20 -50 -38 53 -14 -36 56 -7 -10 -59 -23 61 -54
right_child=1 3 6 4 12 17 7 21 57 11 19 14 18 -15 20 -17 33 29 48 -21 -22 23 36 -25 -26 26 -28 -29 -30 -31 32 -33 35 34 37 -37 51 -39 -40 40 -42 43 -44 -45 45 -47 -48 -49 50 -51 -52 -53 60 -55 -56 -57 -58 58 -60 -61 -62 -63
leaf_value=0.02906815384621747 -0.042899861792104227 0.052762864573079882 0.026732621211462637 0.072215370235218942 0.034735430807999561 0.011475874594515554 -0.018141579329875313 0.037394350235150524 -0.063513540222728579 -0.068811346378366153 0.054046649417545681 -0.05880116266365884 -0.10499086954557364 0.01036937520780999 -0.045805011284014416 -0.06143615810980934 -0.061821765465898439 -0.013630735298401413 -0.089455652935739802 0.036015809218409738 2.1030725248742131e-05 0.01582654175152438 0.049149019664683817 0.054054695366423225 -0.10171640838517251 0.020641960926240929 0.031919309799699883 0.044802756266650041 -0.062457785101706846 -0.05092876985858056 -0.015588418377960484 -0.074013207423942448 -0.10041784414774371 0.0091968594114575919 -0.026220665800495875 0.048384748935294777 0.049725860181369173 0.02312235852222113 0.0068656230790309428 0.034913891772833237 -0.10293722685155937 -0.054085010051990623 -0.061035165635621252 0.02172511865056781 0.064093012730093518 0.018022428146023135 0.032507232055524353 -0.065932697553677658 0.0021095520075536836 0.043790934514255732 -0.097444146605981719 -0.10298883369880424 -0.024772002348096331 0.030672020654999362 -0.068864912086587862 0.030767209806087506 -0.060741069224124512 -0.050061549562218734 -0.011279201523753564 -0.10408705741085351 -0.024091193858952888 0.032099074413337703
leaf_weight=363.11093037493993 58.161502526141703 33.725151270860806 496.682578179345 14.307971962261947 49.678312718635425 42.005112836835906 202.48984062601812 83.807977230520919 243.14061032736208 530.86503478721716 418.62915059411898 660.13321236195043 2.9506946494802824 64.64191771671176 797.65308089088649 46.145598100032657 39.051826390437782 115.87703617778607 3.1102288034744552 489.06320001650602 34.138107947539538 106.8016893445747 7.3249650886282316 70.455167530104518 2.5410796352662137 1236.8504020816181 1128.5156325113494 434.1160812957678 10.068828118266536 75.670041528530419 80.069433096563444 34.107968206051737 2.8554089760873458 60.502701802412048 101.18808031047229 35.999687858158723 36.144214830594137 17.195993755944073 426.84150198777206 42.367890433175489 4.1788145371247074 15.059731710702179 61.378438826475758 35.262489503016695 3.6931513971649066 228.33690517139621 15.041929817758499 29.790071058785546 41.170976306428201 49.978161237202585 5.7663345932960501 2.2841001260094336 53.599466117797419 31.560585720464587 32.613927589263767 42.015131642110646 19.237677380442619 214.4894265148323 34.844342075288296 3.123453708132728 339.16538042889442 41.589675342198461
leaf_count=6421 28304 1436 10342 319 2322 3517 54088 2762 149689 396638 1263 351348 389 9233 384723 22019 18732 43088 980 3946 8853 5251 239 791 631 38016 15775 5672 576 32998 17420 14746 478 9690 36437 1335 735 2002 25685 1453 563 2707 10027 2666 84 12771 647 3456 6026 2508 1325 332 10142 1706 15108 3646 3036 105415 11612 360 79431 5297
internal_value=-0.000434493 -0.0364167 0.0248622 -0.0188548 -0.0264809 -0.0485715 0.0082895 0.00122511 -0.0423201 -0.0529955 0.0321461 -0.0553107 -0.0070235 -0.0148597 -0.0505068 -0.0219733 -0.0208847 -0.0163737 -0.0106701 0.0443317 -0.0439242 0.011636 0.00733361 0.0286817 0.045984 0.0286599 0.0260224 0.0363878 0.0265987 -0.0283652 -0.0168512 -0.026196 0.00174015 -0.0253814 -0.018653 0.0374494 0.00334001 -0.0298121 0.000919886 -0.0144081 0.0225381 -0.0288564 -0.0492876 -0.000962278 0.0149915 0.0103905 -0.0255221 -0.051591 0.0143495 0.0359846 -0.0101208 0.0406488 -0.0160077 0.0190729 -0.0366151 0.0058709 -0.011209 -0.053959 -0.0446417 0.0124193 -0.018795 7.58908e-05
internal_weight=10003.2 4129.43 5873.74 1689.03 1378.45 2440.4 1793.38 1296.7 759.876 2145.59 4080.35 2022.79 618.57 122.803 1491.92 401.668 267.402 294.805 568.892 907.692 831.791 895.03 714.65 180.38 16.8491 3172.66 2365.37 807.296 373.18 191.547 355.522 236.598 118.925 250.553 211.501 38.8551 630.842 150.998 592.414 165.572 46.5467 119.026 68.7034 50.3222 310.587 276.862 48.5252 33.4832 100.026 53.0884 46.9373 38.4283 468.866 34.5113 133.802 103.258 61.2428 492.474 249.334 109.925 434.355 95.1891
internal_count=1989207 1743539 245668 478155 459761 1265384 173999 163657 349635 1179099 71669 1141562 110126 37537 744924 110086 82919 86285 107804 5209 393576 53571 47169 6402 950 66460 53791 12669 6997 76086 88067 68834 19233 81969 63237 1813 44407 53547 43340 17655 2016 15639 10266 5373 18394 16958 4187 3540 10839 3488 7351 1067 96965 2095 51545 10199 6553 266716 117027 5611 94870 15439
is_linear=0
shrinkage=0.05


Tree=7
num_leaves=63
num_cat=0
split_feature=9 21 17 9 6 17 21 6 17 4 14 12 9 9 21 9 18 2 18 18 17 4 6 18 4 18 2 6 4 17 2 19 0 17 18 17 19 17 21 18 18 4 10 0 2 12 0 18 12 10 9 6 12 2 2 6 12 2 18 2 19 2
split_gain=3305.69 632.788 299.79 213.589 125.792 88.4834 89.9992 84.2419 57.1431 49.793 49.5768 47.9606 34.2574 32.5971 28.6171 28.0856 27.6334 26.9082 24.8894 27.1036 24.1366 23.4594 23.206 23.1622 22.8925 22.6098 22.4399 31.4385 27.2419 21.5676 21.5578 21.3249 23.089 43.6792 21.023 20.3246 20.3006 19.6506 19.7644 19.3572 19.0999 18.7672 17.7704 21.4706 17.7191 36.7257 24.8589 44.05 29.6715 19.9046 24.1777 37.4394 21.4938 33.4156 17.6357 17.4868 19.5179 17.4845 17.335 17.3131 17.0936 16.7991
threshold=0.0092167854309082049 5.0233817100524911 0.0081634009256958979 0.014389234129339458 82.500000000000014 0.0068729333579540261 7.1103279590606698 95.500000000000014 0.016261236742138866 41.500000000000007 100.00000000000001 14.500000000000002 0.016261236742138866 0.011299795936793091 3.0142797231674199 0.014185110572725536 57.500000000000007 26.500000000000004 80.500000000000014 23.500000000000004 1.0000000180025095e-35 2.5000000000000004 2.5000000000000004 37.500000000000007 86.500000000000014 12.500000000000002 100.00000000000001 14.500000000000002 11.500000000000002 0.013606071937829258 21.500000000000004 5.5000000000000009 66.500000000000014 0.013245614245533945 57.500000000000007 0.0077822189778089532 6.5000000000000009 0.0069204980973154315 25.933931350708011 30.500000000000004 39.500000000000007 91.500000000000014 93.500000000000014 100.00000000000001 16.500000000000004 15.500000000000002 7.5000000000000009 44.500000000000007 10.500000000000002 55.500000000000007 0.016001024283468727 25.500000000000004 33.500000000000007 50.500000000000007 7.5000000000000009 42.500000000000007 55.500000000000007 63.500000000000007 83.500000000000014 29.500000000000004 2.5000000000000004 21.500000000000004
decision_type=2 2 2 2 2 2 2 2 2 2 2 2 2 2 2 2 2 2 2 2 2 2 2 2 2 2 2 2 2 2 2 2 2 2 2 2 2 2 2 2 2 2 2 2 2 2 2 2 2 2 2 2 2 2 2 2 2 2 2 2 2 2
left_child=1 2 4 5 11 6 9 22 21 17 14 40 -10 -11 -6 -8 -12 61 19 57 23 -5 -4 25 -9 -19 27 30 42 34 35 -28 33 -33 -26 -7 -27 38 44 60 -1 -18 -29 -44 45 46 47 -23 -48 -46 51 -51 53 -53 -24 56 59 -13 -20 -15 -37 -2
right_child=3 -3 7 8 10 26 15 24 12 13 16 18 -14 55 -16 -17 41 20 58 -21 -22 37 54 -25 29 36 31 28 -30 -31 -32 32 -34 -35 -36 39 -38 -39 -40 -41 -42 -43 43 -45 49 -47 48 -49 -50 50 -52 52 -54 -55 -56 -57 -58 -59 -60 -61 -62 -63
leaf_value=0.062560187141784157 -0.0098642438243829091 0.0177084364631486 0.053433449057458227 0.035029714557623791 -0.0707491942589277 -0.098686030967050309 0.033403342903466353 -0.0015362795214795711 0.031754917857613835 -0.047455804925915133 -0.054961308102755624 -0.068253311146549339 0.056986919061109281 -0.023177880893069297 -0.016071508524217775 -0.10647504857651727 -0.022194690291721803 0.024578022305951922 0.064141653440294891 -0.040297335865243408 -0.095674048938306999 0.012164749079549439 -0.10957846023378236 0.028246861762907721 -0.043991634483390024 -0.093719280779695102 0.016947444070450159 0.031334761234282728 0.0054282242695645778 -0.0085839114055084858 0.039943915526263911 -0.10478769350268827 0.049388971872890791 0.04136103529247831 -0.015024708685745257 -0.0059508286467501439 0.0055954986700922213 0.028333192181089047 -0.10900957602429746 0.01125128882461976 -0.087516755244020916 -0.047296554517813651 -0.10569749906173034 0.04701763950061294 0.042665059704356745 -0.10375605958771179 0.03899223840344538 -0.065028409057509673 -0.10561288024443792 -0.11275508873607139 0.048687081343215297 0.026072917794757469 0.024282121024006099 -0.11345300355013742 0.0030208360422478158 -0.028588383462163303 -0.058426071322703568 -0.0076118451263744421 -0.08775950712267136 0.039344404679150624 0.045331841332285377 -0.068328550103281011
leaf_weight=18.022703609894965 94.328266971744597 496.3153490612749 23.424603552790359 1029.8438188082073 569.99604122596793 3.6754622098524115 155.93700335209724 70.468666438246146 229.36400382686406 120.97811218607239 1200.3868633748498 13.292825678596271 325.32086986768991 16.02108243922703 24.978842500597239 3.6731135323643676 113.91012620925903 18.540365329477936 10.309328229166566 449.21902137622237 4.8352185303810975 78.836040318245068 3.5235959000419816 124.67613242566586 277.56204829039052 12.01177731214557 161.52743730985094 164.94672116462607 696.49456951406319 78.932449767598882 170.82319506048225 7.3641550166066763 151.00119370571338 16.719603769015521 80.891463125357404 19.654551800340414 9.001267740968613 1412.237118214136 3.1506270989775649 232.43736707081553 2.4026582639198741 215.00585607020184 5.3055446052458137 4.064908698666839 101.02944225771353 7.3827426647767416 71.748560239560902 24.140200169291347 3.7319368110038331 7.1367391503881654 31.010652584023774 8.9913986718747783 49.990973455598578 8.2090195915661734 265.56064303952735 69.641306874691509 9.3566294406773505 112.35546770342626 2.2966017269063732 35.846910859690979 93.783883000491187 14.127101032994686
leaf_count=674 16701 39848 246 10021 441416 700 3919 11644 1581 51340 657563 6604 861 5077 6025 187 47817 2264 836 180688 1107 2800 335 11220 123233 3481 6606 4331 44955 20343 3781 422 1672 201 27578 932 1316 19668 80 8677 1223 110340 460 76 1709 1476 2270 2488 555 444 234 195 1285 449 35410 19747 2320 30731 985 1667 1827 4566
internal_value=-0.000354725 -0.0351571 -0.0425847 0.0237831 -0.0504683 0.0124243 -0.00272622 -0.0156727 0.0318758 -0.0126492 -0.0562075 -0.0304128 0.0465534 -0.0287467 -0.0684537 0.0301843 -0.0514431 0.00195899 -0.0330315 -0.0345555 0.0144289 0.0290065 0.00570158 0.0176706 -0.0279836 -0.015667 0.0184657 0.0156628 0.00985246 -0.0322446 0.0253861 0.0300498 0.0421376 -0.00332725 -0.0374547 0.0182718 -0.0511762 0.0255748 0.0157219 0.0195147 0.0449065 -0.0386033 0.0275297 -0.0394496 0.0167239 0.00552474 0.0100457 -0.00593125 0.0318426 0.026809 0.0116016 -0.00387098 0.00769415 -0.0405168 0.00154637 -0.0114511 0.00804202 -0.0140273 0.0364677 0.0200324 0.0364465 -0.0174796
internal_weight=9837.75 4028.86 3532.54 5808.9 2732.18 2416.77 688.974 800.363 3392.12 529.364 2124.28 607.899 554.685 251.844 594.975 159.61 1529.3 277.52 587.473 574.867 169.065 2837.44 292.509 164.23 507.855 39.5534 1727.8 1391.19 870.812 437.386 520.374 336.612 175.085 24.0838 358.454 349.551 21.013 1807.6 395.358 345.876 20.4254 328.916 174.317 9.37045 392.208 185.839 178.457 102.976 75.4805 206.368 105.339 74.3281 67.1914 17.2004 269.084 130.866 61.2246 125.648 12.6059 51.868 113.438 108.455
internal_count=1989207 1743539 1703691 245668 1484902 199552 124912 218789 46116 120806 1263161 221741 2442 80151 447441 4106 815720 40655 219844 218023 19388 43674 35991 18281 182798 7061 74640 65739 49822 171154 15917 8901 2295 623 150811 12136 4797 33653 13985 11436 1897 158157 4867 536 13905 9589 8113 5288 2825 4316 2607 2373 1929 644 35745 28811 9064 37335 1821 6744 2759 21267
is_linear=0
shrinkage=0.05


Tree=8
num_leaves=63
num_cat=0
split_feature=8 21 16 8 6 23 16 14 8 13 16 4 21 3 16 13 0 20 4 3 18 14 18 18 6 4 21 21 18 13 16 20 20 21 20 3 0 18 7 14 10 21 0 3 6 10 21 10 20 13 0 17 16 21 16 21 20 21 16 4 18 13
split_gain=3099.12 575.478 272.903 197.79 112.214 85.3952 72.7931 67.1357 63.6444 47.1359 43.149 42.3317 41.183 39.2752 51.7693 39.65 33.5903 30.4699 27.6483 35.9905 26.9893 25.7683 24.7949 24.473 23.0823 22.3747 22.8921 22.0195 21.4334 21.3629 20.2565 38.4202 20.1017 19.7912 19.5672 46.322 18.9772 29.2108 18.8413 18.8254 22.2121 18.6587 21.2507 26.1598 30.1312 27.4016 27.2138 24.5135 24.4499 19.3669 25.5196 33.4367 25.8644 30.9161 23.7932 19.697 18.3408 18.1498 17.7067 16.9846 16.7223 22.7428
threshold=47.500000000000007 5.482375144958497 61.500000000000007 16.500000000000004 82.500000000000014 1.5000000000000002 100.00000000000001 40.500000000000007 1.5000000000000002 0.013245614245533945 1.5000000000000002 85.500000000000014 10.499359607696535 0.011428944766521456 16.500000000000004 0.011561079882085325 3.5000000000000004 1.0000000180025095e-35 41.500000000000007 0.0098524559289217013 80.500000000000014 100.00000000000001 71.500000000000014 20.500000000000004 17.500000000000004 27.500000000000004 9.9847888946533221 3.3053351640701298 16.500000000000004 0.010152545757591726 12.500000000000002 6.5000000000000009 1.5000000000000002 19.353456497192386 5.5000000000000009 0.015749008394777778 9.5000000000000018 1.0000000180025095e-35 0.011428944766521456 20.500000000000004 13.500000000000002 8.0843319892883319 6.5000000000000009 0.0091326101683080214 46.500000000000007 15.500000000000002 7.3838927745819101 6.5000000000000009 5.5000000000000009 0.0074907417874783286 59.500000000000007 0.0069204980973154315 39.500000000000007 14.170667648315431 2.5000000000000004 9.5697541236877459 4.5000000000000009 9.0843286514282244 14.500000000000002 1.5000000000000002 56.500000000000007 0.0069204980973154315
decision_type=2 2 2 2 2 2 2 2 2 2 2 2 2 2 2 2 2 2 2 2 2 2 2 2 2 2 2 2 2 2 2 2 2 2 2 2 2 2 2 2 2 2 2 2 2 2 2 2 2 2 2 2 2 2 2 2 2 2 2 2 2 2
left_child=3 2 5 8 9 -2 41 -8 10 20 -1 22 13 29 -15 -16 -7 36 19 -9 23 27 -6 -4 -20 26 34 -13 -27 30 31 -10 59 -3 -19 38 37 -17 -36 40 -34 42 56 46 47 -46 48 -45 60 55 52 -52 54 -54 -51 -43 -5 -53 -31 -32 -44 -62
right_child=1 33 4 6 11 16 7 18 12 -11 -12 21 -14 14 15 17 -18 25 24 -21 -22 -23 -24 -25 -26 28 -28 -29 -30 58 32 -33 39 -35 35 -37 -38 -39 -40 -41 -42 49 43 44 45 -47 -48 -49 -50 50 51 57 53 -55 -56 -57 -58 -59 -60 -61 61 -63
leaf_value=0.047682804832526182 -0.035530278125332736 0.01259792253797597 -0.013629970116532936 0.046531174449763166 -0.044157879493124635 0.061927985942232359 0.023924729493595746 0.018939293975898733 -0.11258884724087542 0.042349180297120849 0.029690442864958214 -0.068752417227090509 0.036567560709110374 0.024114004124384761 -0.054888825618074302 0.03037659655163254 -0.0048395136593349574 0.024078958060915354 0.0074440676685575136 -0.031850724681822089 0.036717278793321047 -0.053589971087725431 -0.0042332178026139727 -0.039718776472290086 -0.04297008805623706 -0.10383464207171747 -0.10661097776594178 -0.02285815331394471 -0.0055422479890374519 0.048132323071476746 0.076236147384080355 0.065746819676226892 0.070238854921951741 0.041777337651012693 -0.09291495382237662 -0.10545451609777863 -0.0042294783235785581 -0.10762454363855763 0.012541374360883093 0.033603011034444741 -0.11123467335156319 -0.054775857771790865 0.0004120946340811435 -0.10097642686330109 0.014777693560001873 -0.061737138529265427 -0.10524081916550138 0.0067268247562932678 0.038227006982756891 -0.10307017314075123 0.063505631704740675 0.0037631795780735549 -0.10606942855068496 0.012926180257177653 0.036875097408057701 0.059089953814633861 -0.10214425793095738 -0.10604869134785939 0.029123299207928055 -0.027326989852655983 -0.042858925158787413 0.042996195000503043
leaf_weight=590.63887133891694 321.07089633890428 416.31329338508658 112.76446410897188 52.624955296749249 332.97495760465972 19.666841144673526 107.24397105909884 72.970856638276018 7.8043352724052948 21.706983100390062 764.577262544306 551.70272208098322 564.47539769345894 1049.3902293209685 25.738454124424607 5.3419502545148161 446.72770884097554 312.94011687592138 26.843924803892151 66.818190036807209 13.658164144493638 1121.1204855183605 44.030831816606224 443.17257575457916 147.24129150388762 6.0275808211881658 3.7794288261793545 27.435183454770595 69.437783742789179 206.53852413292043 4.5825067744590333 4.9266021959483624 2.5869127763435245 67.538485651137307 4.37025895807892 9.3774837232194823 28.782873448682949 13.589325265027581 137.37036881619133 141.65832532150671 4.8427047398872665 4.0793881141580632 142.16473904857412 5.3630906811449668 17.774102231836878 34.24567690026015 4.3622934422455719 354.13566729426384 121.93057141173631 3.1044754032045594 6.7541072927415398 5.730178921949121 7.4371534502133754 20.51492813276127 140.20664614532143 55.0596572405193 2.1594589287415138 10.959619049448518 301.10023139067926 29.096215860219672 8.9550836766138655 55.635311933467165
leaf_count=2165 144000 35903 33496 1486 166352 297 3143 7078 638 1900 8047 441158 5295 17367 5333 277 74691 8589 5208 21712 1834 636192 14484 184579 63527 1034 200 7490 7459 1915 9 31 7 1163 1115 988 3332 2490 6139 5049 419 194 10644 714 1353 7538 294 25221 3331 196 42 144 504 398 2067 407 311 551 6742 2448 1084 1433
internal_value=-0.000223784 -0.0344002 -0.0415502 0.0231398 -0.0491827 -0.0156855 0.0073412 -0.0102288 0.0285705 -0.0299652 0.037532 -0.054653 0.0244308 0.0215393 0.0173573 0.00586086 -0.00202407 0.00850647 -0.0218984 -0.00533798 -0.0327211 -0.058014 -0.039495 -0.034427 -0.0351962 0.0118709 0.0159461 -0.0665783 -0.0133931 0.0314489 0.017405 -0.0435767 0.0216528 0.0166709 0.0169443 0.00216951 -0.0298027 -0.0686839 0.00928986 0.0295341 -0.0480475 0.0143665 0.0106162 0.0084048 -2.65043e-05 -0.0355936 0.0188226 0.00512008 0.0204692 0.0261762 0.0185649 -0.0303604 0.0252622 -0.0187347 0.0338435 0.0512355 0.0406708 -0.0683465 0.0368573 -0.0132356 0.00999679 0.0310929
internal_weight=9703.17 3939.88 3456.03 5763.29 2668.57 787.465 1474.32 421.118 4288.97 591.302 1355.22 2077.26 2933.76 2369.28 1666.15 616.756 466.395 591.017 313.874 139.789 569.595 1700.26 377.006 555.937 174.085 543.303 467.838 579.138 75.4654 703.136 195.498 12.7309 182.767 483.852 464.058 151.118 47.7141 18.9313 141.741 149.088 7.42962 1053.2 799.351 744.567 411.519 52.0198 333.048 359.499 328.686 253.846 194.707 23.4439 171.263 27.9521 143.311 59.139 54.7844 16.6898 507.639 33.6787 206.755 64.5904
internal_count=1989207 1743539 1706473 245668 1487485 218988 158580 100668 87088 221809 10212 1265676 76876 71581 54323 36956 74988 31623 97525 28790 219909 1084840 180836 218075 68735 25524 17031 448648 8493 17258 8601 669 7932 37066 16831 8242 6099 2767 7254 5475 426 57912 53409 51612 34826 8891 16786 25935 16492 4503 3902 737 3165 902 2263 601 1797 695 8657 2457 13161 2517
is_linear=0
shrinkage=0.05


Tree=9
num_leaves=63
num_cat=0
split_feature=13 21 16 13 6 16 14 4 4 14 6 16 21 6 18 4 18 2 10 0 4 0 19 18 19 18 2 6 14 0 18 0 14 18 21 18 19 2 13 14 4 10 4 18 4 10 2 18 18 10 19 10 21 18 2 18 0 16 16 16 18 18
split_gain=2375.57 628.253 305.941 234.534 127.734 95.0581 86.9036 84.2046 77.1619 70.5494 59.6724 59.544 42.2495 38.6081 33.2081 32.9437 29.1965 28.8029 32.0972 27.6386 24.3871 23.8715 23.5424 22.9054 36.2498 26.4593 22.4275 21.312 24.4095 23.8165 25.9475 20.8138 26.8263 27.3603 20.97 20.6482 20.7163 24.6959 32.0261 30.2152 25.365 30.4539 24.3086 22.9321 21.8879 20.3273 20.1014 20.2312 19.5648 19.0992 19.0476 18.6574 20.8817 18.5269 18.4208 17.8635 23.9529 17.3504 17.1838 20.9373 18.6714 29.1919
threshold=0.0086581707000732439 4.346081256866456 64.500000000000014 0.013606071937829258 65.500000000000014 83.500000000000014 12.500000000000002 87.500000000000014 44.500000000000007 100.00000000000001 27.500000000000004 1.0000000180025095e-35 10.247822284698488 95.500000000000014 52.500000000000007 50.500000000000007 62.500000000000007 100.00000000000001 25.500000000000004 1.0000000180025095e-35 68.500000000000014 54.500000000000007 5.5000000000000009 58.500000000000007 4.5000000000000009 40.500000000000007 18.500000000000004 14.500000000000002 1.5000000000000002 48.500000000000007 1.0000000180025095e-35 90.500000000000014 7.5000000000000009 64.500000000000014 6.3499486446380624 26.500000000000004 3.5000000000000004 1.5000000000000002 0.016001024283468727 4.5000000000000009 5.5000000000000009 1.0000000180025095e-35 9.5000000000000018 43.500000000000007 3.5000000000000004 28.500000000000004 49.500000000000007 47.500000000000007 80.500000000000014 1.5000000000000002 1.5000000000000002 21.500000000000004 9.6724200248718279 62.500000000000007 23.500000000000004 71.500000000000014 8.5000000000000018 20.500000000000004 37.500000000000007 40.500000000000007 49.500000000000007 25.500000000000004
decision_type=2 2 2 2 2 2 2 2 2 2 2 2 2 2 2 2 2 2 2 2 2 2 2 2 2 2 2 2 2 2 2 2 2 2 2 2 2 2 2 2 2 2 2 2 2 2 2 2 2 2 2 2 2 2 2 2 2 2 2 2 2 2
left_child=1 2 7 5 8 16 -7 -1 45 -6 14 19 23 -9 46 26 17 27 -19 -5 -11 -10 -15 24 -3 -26 -12 28 -2 54 -31 53 33 -33 -35 -13 -37 38 39 -38 41 -39 -41 -42 55 -4 -8 -48 -23 57 -28 -45 -53 -25 -30 -40 -57 -46 -29 -60 61 -61
right_child=3 12 4 11 9 6 10 13 21 20 15 35 -14 22 -16 -17 -18 18 -20 -21 -22 48 -24 31 25 -27 50 58 29 30 -32 32 -34 34 -36 36 37 40 44 42 43 -43 -44 51 49 -47 47 -49 -50 -51 -52 52 -54 -55 -56 56 -58 -59 59 60 -62 -63
leaf_value=0.01139604252568303 -0.11104926345549199 -0.10040006591577394 -0.090577900706840159 0.054300188590338277 -0.066048161471328318 0.033466279232119624 0.00056562461717826306 -0.00018213055262683955 -0.0068236502802548286 -0.032525160499799685 -0.08345385062021865 0.033668192149654448 0.03142592889070614 -0.039070549871455175 -0.040558488028465033 -0.046044317983223206 0.030074761449870792 -0.10807311661322339 0.03290017424056 0.032189734587917983 -0.048206538403277453 -0.040382007413027589 -0.016396997795505571 -0.10138948941088428 0.036865434313380581 -0.031422598487827788 -0.054855213447141976 0.0069988978971702838 0.012777131887354104 0.043084441154288021 -0.10798017470497055 0.020262968813782728 0.012503879088782378 0.038448265187434744 -0.10772804482230909 0.02989710891525061 0.033662088194447104 -0.10987556155170411 0.021680760614209857 -0.11200723498991227 0.025671860412313202 0.031795177715171367 -0.00741081888699877 0.011310314078628994 0.020805593820404401 0.025082690318114987 0.044999659422034009 -0.10106164371814071 0.048581657183702984 -0.11454903982445 0.00062828294540019051 -0.010291250882921685 -0.1061813293390584 0.053861508639803039 0.039068607516652608 -0.11079535751590511 0.082039397627994351 -0.10740266307014733 -0.07774667017022055 0.013571372898536608 0.018658855130295249 -0.045975891260634047
leaf_weight=275.35904843942262 3.5765280220657578 11.677913258085026 3.9727137384470543 308.19564967928454 545.28921679861378 99.254445909056813 90.992928420309909 154.37430900603067 76.284786671749316 305.03230817371514 10.457543589640407 746.68492467596661 286.28340917802416 258.96862801362295 32.761298001278192 169.3392804923933 258.5922969430685 4.1329388190060845 175.20885219285265 261.06131075555459 1324.4533515785588 273.74862560781185 205.20273364917375 2.0268297083675852 23.712558542611077 35.303998595802113 18.035946810618043 461.46502769994549 165.546013957588 4.6735803266055864 7.255513759329915 11.231763905379923 210.66261512553319 3.0023866314440992 13.420181564521043 892.60061154956929 9.7596874590963107 3.8202066363301119 175.41441250545904 14.20761549216695 261.16993589163758 539.48473629786167 9.1207108725793677 201.43854279117659 12.227427402278408 86.790583997615613 53.855181601364166 2.4799449478741726 6.3227571391034862 5.5950996219180515 108.67161146341823 43.570600110339001 6.5281955497339359 37.028302357997745 111.49055501585826 5.6016510287299752 2.2601263523101798 3.3651211531832823 11.447658216115085 35.356695108115673 45.388892136747018 49.251360736088827
leaf_count=27555 130 2619 1468 868 444664 2203 16675 18753 18264 131721 4110 11556 8304 113006 7085 85341 9125 433 6112 2017 715290 112549 68248 277 2513 6396 8772 27565 5788 99 876 653 20943 102 1883 18854 67 184 1866 861 8233 7209 597 8957 151 10518 2282 438 736 328 18421 3772 275 977 2166 331 1 378 1724 3232 3627 9059
internal_value=-0.000131077 -0.0286009 -0.0368643 0.0216632 -0.0454765 0.007615 -0.00917249 -0.011604 -0.0211371 -0.0504806 -0.0178699 0.0293619 0.0171977 -0.021843 0.00497285 -0.0312913 0.0149909 0.0113618 0.0296514 0.0441603 -0.0452711 -0.0316197 -0.0290469 0.00549511 -0.0199115 -0.00398481 -0.0130778 0.0076987 0.0187724 0.0203792 -0.0487961 0.0119706 0.00642588 -0.0398746 -0.081004 0.0264896 0.0240377 0.0199946 0.00542849 -0.0402084 0.0232713 0.030799 -0.071113 0.0152943 0.0128138 0.0200202 0.0150976 0.0385699 -0.0383736 -0.0353006 -0.00726941 0.00451927 -0.0227863 0.0458045 0.0233579 0.0183761 -0.0553587 -0.0068638 0.00232555 -0.0129213 -0.00721272 -0.0210918
internal_weight=9571.49 4150.15 3515.8 5421.34 2621.89 1919.23 585.848 893.905 447.119 2174.77 486.594 3502.11 634.35 618.546 180.089 306.504 1333.39 1074.79 179.342 569.257 1629.49 356.356 464.171 348.067 70.6945 59.0166 137.165 895.452 292.542 288.966 11.9291 277.372 238.317 27.6543 16.4226 2932.85 2186.16 1293.56 237.552 33.088 1056.01 543.305 23.3283 512.707 204.464 90.7633 147.328 56.3351 280.071 21.1876 126.708 251.537 50.0988 39.0551 277.037 183.276 7.86178 15.5925 602.91 141.445 129.997 84.6081
internal_count=1989207 1707439 1662772 281768 1435210 215263 145327 227562 143535 1291675 143124 66505 44667 200007 26480 116644 69936 60811 6545 2885 847011 131549 181254 36363 11528 8909 31303 54266 9059 8929 975 24835 23581 2638 1985 63620 52064 33210 4580 1525 28630 7393 1458 21237 3055 11986 19395 2720 113285 857 27193 13004 4047 1254 7954 2198 332 529 45207 17642 15918 12291
is_linear=0
shrinkage=0.05


Tree=10
num_leaves=63
num_cat=0
split_feature=9 21 16 9 7 7 15 16 16 15 4 16 9 2 12 4 18 12 2 16 19 7 9 4 7 2 7 4 18 2 2 12 2 15 2 19 23 15 21 18 15 16 16 10 19 18 16 19 2 18 3 19 12 4 16 4 4 12 19 9 16 15
split_gain=2691.82 563.175 273.294 156.9 97.6289 95.759 91.9505 54.6528 54.4949 42.7831 37.2428 36.6525 34.7645 33.8286 38.6252 32.9361 32.3069 27.4303 26.9208 26.4936 25.0968 31.6673 28.8647 25.453 21.9285 21.1969 45.9246 21.1619 21.2029 20.7005 20.0233 24.6219 22.1273 33.9242 24.2508 19.745 19.6229 19.5823 23.1236 31.2658 20.7448 20.1929 18.4298 18.1642 17.8867 17.8335 16.8824 43.8294 20.7559 19.5645 21.0058 16.6575 26.5506 20.285 19.0392 16.2805 16.107 15.4468 14.8684 14.8655 19.9845 18.1236
threshold=0.009756329935044052 1.0000000180025095e-35 61.500000000000007 0.013793759513646366 0.011299795936793091 0.0062696540262550124 0.0089687905274331587 89.500000000000014 1.5000000000000002 1.0000000180025095e-35 13.500000000000002 12.500000000000002 0.016261236742138866 28.500000000000004 29.500000000000004 30.500000000000004 7.5000000000000009 94.500000000000014 44.500000000000007 93.500000000000014 5.5000000000000009 0.0063092110212892303 0.010152545757591726 17.500000000000004 0.010050504934042694 1.0000000180025095e-35 0.016001024283468727 85.500000000000014 71.500000000000014 40.500000000000007 94.500000000000014 20.500000000000004 24.500000000000004 0.014185110572725536 68.500000000000014 3.5000000000000004 3.5000000000000004 0.016001024283468727 8.524205684661867 66.500000000000014 0.016261236742138866 27.500000000000004 95.500000000000014 4.5000000000000009 2.5000000000000004 68.500000000000014 12.500000000000002 1.5000000000000002 67.500000000000014 70.500000000000014 0.01183473411947489 6.5000000000000009 28.500000000000004 8.5000000000000018 3.5000000000000004 34.500000000000007 100.00000000000001 36.500000000000007 7.5000000000000009 0.0074907417874783286 7.5000000000000009 0.015749008394777778
decision_type=2 2 2 2 2 2 2 2 2 2 2 2 2 2 2 2 2 2 2 2 2 2 2 2 2 2 2 2 2 2 2 2 2 2 2 2 2 2 2 2 2 2 2 2 2 2 2 2 2 2 2 2 2 2 2 2 2 2 2 2 2 2
left_child=1 2 4 6 11 9 7 18 12 27 -7 -1 25 55 -15 -13 -3 -17 29 -12 21 23 24 -20 -22 26 -5 28 42 51 31 46 33 -33 -34 36 56 38 39 57 -39 -41 -4 -6 -8 -37 48 -48 49 -10 -51 -2 53 -53 -55 -9 -32 -18 -26 60 -40 -61
right_child=3 16 5 8 43 10 44 13 30 -11 19 15 -14 14 -16 17 37 -19 20 -21 22 -23 -24 -25 58 -27 -28 -29 -30 -31 35 32 34 -35 -36 45 -38 40 59 41 -42 -43 -44 -45 -46 -47 47 -49 -50 50 -52 52 -54 54 -56 -57 -58 -59 -60 61 -62 -63
leaf_value=0.00042133487581087813 0.0077382932418243152 -0.070560716312022348 0.0026452485352639831 0.030874135114731943 0.064772918820185779 0.024749344320349594 0.050073778659824701 -0.023215342874029134 0.027133884884239241 -0.065409995268822185 -0.0044320716093012675 0.014078895457245813 0.049725706938889502 0.026592117628417563 -0.017077828928168618 -0.012538332091585428 0.039341362424436629 -0.038381667225511194 0.02596018530465315 -0.037235540125303952 -0.10540069533872563 0.018518597390986557 0.039456119834290607 -0.064738922865004669 -0.10597633533208058 0.032371209646718475 -0.11833737125450017 -0.052214622847596627 -0.0029990872611099697 -0.063793270612897482 -0.11657966778955936 -0.056788781978310221 0.024476669212335295 0.052591568241638686 -0.076840407011695935 0.04867362304192601 0.033019004495379138 -0.074718739069504617 -0.10609836147276491 0.055565619091037334 0.0056322462393548879 0.010923939161096241 -0.04554046773880794 0.015558466948590605 0.023853329772954967 -0.1124715599015501 -0.031908498226225532 0.022143470670525318 -0.11065807537419602 -0.11680442489759578 0.053103337283186926 -0.10607331938665401 -0.084650736174100003 -0.10201744296621858 0.0089363836251837095 -0.065129219328884089 7.1008411844250742e-05 -0.034988755924751723 0.053983802638851379 0.05031569280997205 0.023349509250241887 -0.10378535834431948
leaf_weight=144.16682663443498 438.06893134501297 10.920876131393014 21.308404298964888 16.466147915925834 22.169454136164859 28.019570491975173 76.293869726825505 61.202962946030311 1109.8528435372282 516.14672419894487 68.19901131442748 43.243662837427109 413.73395852046087 71.348952668253332 174.40401966113131 141.11867602576967 8.1509224520996195 376.92856590205338 11.377535829786209 631.52921058831271 6.1870721951127043 111.12404931755736 161.68305882392451 24.162596094654873 1.8659087461419384 459.09001447446644 7.5081871822476378 978.26729208044708 38.749340159585699 11.565961892483754 3.2910141497850409 28.971291522029787 72.715668961172923 9.3851560177281481 6.4282106503378591 186.01041238871403 98.898616341641173 11.398184319725258 3.0330838439986101 29.674359172116965 27.206019851379097 173.07902116794139 288.69801291602198 121.50685040222015 440.99029922904447 1.7328784330748011 38.727765811607242 1187.3092870217515 2.6639892412349573 1.8527382593601931 100.13902197568677 4.6365886761341235 12.241071498952804 4.1209348996635518 62.588975862599909 37.280487322248518 29.353660831227899 49.055157129769213 6.5602238574065268 81.537222447572276 175.50488014006987 1.9536959752440441
leaf_count=28447 28172 2265 5152 97 203 3211 893 16540 12165 441466 16974 4809 1285 7208 47538 25722 321 158209 393 281591 724 4939 3695 4342 194 3425 151 585692 13513 1915 227 4060 2740 127 640 1516 1326 1265 275 717 1314 19429 154088 7864 10173 105 4495 26824 93 78 721 588 2375 499 4116 19219 1358 11650 85 1811 8901 156
internal_value=-8.53212e-05 -0.0313316 -0.039009 0.022625 -0.0144153 -0.047132 0.0100978 0.00250376 0.0283265 -0.0531955 -0.0317749 -0.0220665 0.0390884 -0.0143216 -0.00439922 -0.0278425 0.0146118 -0.0313418 0.00926856 -0.0340384 0.0206608 0.00537939 0.0333738 -0.0357032 -0.0339226 0.0299777 -0.0158553 -0.0484446 -0.0378697 0.00236853 0.0249723 0.0234987 0.00114235 -0.0300253 0.0162475 0.0367784 0.021924 0.016271 0.0188124 0.00824693 -0.018092 0.0174576 -0.0422284 0.0231523 0.0277206 0.0471862 0.0245751 0.0204361 0.0287533 0.0290598 0.0500169 0.00383544 -0.0166188 -0.00494637 0.00208233 -0.0390817 -0.0116889 -0.0243979 0.0185617 0.0292944 0.0211504 0.0467097
internal_weight=9483.4 3991.57 3420.05 5491.83 849.134 2570.92 1717.7 1200.42 3774.13 1843.17 727.748 705.458 896.798 344.236 245.753 561.291 571.513 518.047 856.183 699.728 322.96 146.664 176.296 35.5401 14.6132 483.064 23.9743 1327.02 348.756 533.222 2877.33 2558.05 117.5 38.3564 79.1439 319.287 131.543 560.593 521.988 259.959 38.6042 202.753 310.006 143.676 517.284 187.743 2440.55 1226.04 1214.51 1211.84 101.992 521.657 83.5876 71.3465 66.7099 98.4835 32.6447 57.2061 8.42613 262.029 178.538 83.4909
internal_count=1990086 1775045 1726941 215041 225254 1501687 153608 142542 61433 1199911 301776 217187 4958 90505 54746 188740 48104 183931 52037 298565 14372 9674 4698 4735 1003 3673 248 758445 172753 37665 56475 51943 7567 4187 3380 4532 2911 45839 43260 32117 2579 20146 159240 8067 11066 1621 44376 31319 13057 12964 799 35750 7578 5203 4615 35759 1585 11971 279 11143 9176 1967
is_linear=0
shrinkage=0.05


Tree=11
num_leaves=63
num_cat=0
split_feature=8 21 16 8 7 7 16 4 15 15 16 4 23 2 8 0 0 16 8 2 7 2 8 7 2 16 12 4 15 0 2 16 2 11 16 0 11 19 0 2 7 7 2 16 0 11 11 11 12 2 7 19 0 8 7 12 7 19 4 12 8 16
split_gain=2463.32 560.131 253.305 146.543 88.363 86.6079 77.7606 56.5536 40.6032 39.8777 38.7956 34.0232 32.9574 31.6234 28.0077 29.239 23.6189 25.3879 23.5788 32.9127 25.8776 22.8743 22.8719 20.0735 23.6149 21.43 19.6778 18.9693 18.1392 17.7288 17.3432 16.7144 16.4478 18.652 19.7312 16.429 16.2543 15.5288 14.7868 14.7612 14.7385 25.4711 26.9213 25.2303 19.8266 20.2857 17.9218 17.8012 15.9334 15.9259 24.0346 19.9295 18.0916 15.8984 14.5956 14.5943 22.8346 15.3753 17.4204 14.9967 14.4942 14.4125
threshold=41.500000000000007 1.0000000180025095e-35 61.500000000000007 2.5000000000000004 0.0062696540262550124 0.011299795936793091 100.00000000000001 31.500000000000004 0.012270400300621988 1.0000000180025095e-35 1.5000000000000002 13.500000000000002 1.5000000000000002 34.500000000000007 14.500000000000002 58.500000000000007 17.500000000000004 93.500000000000014 5.5000000000000009 18.500000000000004 0.0096620614640414732 12.500000000000002 16.500000000000004 0.010811126790940763 20.500000000000004 1.5000000000000002 2.5000000000000004 85.500000000000014 0.013245614245533945 1.0000000180025095e-35 51.500000000000007 51.500000000000007 44.500000000000007 0.0088107436895370501 98.500000000000014 1.0000000180025095e-35 0.010929288342595102 3.5000000000000004 63.500000000000007 91.500000000000014 0.013793759513646366 0.012579114176332952 6.5000000000000009 32.500000000000007 15.500000000000002 0.0099504948593676108 1.0000000180025095e-35 0.013606071937829258 9.5000000000000018 2.5000000000000004 0.015038444194942715 6.5000000000000009 1.0000000180025095e-35 12.500000000000002 0.0077221228275448093 17.500000000000004 0.0099504948593676108 7.5000000000000009 80.500000000000014 55.500000000000007 12.500000000000002 12.500000000000002
decision_type=2 2 2 2 2 2 2 2 2 2 2 2 2 2 2 2 2 2 2 2 2 2 2 2 2 2 2 2 2 2 2 2 2 2 2 2 2 2 2 2 2 2 2 2 2 2 2 2 2 2 2 2 2 2 2 2 2 2 2 2 2 2
left_child=3 2 5 10 9 12 8 13 14 27 37 39 61 22 21 31 -13 -18 -9 -20 -21 40 28 24 35 -26 -7 -4 -8 -29 -19 -16 -33 34 -34 -23 -24 -1 54 -6 41 43 -43 -5 49 -46 -45 -44 -49 50 -42 52 60 -47 -32 -14 57 58 -57 -59 -52 -2
right_child=1 -3 4 6 11 26 7 18 -10 -11 -12 16 55 -15 15 -17 17 30 19 20 -22 23 36 -25 25 -27 -28 29 -30 -31 38 32 33 -35 -36 -37 -38 -39 -40 -41 44 42 47 46 45 53 -48 48 -50 -51 51 -53 -54 -55 -56 56 -58 59 -60 -61 -62 -63
leaf_value=0.05008336541714762 -0.0088201227374301357 0.015545077839917721 -0.037270580524366249 0.021462005930540332 -0.030226499720770284 0.066320284483331923 -0.00022607134529989889 0.021289245521559145 0.029559426396348312 -0.064010988000163402 0.027761990389283054 0.016640401946259441 0.019572602479332343 0.02714584126766946 0.0051527711836337935 0.024115333876840627 -0.0057869178205482404 -0.06766605299148748 -0.066779504541451915 -0.027303105246127658 0.0052559407521168642 0.066188144749638342 0.0060983128945188408 0.033536423845319706 -0.11491030463179806 0.021425914796834502 0.013201616321206856 0.12784825013109599 0.02990549341953283 -0.051254836279630504 -0.070535736780037592 -0.045854107046031545 -0.095621887350982926 0.046667612223179521 0.072438233342885058 -0.076784459900808594 -0.052478351218969203 0.03480053951219185 -0.039517063354097784 0.045396579542379939 -0.1123086279670838 -0.11248751237422028 -0.10580403527549925 0.054366243931542796 0.045425848277077983 -0.11111692926934125 -0.10968685158326304 0.027710841604640782 -0.048751714197252029 0.022334919562765228 -0.12116834374780799 -0.10858049870823781 0.024013082865072952 0.028889277896559547 -0.0091940259537398438 -0.0043543779287198462 -0.066529782138190566 -0.088797581419750693 -0.030019267942233779 0.01633045396144479 0.082343663941570056 -0.03851839074525952
leaf_weight=363.27826141333207 48.441933604655787 569.53505719546229 342.54057855298743 95.22905956977047 9.483487819554286 20.203340895008296 174.24318708083592 41.622189163928851 798.88512638793327 497.97496258141473 1075.9026302911807 22.745334290899336 33.587512799073011 222.19784179562703 464.87286551680882 211.13420655147638 66.118725622538477 46.78802482644096 31.98312072083354 137.74490237387363 109.57164335541893 2.4574247300624839 19.801941639743745 431.4428216801025 2.9439132916741064 137.74013418401591 127.24208482191898 1.3837145115248848 70.018706071889028 949.17487492132932 11.119221286149694 33.604432326508686 6.1350252787815407 13.386552293319253 2.4415111839771289 11.018680787645279 29.46489423327148 306.41164750978351 461.30884680745658 20.192563959863037 4.8387768776155999 8.3256528228521329 4.4420367816928765 2.2419673325493914 5.0763830954674622 8.0466308868490142 6.466324818553403 19.800343123264611 10.387461010832341 541.45330970722716 3.9451060006394982 3.6240865797735742 41.578931532450952 2.7107629394158712 75.830844588694163 133.55364692094736 20.203881866764277 3.5964859416708341 130.9431582428515 59.760380773339421 1.1241973880678404 260.75120838335715
leaf_count=1184 15829 48104 172753 2135 2263 77 13625 1715 10537 441466 12604 4507 1843 7696 28772 10989 16624 28116 13588 41994 17419 3 3407 7240 119 3313 7990 26 1030 585666 7311 7410 1120 679 15 1033 10189 1526 219307 948 233 524 383 62 87 603 799 282 735 10864 201 227 584 101 22700 20816 5290 1054 37685 6195 14 128475
internal_value=-1.10676e-05 -0.0302895 -0.0380983 0.0216951 -0.0460608 -0.0143076 0.0160767 0.00266075 0.0199803 -0.0519886 0.0336428 -0.0311821 -0.0217324 0.0129154 0.0162949 0.00842155 -0.0334563 -0.0351798 -0.0138185 -0.0190504 -0.0128781 0.0205778 0.00214303 0.0280029 0.0125163 0.018573 0.0204801 -0.0473588 0.00841127 -0.0509941 -0.0384457 0.00205483 -0.0238623 0.00978617 -0.0477797 -0.0507128 -0.0289345 0.0430908 -0.0359521 0.0212299 0.0148511 0.000627556 -0.0317594 0.0140125 0.0182629 -0.0369593 -0.0674511 -0.0123508 0.00140049 0.0197286 -0.00587821 0.00436586 0.0131406 -0.0758367 -0.0170384 -0.0119026 -0.01494 -0.0117608 -0.0170602 0.0103628 -0.0760364 -0.0338655
internal_weight=9370.07 3912.48 3342.94 5457.59 2504.66 838.284 3712 836.648 2875.35 1791.07 1745.59 713.587 690.838 515.727 2076.47 731.575 683.911 661.166 320.922 279.3 247.317 1344.89 293.529 585.603 154.16 140.684 147.445 1293.1 244.262 950.559 595.047 520.44 55.5675 21.9631 8.57654 13.4761 49.2668 669.69 548.259 29.6761 759.291 146.893 42.9555 103.937 612.398 15.8338 8.70829 34.6298 30.1878 596.564 55.1111 50.2723 46.6482 10.7574 86.9501 381.645 348.058 327.854 264.497 63.3569 5.0693 309.193
internal_count=1990086 1775045 1726941 215041 1501687 225254 199727 110663 89064 1199911 15314 301776 217187 35947 78527 48985 298565 294058 74716 73001 59413 29542 28251 11708 4468 3432 8067 758445 14655 585692 277434 37996 9224 1814 1135 1036 13596 2710 249318 3211 17834 4920 1924 2996 12914 791 861 1400 1017 12123 1259 1026 799 704 30011 72883 71040 65750 58501 7249 215 144304
is_linear=0
shrinkage=0.05


end of trees

feature_importances:
popularity=94
rank_bm25_norepeat=81
rank_decay_descending=56
rank_state_bm25_focused=56
turn_number=52
rank_cf_bpr=48
rank_metadata_qwen3=45
rank_attributes_qwen3=37
pmi_sum=36
rank_image_siglip2=35
rank_pmi_leg=33
score_state_bm25_focused=30
rank_lyrics_qwen3=25
score_image_siglip2=24
score_decay_descending=17
score_cf_bpr=14
score_pmi_leg=13
n_legs_containing=13
score_metadata_qwen3=10
score_bm25_norepeat=8
score_attributes_qwen3=6
n_prior_accepts=6
score_lyrics_qwen3=5

parameters:
[boosting: gbdt]
[objective: lambdarank]
[metric: ndcg]
[tree_learner: serial]
[device_type: cpu]
[data_sample_strategy: bagging]
[data: ]
[valid: ]
[num_iterations: 300]
[learning_rate: 0.05]
[num_leaves: 63]
[num_threads: -1]
[seed: 0]
[deterministic: 0]
[force_col_wise: 0]
[force_row_wise: 0]
[histogram_pool_size: -1]
[max_depth: -1]
[min_data_in_leaf: 10]
[min_sum_hessian_in_leaf: 0.001]
[bagging_fraction: 0.8]
[pos_bagging_fraction: 1]
[neg_bagging_fraction: 1]
[bagging_freq: 5]
[bagging_seed: 3]
[bagging_by_query: 0]
[feature_fraction: 0.8]
[feature_fraction_bynode: 1]
[feature_fraction_seed: 2]
[extra_trees: 0]
[extra_seed: 6]
[early_stopping_round: 0]
[early_stopping_min_delta: 0]
[first_metric_only: 0]
[max_delta_step: 0]
[lambda_l1: 0]
[lambda_l2: 0]
[linear_lambda: 0]
[min_gain_to_split: 0]
[drop_rate: 0.1]
[max_drop: 50]
[skip_drop: 0.5]
[xgboost_dart_mode: 0]
[uniform_drop: 0]
[drop_seed: 4]
[top_rate: 0.2]
[other_rate: 0.1]
[min_data_per_group: 100]
[max_cat_threshold: 32]
[cat_l2: 10]
[cat_smooth: 10]
[max_cat_to_onehot: 4]
[top_k: 20]
[monotone_constraints: ]
[monotone_constraints_method: basic]
[monotone_penalty: 0]
[feature_contri: ]
[forcedsplits_filename: ]
[refit_decay_rate: 0.9]
[cegb_tradeoff: 1]
[cegb_penalty_split: 0]
[cegb_penalty_feature_lazy: ]
[cegb_penalty_feature_coupled: ]
[path_smooth: 0]
[interaction_constraints: ]
[verbosity: -1]
[saved_feature_importance_type: 0]
[use_quantized_grad: 0]
[num_grad_quant_bins: 4]
[quant_train_renew_leaf: 0]
[stochastic_rounding: 1]
[linear_tree: 0]
[max_bin: 255]
[max_bin_by_feature: ]
[min_data_in_bin: 3]
[bin_construct_sample_cnt: 200000]
[data_random_seed: 1]
[is_enable_sparse: 1]
[enable_bundle: 1]
[use_missing: 1]
[zero_as_missing: 0]
[feature_pre_filter: 1]
[pre_partition: 0]
[two_round: 0]
[header: 0]
[label_column: ]
[weight_column: ]
[group_column: ]
[ignore_column: ]
[categorical_feature: ]
[forcedbins_filename: ]
[precise_float_parser: 0]
[parser_config_file: ]
[objective_seed: 5]
[num_class: 1]
[is_unbalance: 0]
[scale_pos_weight: 1]
[sigmoid: 1]
[boost_from_average: 1]
[reg_sqrt: 0]
[alpha: 0.9]
[fair_c: 1]
[poisson_max_delta_step: 0.7]
[tweedie_variance_power: 1.5]
[lambdarank_truncation_level: 20]
[lambdarank_norm: 1]
[label_gain: ]
[lambdarank_position_bias_regularization: 0]
[eval_at: ]
[multi_error_top_k: 1]
[auc_mu_weights: ]
[num_machines: 1]
[local_listen_port: 12400]
[time_out: 120]
[machine_list_filename: ]
[machines: ]
[gpu_platform_id: -1]
[gpu_device_id: -1]
[gpu_use_dp: 0]
[num_gpu: 1]

end of parameters

pandas_categorical:null
