tree
version=v4
num_class=1
num_tree_per_iteration=1
label_index=0
max_feature_idx=34
objective=lambdarank
feature_names=rank_biencoder_current_only_top100 score_biencoder_current_only_top100 rank_biencoder_large_top100 score_biencoder_large_top100 rank_biencoder_last2turns_top100 score_biencoder_last2turns_top100 rank_biencoder_mxbai_top100 score_biencoder_mxbai_top100 rank_biencoder_nv_embed_top100 score_biencoder_nv_embed_top100 rank_biencoder_personalized_top100 score_biencoder_personalized_top100 rank_biencoder_stella_top100 score_biencoder_stella_top100 rank_biencoder_top100 score_biencoder_top100 rank_bm25_norepeat score_bm25_norepeat rank_cf_bpr score_cf_bpr rank_decay_descending score_decay_descending rank_e5_large_top100 score_e5_large_top100 rank_metadata_qwen3 score_metadata_qwen3 rank_pmi_leg score_pmi_leg popularity turn_number n_prior_accepts pmi_sum is_in_all_legs n_legs_containing biencoder_cosine
feature_infos=[0:101] [0:0.016393441706895828] [0:101] [0:0.016393441706895828] [0:101] [0:0.016393441706895828] [0:101] [0:0.016393441706895828] [0:101] [0:0.016393441706895828] [0:101] [0:0.016393441706895828] [0:101] [0:0.016393441706895828] [0:101] [0:0.016393441706895828] [0:101] [0:0.016393441706895828] [0:101] [0:0.016393441706895828] [0:101] [0:0.016393441706895828] [0:101] [0:0.016393441706895828] [0:101] [0:0.016393441706895828] [0:101] [0:0.016393441706895828] [0:93] [1:8] [0:7] [0:66.898796081542969] [0:1] [1:14] [-0.31339740753173828:0.9448782205581665]
tree_sizes=7041 7007 7001 7022 7027 7025 6995 7014 6990 6996

Tree=0
num_leaves=63
num_cat=0
split_feature=8 33 12 28 22 4 24 28 28 8 22 28 20 34 8 29 4 8 22 12 20 4 34 27 20 18 34 34 27 34 34 4 22 15 28 24 28 28 34 28 27 27 0 12 34 2 8 18 8 28 27 8 27 34 4 28 4 20 15 6 28 8
split_gain=4411.86 728.077 474.46 395.388 156.709 130.362 119.97 135.767 116.878 103.648 92.5199 88.3589 102.417 70.6213 59.1974 54.0769 37.9296 32.6067 28.8717 27.694 26.4782 26.0378 29.8681 32.7951 26.0316 25.6642 29.3056 26.2416 35.3208 24.8549 24.7781 24.1233 23.3349 21.7739 21.6921 21.5126 20.6709 20.4486 20.0343 18.1039 17.8206 16.9959 21.5988 18.924 19.4854 16.8338 16.268 15.8499 15.4578 14.8071 16.3168 19.8897 14.4274 13.9285 21.5829 13.804 14.603 13.7411 13.6082 16.7206 13.5492 13.3932
threshold=53.500000000000007 3.5000000000000004 31.500000000000004 59.500000000000007 25.500000000000004 11.500000000000002 18.500000000000004 54.500000000000007 74.500000000000014 98.500000000000014 17.500000000000004 60.500000000000007 60.000000000000007 0.49296940863132482 9.5000000000000018 1.5000000000000002 19.500000000000004 10.500000000000002 84.500000000000014 16.500000000000004 18.500000000000004 31.500000000000004 0.51974141597747814 0.013245614245533945 18.500000000000004 8.5000000000000018 0.27250905334949499 0.38585288822650915 0.013986697886139156 0.42769317328929907 0.21928772330284121 12.500000000000002 18.500000000000004 0.010811126790940763 46.500000000000007 1.5000000000000002 22.500000000000004 26.500000000000004 0.5630536973476411 60.500000000000007 0.013423423748463394 0.013245614245533945 66.500000000000014 35.500000000000007 0.629572093486786 58.500000000000007 6.5000000000000009 6.5000000000000009 96.500000000000014 69.500000000000014 1.0000000180025095e-35 25.500000000000004 0.012739370577037336 0.60665178298950206 65.500000000000014 45.500000000000007 74.500000000000014 18.500000000000004 0.0063092110212892303 9.5000000000000018 33.500000000000007 72.500000000000014
decision_type=2 2 2 2 2 2 2 2 2 2 2 2 2 2 2 2 2 2 2 2 2 2 2 2 2 2 2 2 2 2 2 2 2 2 2 2 2 2 2 2 2 2 2 2 2 2 2 2 2 2 2 2 2 2 2 2 2 2 2 2 2 2
left_child=2 3 10 5 19 45 15 33 21 18 46 12 -4 25 -14 -6 -16 -12 -7 -3 -19 -5 23 61 -15 26 -11 35 32 40 -25 -9 -29 38 57 -27 -35 -20 58 -22 -18 42 -33 -44 -45 -2 -1 -17 -24 50 51 -13 53 54 -26 56 -38 60 59 -8 -21 -23
right_child=1 4 11 8 6 9 7 31 -10 13 17 49 14 24 16 47 29 20 37 34 39 22 48 30 52 27 -28 28 -30 -31 -32 41 -34 36 -36 -37 55 -39 -40 -41 -42 -43 43 44 -46 -47 -48 -49 -50 -51 -52 -53 -54 -55 -56 -57 -58 -59 -60 -61 -62 -63
leaf_value=0.091468748171558298 -0.058564840029397935 0.067114713822284552 0.065247623801963098 0.048163406511246246 -0.04503577868641867 0.015113024297235206 0.050518655991736688 0.069737383678151563 0.042330640080648817 -0.10000000000000001 0.0741730155270688 0.054409850349997603 0.046525239698616001 0.019232744740694693 0.042783347236970075 0.068636313796356554 -0.035604142555571199 0.069118880770523292 -0.066086393666550683 0.079705617416981067 0.021295473656578325 0.010490138575176056 0.039792451541703439 -0.10000000000000001 -0.029682788491284098 0.069045509457569848 0.039769886377197965 0.0021358924057494179 0.054935893474652969 0.00063809664552573638 0.065519520581117166 0.025692609304117094 -0.073945647557559432 0.025093907135533857 0.049236733928697735 -0.087502953531699235 -0.085030783785358999 -0.032177797331802184 -0.030868563960743431 0.063277225844349638 0.086160058477437004 0.059755339380287598 0.032558873963837227 -0.060464848571415097 0.011737623718711095 0.066940159460357848 0.07747889792127878 0.02905220199311492 -0.01399936959188457 0.07455870944619529 0.085096431368664849 -0.0071324736864926547 0.032303347256632836 -0.037499139351385234 -0.06651571829558621 0.0067283294911429942 -0.016894859356752352 -0.007766754521928515 -0.073312459014826067 -0.048305489159027715 -0.10000000000000001 -0.051963622819769274
leaf_weight=521.59037225037173 3.0620520487427738 69.092208081608987 89.102698947623139 12.020119930064537 18.188125791508355 24.761367298735422 4.5462043808220178 20.33560798241524 91.803588034264976 6.1617618871823643 140.05739567431738 32.639367735901033 77.540512103158107 11.734232414746655 43.138986906182254 49.982570986117935 78.874630800492014 66.652087730239145 62.237779271461477 8.5852833685930801 110.90502777567599 9.1925457491888647 16.596653658998548 2.8298025143449186 46.0070778101217 2.2034810822806312 9.5825907937251014 10.295293319126356 5.5123543343506745 257.83892345894128 11.249638695735483 57.562188507028623 478.20012270663574 24.096845442225458 52.841892354554147 538.31220325203321 15.701061359053709 155.66705161592108 155.22610168438405 33.417499762494117 3.1238517484161994 15.753247825588913 13.772679165733278 26.67394171282649 14.382732167316133 20.962587034562603 345.41317740114755 51.186348017712589 68.38487062889908 78.006837922075647 17.532699341420084 21.96279801955825 4.5465244808437992 73.367175607912941 293.46557247664168 15.51335930242203 15.754071727511475 44.042328602314228 66.690369774776627 73.153875720032374 1.1948714768514026 129.74012716002471
leaf_count=13238 2555 8288 8053 3527 9186 8485 1493 2816 41593 5023 11504 6424 17798 2421 7357 8016 50587 5534 44114 613 24941 4931 3608 6734 25108 573 2834 6005 1309 80004 3463 15342 363957 7202 10566 494392 8357 79621 54124 4108 151 2156 3849 15442 3191 4102 24519 13415 27140 12624 1128 8796 905 31490 179514 5221 6358 17542 37814 42508 667 107413
internal_value=-0.000569607 -0.0394561 0.0582767 -0.0550958 0.000645885 -0.0647228 -0.0108621 -0.021254 -0.00591876 -0.0663365 0.0771268 0.0254654 0.0161791 -0.0713046 0.00668517 0.0343388 -0.00138117 0.05547 -0.036049 0.0424542 0.0430538 -0.0236357 -0.0272619 -0.0404625 -0.054214 -0.0782875 -0.0149309 -0.0792517 -0.070922 -0.00698742 0.032252 0.0191461 -0.0723422 -0.0374366 0.0264803 -0.0868648 -0.0125543 -0.0418627 -0.0433384 0.0310162 -0.0309654 0.0111177 0.0043004 -0.018158 -0.0351713 0.050944 0.0858952 0.0486088 -0.00349398 0.0594593 0.0431307 0.0296555 -0.0562789 -0.0572544 -0.0615239 -0.0318694 -0.0509054 0.00413846 -0.0567441 -0.0425233 0.0577504 -0.0478313
internal_weight=4819.97 2902.17 1917.8 2087.9 814.276 1746.08 638.519 519.162 341.817 1722.05 1218.04 699.761 549.62 1479.39 460.517 119.357 382.976 351.032 242.666 175.757 210.975 250.014 237.994 153.012 429.121 1050.27 15.7444 1034.52 494.008 339.837 14.0794 148.48 488.495 370.682 106.664 540.516 71.0653 217.905 299.617 144.323 81.9985 128.145 112.392 54.8294 41.0567 24.0246 867.004 101.169 84.9815 150.142 72.1349 54.6022 417.386 412.84 339.473 46.9685 31.4551 53.8225 144.39 77.7001 9.78015 138.933
internal_count=2001749 1724983 276766 1450817 274166 1252408 236490 205873 198409 1245751 83844 192922 163950 1113531 155897 30617 138099 46087 132220 37676 34583 156816 153289 122541 239438 874093 7857 866236 371271 130742 10197 42796 369962 163077 29388 494965 27138 123735 135939 29049 50738 39980 37824 22482 18633 6657 37757 21431 30748 28972 16348 15220 237017 236112 204622 19936 14715 18822 81815 44001 1280 112344
is_linear=0
shrinkage=0.05


Tree=1
num_leaves=63
num_cat=0
split_feature=33 33 28 12 4 31 8 4 31 4 18 31 0 22 8 12 24 20 8 31 22 18 22 22 4 24 8 4 12 22 4 0 22 33 4 12 28 28 20 28 16 33 8 28 8 8 7 10 7 22 4 0 31 24 7 4 4 28 28 28 8 12
split_gain=3633.98 1190.65 449.114 368.403 324.923 243.661 177.809 187.635 148.684 145.416 131.801 128.512 115.633 114.459 254.176 157.94 110.386 91.386 118.917 82.1459 78.4798 70.7802 61.0359 60.0731 51.969 51.774 49.4303 75.0386 48.1556 68.0015 47.214 46.0892 45.8773 45.8573 45.4985 99.5702 52.6929 53.0395 44.5285 60.3635 54.714 42.5471 42.169 41.2491 38.9175 38.8706 43.2207 39.5218 51.2811 42.0733 40.3887 39.4419 38.1654 45.6476 52.7677 52.2187 49.9425 38.1614 37.1895 37.1726 36.8288 36.0243
threshold=9.5000000000000018 2.5000000000000004 51.500000000000007 2.5000000000000004 3.5000000000000004 10.306714534759523 69.500000000000014 57.500000000000007 10.161968708038332 35.500000000000007 12.500000000000002 1.0000000180025095e-35 16.500000000000004 16.500000000000004 97.500000000000014 36.500000000000007 7.5000000000000009 60.000000000000007 54.500000000000007 7.0416758060455331 85.500000000000014 60.000000000000007 92.500000000000014 6.5000000000000009 36.500000000000007 60.000000000000007 1.0000000180025095e-35 100.00000000000001 2.5000000000000004 19.500000000000004 2.5000000000000004 24.500000000000004 65.500000000000014 7.5000000000000009 20.500000000000004 33.500000000000007 21.500000000000004 48.500000000000007 11.500000000000002 64.500000000000014 12.500000000000002 6.5000000000000009 6.5000000000000009 38.500000000000007 51.500000000000007 14.500000000000002 0.016001024283468727 73.500000000000014 0.012579114176332952 31.500000000000004 17.500000000000004 1.0000000180025095e-35 23.466700553894047 15.500000000000002 0.013245614245533945 16.500000000000004 17.500000000000004 64.500000000000014 1.0000000180025095e-35 63.500000000000007 98.500000000000014 24.500000000000004
decision_type=2 2 2 2 2 2 2 2 2 2 2 2 2 2 2 2 2 2 2 2 2 2 2 2 2 2 2 2 2 2 2 2 2 2 2 2 2 2 2 2 2 2 2 2 2 2 2 2 2 2 2 2 2 2 2 2 2 2 2 2 2 2
left_child=1 2 6 16 28 12 -1 30 60 57 -5 22 34 15 25 17 23 -14 26 20 21 -16 44 -2 -18 -15 27 31 -3 33 -8 -19 -27 -30 45 36 -36 -38 40 -40 -22 -28 -39 -7 -11 46 51 48 49 -47 -50 -6 53 56 -55 58 -12 -4 -56 -21 -9 -24
right_child=3 4 9 10 5 43 7 8 -10 11 52 -13 13 14 19 -17 24 18 -20 59 38 -23 61 -25 -26 32 41 -29 29 -31 -32 -33 -34 -35 35 -37 37 42 39 -41 -42 -43 -44 -45 -46 47 -48 -49 50 -51 -52 -53 -54 54 55 -57 -58 -59 -60 -61 -62 -63
leaf_value=-0.022749707273194836 0.069830628806587552 0.04479723734889976 -0.0061383082694514294 0.034766679699066681 -0.10278687779231387 -0.03898212126668256 0.054537796532851804 -0.043575846143192272 0.077231936899635867 -0.061072397469937902 0.030758922071057446 0.024222568653830351 0.012995701290570061 0.026395039876941709 0.049590032448477428 0.012108010703013476 0.039259326092379455 0.017841973939643468 0.0043335867687868705 -0.025031936016193197 -0.031749274921786023 -0.020172990978415573 0.034638210379119905 0.036348753654286997 -0.035111742650011629 0.0074935451798537819 -0.086915292446649917 0.049713417469159679 0.049966161152950495 0.044412500702646046 -0.018729997586480661 -0.10368549793266463 -0.008629679927411444 -0.0045526367717628573 0.0088552420234759965 0.018513339167329581 -0.10207165105553627 -0.10281659332529779 -0.05442797173978229 -0.0061372951755613433 0.042839579040951328 -0.048479654971019019 -0.0071657013058580065 0.042279475525119327 0.012346193570931247 -0.092147127128485745 -0.065436349479073841 0.024702447271897944 -0.010716671157938333 -0.0052653912137412334 0.060829371134156596 0.027870469815942378 0.048028973030635129 0.01327128952554963 -0.1024083589985445 -0.067359007068633209 -0.001279561295519279 0.077625843905404418 -0.00040057210078693335 0.058341863727856991 -0.066537995183892085 -0.032091671830357799
leaf_weight=426.40754472691333 936.57743774494156 261.30588266428094 18.662561407894827 1845.9899692006875 5.8688095216639331 16.606757825473323 26.117325542494655 195.03470932855271 18.787345278542489 20.739199209725484 392.24789247231092 146.10703263152391 84.653970701619983 192.00538846186828 40.957111856201664 203.69047930568922 391.93797128810547 12.367870417423545 121.11517535953317 20.472041756322142 133.73009672423359 323.79279212199617 20.684649898903444 156.32916593516711 24.98719324474223 843.29422943352256 82.330221358221024 30.359504849649966 45.544252683059312 157.6720624465961 139.06904575857334 21.131767527200282 925.30320840358036 251.89876844047103 39.333989961771294 139.8830960666528 42.586011351901107 15.125381188001482 469.16839147784049 75.066310945549048 30.124528829474002 573.93109991610982 48.376934269675985 261.89141736167949 139.19020940110204 32.267224224400707 13.449370194226502 94.757310133078136 110.89139469887596 24.525809602928348 23.993541300820652 365.39367342239711 74.228917120257393 318.55344194557983 9.4721294548362476 44.093987557804212 176.31197467294987 50.096365561126731 157.5589725477621 38.532595552504063 1668.5648519868846 910.79420053918147
leaf_count=105642 2402 1648 3619 19955 140 1169 575 69396 1109 1435 4011 14543 835 6341 1930 19108 2312 48 5925 2835 15749 78780 3569 1112 338 64679 1287 100 1056 6172 39669 220 107898 3238 1082 18572 2897 289 173629 15876 3237 8345 2060 5516 37701 2185 217 5921 4369 2849 445 3663 724 7010 265 1352 4351 2032 2079 1386 846157 258695
internal_value=-0.000607643 -0.0175013 -0.0396003 0.0365264 -0.00396909 -0.00812539 -0.0521232 -0.0582402 -0.062724 -0.0158828 0.02644 -0.0198151 -0.0105756 -0.0141317 -0.00915615 -0.0277533 0.0566911 -0.0365226 -0.0415056 -0.0280225 -0.0311815 -0.0123394 -0.0257104 0.0650414 0.0348021 0.00173527 -0.0492152 -0.00722083 0.0276894 0.0178669 -0.00714576 -0.0588183 -0.00094188 0.00379524 0.00512223 -0.0116037 -0.0405736 -0.0589002 -0.0408874 -0.0477672 -0.0180362 -0.0533015 -0.0299484 0.0374339 0.00282548 0.0122324 0.0226153 -0.0017128 -0.0147714 -0.0546277 0.00201005 0.0258051 0.01333 0.0109847 0.000423556 -0.0189616 0.0208237 0.0548906 -0.00618531 0.0294148 -0.0641349 -0.0306099
internal_weight=14481.9 9953.65 3780.26 4528.29 6173.4 5456.98 2473.98 2047.57 1882.39 1306.27 3018.46 1237.52 5178.48 4222.03 3092.45 1129.58 1509.83 925.89 841.236 1131.84 1072.84 364.75 1091.41 1092.91 416.925 1960.6 720.12 63.8591 716.421 455.115 165.186 33.4996 1768.6 297.443 956.453 285.305 145.422 106.088 708.089 544.235 163.855 656.261 63.5023 278.498 159.929 671.147 384.712 286.435 191.678 56.793 134.885 371.262 1172.47 1098.24 529.679 211.125 568.56 68.7589 167.031 59.0046 1863.6 931.479
internal_count=2001749 1955838 1384142 45911 571696 559582 1062548 956906 916662 321594 39747 315943 552897 508208 472340 35868 6164 16760 15925 293422 289201 80710 301400 3514 2650 178918 10000 368 12114 10466 40244 268 172577 4294 44689 24900 6328 5246 208491 189505 18986 9632 2349 6685 39136 19789 4020 15769 9848 5034 4814 3803 19792 19068 10706 3696 8362 5651 2344 4221 915553 262264
is_linear=0
shrinkage=0.05


Tree=2
num_leaves=63
num_cat=0
split_feature=8 34 23 4 31 23 8 24 8 12 28 31 34 23 4 20 18 28 8 20 8 34 6 8 28 28 28 31 8 18 24 2 12 2 2 23 2 29 29 28 8 29 1 34 28 8 26 2 4 8 2 29 28 28 34 8 24 8 31 2 1 12
split_gain=4477.18 1098.3 735.118 304.169 332.893 175.286 137.205 123.012 115.096 101.583 94.147 86.5946 85.84 85.7962 82.7493 71.2767 69.5337 67.3098 62.2034 56.96 51.9413 50.5462 47.4732 48.3809 46.254 45.5203 44.7686 43.7022 43.0267 41.7393 41.709 41.6762 41.5393 41.3452 39.5843 39.046 39.0325 38.9285 38.5656 38.1474 38.109 36.9225 36.8102 36.4049 36.5339 36.3766 42.5789 36.1776 43.1185 35.9968 35.67 35.5165 41.5443 38.5541 35.1284 34.97 35.9777 34.5977 33.8469 58.1781 36.7067 45.9923
threshold=45.500000000000007 0.48422461748123174 0.014815627597272398 35.500000000000007 7.1005282402038583 0.009569597430527212 2.5000000000000004 12.500000000000002 98.500000000000014 43.500000000000007 57.500000000000007 20.505457878112797 0.21928772330284121 0.013245614245533945 1.5000000000000002 18.500000000000004 4.5000000000000009 56.500000000000007 27.500000000000004 3.5000000000000004 96.500000000000014 0.52967831492424022 2.5000000000000004 52.500000000000007 14.500000000000002 69.500000000000014 73.500000000000014 14.055238246917726 58.500000000000007 12.500000000000002 2.5000000000000004 34.500000000000007 1.5000000000000002 16.500000000000004 77.500000000000014 0.014185110572725536 33.500000000000007 5.5000000000000009 6.5000000000000009 41.500000000000007 19.500000000000004 5.5000000000000009 0.010582306887954475 0.31309603154659277 53.500000000000007 98.500000000000014 2.5000000000000004 66.500000000000014 13.500000000000002 17.500000000000004 4.5000000000000009 3.5000000000000004 52.500000000000007 72.500000000000014 0.35027210414409643 33.500000000000007 5.5000000000000009 8.5000000000000018 4.1005294322967538 8.5000000000000018 0.010362972505390646 73.500000000000014
decision_type=2 2 2 2 2 2 2 2 2 2 2 2 2 2 2 2 2 2 2 2 2 2 2 2 2 2 2 2 2 2 2 2 2 2 2 2 2 2 2 2 2 2 2 2 2 2 2 2 2 2 2 2 2 2 2 2 2 2 2 2 2 2
left_child=2 3 5 14 7 11 30 12 43 22 15 18 -5 17 -2 -11 -7 54 24 36 28 29 23 -3 57 41 -22 -6 -16 -17 -4 -25 35 -20 -26 39 -8 -28 42 -18 -21 -24 47 44 -9 -12 -47 -23 -49 51 -27 52 -34 -53 -10 56 -42 -1 60 -60 -51 -62
right_child=1 9 6 4 27 16 19 8 13 10 45 -13 -14 -15 20 21 32 -19 33 40 26 38 25 31 34 50 37 -29 -30 -31 -32 -33 49 -35 -36 -37 -38 -39 -40 -41 55 -43 -44 -45 -46 46 -48 48 -50 58 -52 53 -54 -55 -56 -57 -58 -59 59 -61 61 -63
leaf_value=-0.055683648650715678 0.043644601451819545 -0.10430383249321132 0.069509078557522488 -0.086374647931673584 -0.011809973130448766 0.03786605397201534 0.05306767612448441 -0.083193270004818923 -0.081343352637727753 0.0053945844509279868 0.016603910141637514 0.051001482112234757 0.0026353678142447441 -0.0026208571215439636 -0.10118679502127262 0.058383247087051587 0.026899931161411695 -0.051067149299514003 -0.076101015396231791 0.03527715207836029 -0.038188402746222871 -0.0045129490241487668 -0.014625679596852188 0.041756899426406799 0.017953734991119751 -0.10332643100515736 0.044142411851537 0.035376241393577382 0.048546017017222019 -0.042339259734805179 0.051054360842205375 -0.10333355527734221 0.022245744487457093 -0.012001159068335293 -0.0018844838773715549 -0.065260809932538397 -0.10409931195875653 -0.10455250091241686 -0.00014871117210780801 -0.040117355329576943 -0.1044455705434879 0.008152189048878291 -0.05274680473404797 -0.0339587907722015 -0.01717198391381802 -0.10353005980770427 -0.0054159340690495255 0.043319006506184497 -0.034631210239064757 -0.010030396057818408 0.037194725386024849 0.01845540143740312 0.048578801045359055 -0.068358845287696646 -0.066770205637356514 0.034371733176724172 0.0019336640853741154 -0.0024904846297792104 -0.10209831848671176 0.036355491381688206 0.020095861137322635 -0.080348588672976159
leaf_weight=48.917651667026803 71.329373075161129 6.3752609891816965 527.1799277162645 34.613950661383569 178.85234623285942 545.57380348583683 450.6115793637 82.056182800792158 730.19163121189922 205.01216931152157 223.59622970770579 84.503093133214861 124.55247200885788 50.518159711384214 5.4400839236332095 10.533907204633577 62.681605731369928 436.98561527743004 26.517398706637323 919.92316683777608 174.90135728917085 224.71879311278462 409.48259031248745 136.58711360604502 568.64848275331315 4.7329754605889311 30.940281849354506 67.622405665693805 40.638435782631859 436.43172416859306 730.28480585990474 5.1354661250952622 359.01410058140755 490.20128137001302 450.79108724626713 25.72432431881316 3.9853622070513657 5.1316952062770715 202.22676518908702 32.112320453859866 8.5312267462722939 314.59782210958656 101.82716171850916 409.52382993558422 28.139882668154314 11.310044247657059 495.96653635811526 18.772673805709928 322.70139440288767 243.28118144063046 98.540314296726137 709.47383652464487 256.99465645872988 13.023515686858444 953.48053239402361 99.758243796881288 116.26865400443785 81.494328849832527 7.9578165237326166 162.97474017413333 287.61376509128604 11.866767316823823
leaf_count=3554 823 241 1056 13960 12089 4226 1904 29716 365764 11049 17785 655 15287 9757 712 682 686 147443 2076 9588 29092 45603 39292 1901 20168 195 550 1657 1895 156935 3662 551 6742 67359 45398 477 95 287 57469 672 180 26498 21356 107828 6619 575 72480 583 115952 17867 3582 16349 2853 501 449902 1676 2850 10699 368 2793 9938 1247
internal_value=-0.000343865 -0.0300356 0.0266224 -0.0497591 -0.0546115 0.0139601 0.0464341 -0.0594326 -0.0619589 -0.00911235 -0.014948 0.00162288 -0.0167217 -0.0670182 -0.0040028 -0.0220302 0.0219075 -0.0685523 -0.000880853 0.0367167 -0.0172245 -0.0262986 0.00436686 0.0304381 0.00559462 -0.000299946 -0.0277284 0.00113596 0.0308684 -0.0399655 0.0587913 0.0364994 0.0179002 -0.0152907 0.00918137 -0.0106284 0.0516898 0.0229887 -0.0192791 0.0041972 0.0307693 -0.00472917 -0.0250704 -0.0408233 -0.0663339 -0.000197681 -0.00760345 -0.0200929 -0.0303459 0.0195756 0.0307547 0.0244111 0.0332317 0.0168905 -0.0730904 0.0123026 -0.00533834 -0.0224433 0.0105069 0.0299097 0.00439633 0.0161158
internal_weight=13979.4 6653.47 7325.91 3424.92 3096.54 4469.37 2856.54 2850.06 2690.9 3228.55 2253.1 1751.07 159.166 2171.18 328.381 1522.22 2718.29 2120.66 1666.57 1599.08 257.052 1317.21 975.452 148.098 1149.85 827.354 210.973 246.475 46.0785 446.966 1257.46 141.723 2172.72 516.719 1019.44 120.518 454.597 36.072 870.247 94.7939 1144.48 724.08 668.02 519.72 110.196 730.873 507.277 566.193 341.474 2052.2 103.273 1338.51 616.009 722.497 1683.67 224.558 124.8 130.412 713.694 170.933 542.762 299.481
internal_count=2001749 1766110 235639 1193381 1160022 214628 21011 1146276 1117029 572729 500469 149909 29247 972866 33359 409629 64719 963109 149254 16293 32536 398580 72260 2693 79819 69567 29929 13746 2607 157617 4718 2452 60493 69435 65566 1835 1999 837 240963 1358 14294 65790 183494 144163 36335 90840 73055 162138 116535 58658 3777 26445 9595 16850 815666 4706 3030 14253 32213 3161 29052 11185
is_linear=0
shrinkage=0.05


Tree=3
num_leaves=63
num_cat=0
split_feature=33 34 12 4 8 8 28 8 24 28 33 19 2 23 14 8 34 29 34 28 28 14 34 24 26 34 28 34 0 26 2 29 28 23 6 21 10 4 4 10 34 4 3 12 14 24 34 28 6 34 14 23 4 34 12 4 29 28 12 2 6 34
split_gain=3944.92 824.796 499.264 382.728 287.409 199.86 194.759 193.748 178.644 100.946 99.6619 78.8258 72.9119 70.9151 66.7008 64.1145 58.9203 57.9197 57.7717 57.6243 55.9531 63.347 59.211 52.5783 52.5718 74.1505 52.3578 52.2909 50.3558 49.7342 49.6822 52.7245 48.0968 42.7278 42.7061 40.2981 39.0533 37.7876 58.607 37.7421 37.2018 34.6759 35.0626 33.7798 60.6781 35.0444 33.5878 32.9672 32.8408 32.4098 55.3067 32.0133 34.7749 30.7579 29.7915 45.3017 60.6822 32.1928 29.6233 29.2543 29.1377 28.8099
threshold=7.5000000000000009 0.48422461748123174 9.5000000000000018 12.500000000000002 65.500000000000014 7.5000000000000009 62.500000000000007 97.500000000000014 8.5000000000000018 57.500000000000007 9.5000000000000018 0.014389234129339458 15.500000000000002 0.013986697886139156 8.5000000000000018 31.500000000000004 0.22911645472049716 1.5000000000000002 0.38116297125816351 80.500000000000014 51.500000000000007 33.500000000000007 0.29050460457801824 2.5000000000000004 10.500000000000002 0.44103041291236883 37.500000000000007 0.59293735027313244 16.500000000000004 18.500000000000004 100.00000000000001 6.5000000000000009 79.500000000000014 0.0066007319837808618 66.500000000000014 0.015749008394777778 10.500000000000002 17.500000000000004 53.500000000000007 58.500000000000007 0.16911424696445468 2.5000000000000004 0.0070176301524043092 43.500000000000007 85.500000000000014 13.500000000000002 0.40244227647781378 58.500000000000007 55.500000000000007 0.67193278670310985 44.500000000000007 0.0063898416701704272 100.00000000000001 0.58291101455688488 6.5000000000000009 4.5000000000000009 3.5000000000000004 44.500000000000007 22.500000000000004 60.500000000000007 2.5000000000000004 0.4504330456256867
decision_type=2 2 2 2 2 2 2 2 2 2 2 2 2 2 2 2 2 2 2 2 2 2 2 2 2 2 2 2 2 2 2 2 2 2 2 2 2 2 2 2 2 2 2 2 2 2 2 2 2 2 2 2 2 2 2 2 2 2 2 2 2 2
left_child=1 3 5 12 11 14 8 19 40 13 15 20 -1 27 35 34 -8 -14 -10 54 21 -5 -23 37 25 -20 30 41 33 48 31 -17 -31 -12 61 -2 -26 -7 -39 -36 -6 42 -9 45 47 -28 -34 -45 -18 -16 -51 52 -11 -54 -3 56 -56 -57 -43 -24 -47 -4
right_child=2 7 10 4 6 23 16 9 18 51 28 -13 17 -15 49 26 29 -19 24 -21 -22 22 59 -25 36 -27 43 -29 -30 32 -32 -33 46 -35 39 -37 -38 38 -40 -41 -42 58 -44 44 -46 60 -48 -49 -50 50 -52 -53 53 -55 55 57 -58 -59 -60 -61 -62 -63
leaf_value=-0.10658213027863556 0.047777722067689543 0.029926551440517819 -0.10354409042119928 0.023109633310287557 -0.086871728412876034 0.050889792006735303 -0.067955040822464022 0.051532845533627469 -0.069930242569637702 -0.031445625274437027 -0.065511597336877211 0.04638985690945735 0.058010482641911013 0.015005962082322247 0.045530133530599821 -0.058603251227798574 -0.10446878748069806 0.0011866679935577801 -0.1047031023292892 0.047264800439248286 -0.003845257924637609 -0.086717413017607908 -0.099305571559443556 0.018385264344654189 0.017473127172255038 0.048858404601233411 -0.10313841146363528 -0.012042910454634768 0.014676628125158615 -0.03989073944391143 0.038450372573874153 0.001004060029691316 -0.035051849284808444 0.034310948331111486 -0.062245390173070562 0.063365364189025858 -0.057250579095170742 -0.077044284741826494 0.041400419557102337 0.040343208667099575 0.015463782008242369 0.00088815077147570633 -0.10277765681638057 -0.017737398500577078 0.024093122139446272 -0.10366814679544684 0.034809917882665319 -0.073270087672010167 0.014666835694007988 0.024198370598906869 -0.10718230632334069 0.013766899222802118 -0.011021680466312272 0.034540485008200339 -0.00039260163478486087 -0.0059683770282179171 -0.10661941934506436 0.0098759846054560438 -0.042711505249013432 -0.028907309369781361 0.020808124537403147 0.0077485979515658394
leaf_weight=9.769781267968936 1122.7851722935447 95.513036688091233 5.8610714157111934 46.107135546510108 9.8317836166825128 239.14862420735881 68.004645120003261 18.887447545304898 1163.4827789571136 128.38364704803098 10.910362631548194 43.295641425997019 104.42684216669295 87.508611270692199 243.37692026537843 116.57577561691869 6.0829149615019551 78.595334918820299 11.11288310587406 77.202288548462093 253.01556361827534 55.634260881925002 15.351859726128167 948.84252937848214 17.790842384332791 26.86634915904142 6.1424317203927776 249.78781727328897 1060.0743522904813 230.77163551806007 23.125969766639173 54.414798680460081 28.600546984001994 614.2406620826805 9.4946682523004693 657.40626456029713 1019.1249568195781 15.684751560445873 31.255409236531705 160.82002927665599 91.812440537614748 41.254508062149398 4.5724117462523273 89.532836164464243 68.244409245555289 4.809893458383157 43.178069799672812 38.097528719110414 117.94075501302723 234.44577363692224 8.2937891012988967 208.55097825359553 122.02964685088955 53.185636116191745 33.507690561702475 570.84226190054324 22.452766350004822 731.28627030574717 700.17079609516077 381.01328066200949 208.33046558266506 739.58621053234674
leaf_count=1317 6317 3259 495 3296 5442 1179 25132 154 549236 18684 421 683 1682 7168 1914 16083 387 5381 1184 1636 30236 18317 2868 18734 3718 749 591 75519 20841 75459 776 5099 7254 7734 544 1618 441945 320 244 3213 10143 7973 846 9533 2928 395 4885 3205 5488 2047 199 22394 27966 9117 506 83545 1043 63016 266321 76323 12011 25036
internal_value=-0.000182738 -0.0265375 0.0271751 -0.0421441 -0.045791 0.0402334 -0.0532401 -0.00757323 -0.0592655 -0.0196578 0.0129333 -0.0192115 0.0265044 -0.0281808 0.0490517 0.0036724 -0.0247323 0.0336086 -0.0622094 0.00517077 -0.0229929 -0.032719 -0.0384139 0.0240503 -0.0538523 0.00392566 -0.00889638 -0.0319054 0.0213139 -0.0178417 -0.0303317 -0.0396343 -0.0287725 0.0325688 0.0120346 0.0535341 -0.0559685 0.0428391 0.00182289 0.0346241 0.00556513 -0.0383918 0.0214572 0.00112619 -0.0139644 0.0146059 0.00697315 -0.0343138 0.00882366 0.0326367 0.0197094 -0.00131586 -0.0116766 0.00280846 0.00293512 0.00103683 -0.0430135 0.00292995 -0.0402855 -0.0316339 0.0179991 0.00687356
internal_weight=13678.4 6966.95 6711.5 3821.81 3629.02 3501.24 2834.6 3145.14 2340.02 1614.33 3210.26 794.418 192.792 1102.18 2266.31 1525.04 494.579 183.022 2238.38 1530.8 751.122 498.107 451.999 1234.93 1074.9 37.9792 609.274 1014.67 1685.23 426.574 194.117 170.991 302.55 625.151 915.762 1780.19 1036.92 286.089 46.9402 170.315 101.644 764.885 23.4599 415.158 195.875 219.283 71.7786 127.63 124.024 486.116 242.74 512.15 303.599 175.215 1453.6 1358.09 55.9605 1302.13 741.425 396.365 213.14 745.447
internal_count=2001749 1860272 141477 1271125 1262745 32572 1131022 589147 1012417 436142 108905 131723 8380 357981 12095 79909 118605 7063 996832 153005 131040 100804 97508 20477 447596 1933 50621 350813 28996 93473 21958 21182 87598 8155 29288 7935 445663 1743 564 3757 15585 275294 1000 28663 15666 12997 12139 12738 5875 4160 2246 78161 55767 37083 151369 148110 1549 146561 274294 79191 12406 25531
is_linear=0
shrinkage=0.05


Tree=4
num_leaves=63
num_cat=0
split_feature=8 34 22 31 5 12 31 5 31 18 28 34 2 5 8 20 24 24 22 28 29 5 34 5 24 34 28 8 34 2 5 5 2 34 20 34 15 12 8 28 12 15 0 12 2 8 31 0 18 6 24 34 28 8 29 12 34 0 28 0 28 15
split_gain=3455.87 865.436 636.642 365.234 406.905 197.452 148.38 145.728 119.333 118.234 105.577 89.3026 87.7248 82.9355 81.9989 67.918 67.7157 62.4968 61.6325 59.4302 70.1805 56.546 47.5586 45.5589 44.0514 43.5755 49.5169 53.9318 37.5478 36.3987 35.957 35.4272 33.5806 32.4603 31.166 34.5213 31.0701 30.7717 30.7364 30.1955 39.1721 30.3077 29.9259 29.7457 29.6703 28.9038 28.8484 32.8049 28.0288 27.5998 54.3111 26.9835 52.6814 26.8466 29.2873 28.4148 26.5899 26.4061 25.9669 25.8767 25.8436 28.1787
threshold=45.500000000000007 0.48422461748123174 17.500000000000004 4.6494145393371591 0.010362972505390646 3.5000000000000004 1.0000000180025095e-35 0.014599318150430919 5.2806682586669931 3.5000000000000004 76.500000000000014 0.53654468059539806 29.500000000000004 0.011561079882085325 98.500000000000014 60.000000000000007 3.5000000000000004 5.5000000000000009 21.500000000000004 41.500000000000007 6.5000000000000009 0.010811126790940763 0.38425634801387792 0.016001024283468727 18.500000000000004 0.44237779080867773 70.500000000000014 2.5000000000000004 0.35229256749153143 31.500000000000004 0.014185110572725536 0.0098524559289217013 100.00000000000001 0.48858521878719335 1.5000000000000002 0.38585288822650915 0.0094788861460983771 1.5000000000000002 34.500000000000007 38.500000000000007 27.500000000000004 1.0000000180025095e-35 24.500000000000004 29.500000000000004 98.500000000000014 1.0000000180025095e-35 16.839878082275394 28.500000000000004 10.500000000000002 91.500000000000014 7.5000000000000009 0.50166544318199169 22.500000000000004 24.500000000000004 7.5000000000000009 36.500000000000007 0.42083087563514715 58.500000000000007 64.500000000000014 4.5000000000000009 80.500000000000014 0.015504807699471714
decision_type=2 2 2 2 2 2 2 2 2 2 2 2 2 2 2 2 2 2 2 2 2 2 2 2 2 2 2 2 2 2 2 2 2 2 2 2 2 2 2 2 2 2 2 2 2 2 2 2 2 2 2 2 2 2 2 2 2 2 2 2 2 2
left_child=2 3 5 4 9 16 15 8 11 28 14 13 24 17 -11 -4 45 -3 -16 20 49 25 -23 32 53 26 27 -17 -2 -14 38 37 36 -26 -20 -36 -6 -27 -18 40 -35 -42 59 51 -45 -1 48 -48 -10 -13 -51 58 -53 55 -55 -7 -12 -57 -19 -39 61 -31
right_child=1 7 6 -5 23 12 -8 -9 46 10 56 19 29 -15 18 21 30 43 34 -21 -22 22 -24 -25 33 31 -28 -29 -30 60 -32 -33 -34 39 35 -37 -38 42 -40 -41 41 -43 -44 44 -46 -47 47 -49 -50 50 -52 52 -54 54 -56 57 -58 -59 -60 -61 -62 -63
leaf_value=0.070044508712257661 -0.047857066305769504 0.039583472666221385 0.014621705528286092 0.012373832141959524 -0.058368133750695494 0.039676732749346917 0.028364911318789088 0.020749492049061326 -0.026527850735144517 -0.041253057124607861 -0.029723289874899451 -0.044703058512806371 -0.080353370935372023 0.017315238799187681 -0.01438631165705267 0.02857638786793425 0.024318011680460151 -0.017115100606315072 0.01742630876717971 -0.0011201836053938189 0.0041390440130568973 0.074413247707534158 0.0045914326362464768 0.040622357621702576 -0.10500008483120289 -0.10520256728898646 0.016852788888309812 -0.045413303576371356 0.034734532827866212 -0.007466844923538378 0.04415978857582338 -0.037449584965944645 0.0092597674756347663 0.01562492367482933 -0.072294268303231712 -0.05890197509444587 0.012359865394881854 -0.10188710095141956 -0.10707008256734661 0.029134178902685739 0.027084696441471941 -0.075552448961493823 -0.0047332201721604931 -0.056891104901292157 -0.033814690431154391 0.051186117808947523 -0.055216129341358305 0.052264774436598119 0.017410766849216299 0.067645587110293739 -0.026318735247937708 0.032869391971320862 -0.087307949057836953 0.017723420040009374 -0.10504767897442946 0.015498708029757363 0.022009905213789385 -0.10602664651739478 0.070730536825938189 0.033194376434587336 0.057322787192961334 0.044577533580485121
leaf_weight=320.8191198585555 19.685678707435727 26.751595371868461 612.27700494043529 250.54294326668605 44.551381928613409 1029.1382998444606 584.31553994608112 376.98693733615801 46.642318458529189 463.64401995379012 60.507197863305919 211.1316011978779 13.567998303333296 83.404598604189232 59.432212881860323 27.761830528383143 223.98633827478625 17.665658480720595 11.114668541355057 924.25503722031135 198.96794110350311 25.423460641177371 599.14289056591224 74.111343985190615 5.0713983434252432 7.1952310097403815 51.500764177530073 218.23250588215888 45.724014478153549 208.89387768623419 811.48363764584064 78.869722581701353 135.53271760896314 286.82813205732964 1119.2723184755305 844.06585355987772 23.834425605018623 3.712215043604373 4.5414955203887066 535.17600258253515 10.669783224584533 22.070206245174631 688.16970214259345 214.02284015761688 398.91945874225348 554.11968111526221 7.8259231667034319 76.461629332043231 163.61330426926725 16.438012576196343 238.49723347648978 15.699302018387241 21.756708336877637 96.670593760441989 5.114663064479827 17.020200150553141 42.133968213805929 6.0621266653761259 16.060388445388526 78.862974224146456 20.646812214283273 29.707065573194996
leaf_count=475 5198 1214 11707 20623 12090 8027 10994 14353 1658 141098 16562 42822 593 9489 16649 1631 2720 2993 1373 154955 38875 329 24667 799 375 453 3296 53653 1992 8184 4552 6828 17420 6175 556438 395022 2375 482 204 8986 354 1546 71879 65327 144156 1895 269 1139 9922 496 78485 1400 4922 1280 146 186 5742 198 254 3311 157 356
internal_value=-0.000196939 -0.0273819 0.0234738 -0.0455793 -0.0505119 0.0360056 0.00577782 -0.00835633 -0.0124534 -0.0565157 -0.0581859 -0.0161636 0.0260865 -0.0298536 -0.0602284 0.0002583 0.04785 -0.0353878 -0.064554 -0.00932178 -0.0207202 -0.0046855 0.00743358 0.00704884 0.0296911 -0.0112428 -0.0277295 -0.0370632 0.00987779 -0.000521275 0.0392261 -0.00551846 -0.00515299 0.0211238 -0.0660641 -0.0665367 -0.0337174 -0.0022812 0.021707 0.0218722 0.0097106 -0.0421036 -0.00132038 -0.0383194 -0.0418723 0.058101 0.0175711 0.0422854 0.00766359 -0.0313329 -0.02026 -0.00772522 -0.0369369 0.0360743 0.0115542 0.0384462 -0.00848693 -0.0164176 0.0247171 0.0271217 0.00365682 -0.000987048
internal_weight=13426.3 6249.25 7177.05 3194.15 2943.61 4201.59 2975.46 3055.1 2678.11 2665.58 2600.17 2383.57 2286.64 794.281 2497.53 2391.15 1914.95 710.876 2033.89 1589.29 665.035 1778.87 624.566 278.03 2013.82 1154.3 297.495 245.994 65.4097 272.816 1040.01 856.81 203.919 859.816 1974.45 1963.34 68.3858 777.94 228.528 854.744 319.568 32.74 770.745 684.124 612.942 874.939 294.543 84.2876 210.256 466.067 254.935 71.1821 37.456 1154.01 101.785 1052.22 102.641 23.0823 33.726 82.5752 259.248 238.601
internal_count=2001749 1766110 235639 1193381 1172758 46409 189230 572729 558376 1140074 1132884 545388 36563 229755 1110580 178236 9846 220266 969482 315633 160678 166529 24996 32684 27273 141533 58580 55284 7190 9290 7476 82953 31885 17436 952833 951460 14465 76125 2924 17061 8075 1900 75672 219052 209483 2370 12988 1408 11580 121803 78981 9569 6322 9837 1426 8411 22304 384 3247 3793 8697 8540
is_linear=0
shrinkage=0.05


Tree=5
num_leaves=63
num_cat=0
split_feature=33 34 22 4 9 31 31 9 9 31 34 20 24 22 4 16 2 4 34 12 34 9 2 31 19 0 24 4 12 29 24 19 19 34 22 34 14 29 4 34 22 12 34 2 10 12 34 14 19 14 19 6 4 34 22 2 10 34 20 9 4 20
split_gain=3495.73 639.589 488.22 341.947 229.151 213.536 177.996 166.095 137.449 135.727 116.605 120.926 95.5836 91.0041 65.0616 61.7091 60.0123 55.81 52.2891 48.8357 42.5771 103.86 42.1083 41.3699 38.7749 37.6984 44.7546 50.6718 37.383 39.5263 34.7467 32.6725 32.6152 32.5152 32.2538 31.1153 30.781 35.8101 50.0734 41.4849 32.5125 30.6286 32.2757 30.1291 29.5524 33.4315 29.2805 28.1464 29.6775 27.7557 31.9249 27.8219 27.6672 27.4636 27.0556 34.1611 26.2685 34.0073 26.2489 26.1365 26.0054 25.3003
threshold=7.5000000000000009 0.43171885609626776 4.5000000000000009 34.500000000000007 0.0063092110212892303 4.6494145393371591 6.330209732055665 0.0085107926279306429 0.013072453904896976 8.6952891349792498 0.63334885239601146 18.500000000000004 2.5000000000000004 91.500000000000014 1.5000000000000002 1.0000000180025095e-35 90.500000000000014 25.500000000000004 0.38585288822650915 8.5000000000000018 0.53305611014366161 0.015038444194942715 31.500000000000004 17.436305046081547 1.0000000180025095e-35 12.500000000000002 16.500000000000004 17.500000000000004 16.500000000000004 3.5000000000000004 10.500000000000002 0.016261236742138866 0.016001024283468727 0.54938581585884105 6.5000000000000009 0.41947922110557562 18.500000000000004 1.5000000000000002 24.500000000000004 0.52967831492424022 14.500000000000002 49.500000000000007 0.4787066131830216 39.500000000000007 90.500000000000014 15.500000000000002 0.69508373737335216 13.500000000000002 0.014815627597272398 64.500000000000014 0.015268065501004459 6.5000000000000009 10.500000000000002 0.53654468059539806 13.500000000000002 8.5000000000000018 4.5000000000000009 0.71799802780151378 3.5000000000000004 0.012422839645296337 67.500000000000014 1.5000000000000002
decision_type=2 2 2 2 2 2 2 2 2 2 2 2 2 2 2 2 2 2 2 2 2 2 2 2 2 2 2 2 2 2 2 2 2 2 2 2 2 2 2 2 2 2 2 2 2 2 2 2 2 2 2 2 2 2 2 2 2 2 2 2 2 2
left_child=1 3 12 16 6 7 10 15 9 25 11 -3 -2 36 -14 -5 -1 22 -17 -9 21 -6 -15 28 33 26 -4 54 29 61 -16 34 47 -19 -21 -18 -13 38 -38 -39 -40 42 -27 58 45 -22 -47 48 -30 50 51 -43 -41 -29 59 -56 57 -11 -32 -28 -25 -10
right_child=2 4 8 5 20 -7 -8 19 23 56 -12 13 14 17 30 18 35 24 -20 31 44 -23 -24 60 -26 41 27 53 32 -31 43 -33 -34 -35 -36 -37 37 39 40 52 -42 49 -44 -45 -46 46 -48 -49 -50 -51 -52 -53 -54 -55 55 -57 -58 -59 -60 -61 -62 -63
leaf_value=-0.060786156978233398 0.056651507289277869 0.022937228373634509 0.029617923676416615 0.030154174332788958 -0.017015376820542161 0.0032388706673702563 0.024003916046848761 0.04584852631361138 0.057305355930587255 -0.10667900637248112 0.0074320603143173784 0.0145839982663143 0.049641743456764732 -0.062394722710502726 0.039671954412428573 -0.066814027152935121 0.028940624239000592 -0.05410812004483289 -0.048013977522618621 0.057736370082961633 0.020045604134660708 0.031849739765456755 0.0033107483271290969 0.049890157932515944 0.020609947664496683 -0.065488584344276499 0.0099740525749964226 -0.098592559777695377 -0.0076226259382027907 0.018198336799181453 -0.076078761152250401 0.069587450997076902 0.045221600034700861 -0.033449678354701022 -0.033622201838470818 -0.096499654890643757 0.04704899806819262 -0.046309544896243719 0.028404310796813104 -0.085221881991829201 -0.051938785310605355 0.041075219091451655 0.00048728782877909151 -0.044428916275093142 0.011892387182464549 -0.022733435840060906 0.037047016491861644 0.013243275990894532 -0.10485849675352801 -0.0035409454977522008 -0.10661606862805301 -0.034297100393250943 -0.01009746929287531 0.03380753230928292 -0.086973624767253788 -0.0149111350701188 0.03321808475939287 0.023277311411964798 0.023951065121017624 -0.10468522693461624 -0.030280811534402638 0.030981494588899858
leaf_weight=22.570115620852448 877.84043449093588 93.862814195686951 189.21305039152503 18.534394670161419 657.39332956378348 172.02547113818582 176.97106449911371 23.776229685754515 110.71869010897353 7.8062632419168976 205.24199802358635 60.843576220562682 570.11525614047423 32.313433436094783 417.18948398018256 1318.362570694735 181.76190264371689 741.74961973913014 514.07682606927119 9.9664657642133516 85.779830205952749 130.29250604333356 99.367590228328481 191.00200018682517 20.532902093837038 18.966931771021336 58.792164644692093 4.1246218108572057 98.751307077589445 675.74083664803766 6.6329789005685589 8.308636778034268 64.416420191526413 256.28233924275264 315.20807846885873 5.0817722140345714 40.143116232007742 194.00201212917455 18.675903409020975 13.030560447368769 38.653601241530851 13.527562133735044 818.24664523499086 17.137234220979735 738.22564338799566 201.47818666603416 22.801446519326419 435.41481233492959 8.5245809303596598 140.017713295063 13.865851149195803 128.97555617615581 206.14373015728779 77.697534390026703 28.260550304548815 39.337664826074615 413.72546127159148 14.175333103165029 582.61953278980218 5.4291094637010238 10.680718322284518 519.85343623289373
leaf_count=5527 2514 12295 2680 1734 113020 16550 8856 690 415 452 40184 6390 2720 9024 2639 642303 12121 339649 215494 249 3560 4378 12219 1296 5313 2222 1770 610 2625 9752 152 28 417 100426 73249 1340 1204 72637 1431 1701 11779 600 43070 828 67993 25656 1506 10507 277 10096 712 15257 50627 3470 2091 2656 7220 213 7988 282 204 5751
internal_value=-1.46066e-05 -0.0256366 0.02586 -0.0450282 -0.0131874 -0.0504173 -0.0240795 -0.0545972 0.015252 0.00575651 -0.0282903 -0.0323285 0.0434028 -0.0353413 0.0361051 -0.0606217 0.0162261 -0.043444 -0.0615398 -0.0233844 -0.000148589 -0.00893251 -0.0128128 0.0241059 -0.047404 -0.00122854 0.0119094 -0.00377426 0.0218356 0.0266 0.0285655 -0.0283204 0.011584 -0.0488033 -0.0308221 0.0255289 -0.0190331 -0.0230386 0.0042222 -0.0294697 -0.0257659 -0.00589745 -0.00100738 0.0209244 0.00645169 -0.00650216 -0.0166558 0.00759125 -0.0153494 -0.0197106 -0.0341894 -0.0271421 -0.0145638 0.0271333 -0.022959 -0.045038 0.0303882 -0.0228737 0.0228251 0.000281037 0.0456445 0.0356036
internal_weight=13182.3 6623.46 6558.8 2589.67 4033.79 2380.26 2197.81 2208.23 4087.26 1972.16 2020.84 1815.6 2471.53 1721.74 1593.69 1850.97 209.414 1150.25 1832.44 357.259 1835.97 787.686 131.681 2115.1 1018.56 1536.45 402.855 213.642 1913.42 1306.31 1023.58 333.483 607.107 998.032 325.175 186.844 571.492 510.649 97.4726 413.176 57.3295 1133.6 837.214 606.39 1048.29 310.059 224.28 542.691 107.276 296.387 156.369 142.503 219.174 81.8222 131.819 67.5982 435.707 21.9816 589.253 64.2213 201.683 630.572
internal_count=2000619 1859133 141486 969285 889848 950297 673735 933747 124645 93401 664879 624695 16841 612400 14327 859531 18988 466631 857797 74216 216113 117398 21243 31244 445388 85516 13559 10879 29744 15918 11607 73526 13826 440075 73498 13461 145769 139379 14414 124965 13210 71957 45292 8968 98715 30722 27162 13409 2902 26665 16569 15857 52328 4080 6799 4747 7885 665 8140 2052 1500 6166
is_linear=0
shrinkage=0.05


Tree=6
num_leaves=63
num_cat=0
split_feature=33 34 22 5 31 8 28 18 18 12 12 3 28 8 28 21 28 34 8 8 34 29 12 34 0 24 28 21 34 21 10 31 8 0 5 31 24 22 8 22 33 14 22 8 16 16 10 10 28 5 14 28 34 22 8 28 17 0 0 3 29 8
split_gain=3367.58 582.14 364.818 300.831 271.921 260.034 163.797 118.791 104.53 104.223 91.6379 90.5276 73.479 69.8456 75.1117 68.9211 60.3185 56.6125 55.7523 55.6962 51.5189 50.7248 53.0134 46.8266 46.077 41.8921 41.4587 40.7978 37.3003 37.0005 36.05 36.037 45.4054 37.5885 36.1465 33.3017 32.9566 33.7976 32.5282 31.6496 31.5454 29.8187 28.2903 28.4863 28.1979 36.4802 30.886 28.1238 26.715 25.8485 34.6733 25.5464 25.4633 25.3531 24.7595 24.2938 24.1541 23.6697 23.5914 23.3755 23.0981 32.7324
threshold=7.5000000000000009 0.48422461748123174 4.5000000000000009 0.010471491608768703 1.0000000180025095e-35 56.500000000000007 48.500000000000007 7.5000000000000009 17.500000000000004 4.5000000000000009 37.500000000000007 0.010256679728627207 80.500000000000014 40.500000000000007 47.500000000000007 0.012579114176332952 70.500000000000014 0.38585288822650915 4.5000000000000009 22.500000000000004 0.25476719439029699 1.5000000000000002 24.500000000000004 0.56718680262565624 6.5000000000000009 60.000000000000007 70.500000000000014 0.014599318150430919 0.27250905334949499 0.013072453904896976 73.500000000000014 16.839878082275394 8.5000000000000018 1.5000000000000002 0.016001024283468727 12.851288795471193 3.5000000000000004 3.5000000000000004 52.500000000000007 10.500000000000002 12.500000000000002 4.5000000000000009 21.500000000000004 93.500000000000014 60.000000000000007 1.5000000000000002 2.5000000000000004 2.5000000000000004 82.500000000000014 0.012270400300621988 3.5000000000000004 74.500000000000014 0.52967831492424022 7.5000000000000009 18.500000000000004 29.500000000000004 0.013986697886139156 100.00000000000001 86.500000000000014 0.010471491608768703 3.5000000000000004 12.500000000000002
decision_type=2 2 2 2 2 2 2 2 2 2 2 2 2 2 2 2 2 2 2 2 2 2 2 2 2 2 2 2 2 2 2 2 2 2 2 2 2 2 2 2 2 2 2 2 2 2 2 2 2 2 2 2 2 2 2 2 2 2 2 2 2 2
left_child=1 3 9 4 5 19 10 20 31 18 60 21 17 24 -15 23 39 -9 -2 29 -7 -5 -23 38 -10 49 -21 35 -24 48 52 32 33 56 44 51 -20 59 -12 41 -39 -8 55 -44 45 46 -34 -40 -1 50 -11 -26 -27 -37 -17 -19 -4 58 -25 -38 61 -3
right_child=2 6 8 11 -6 7 16 12 13 25 15 -13 -14 14 -16 54 -18 42 36 26 -22 22 28 57 27 30 -28 -29 -30 -31 -32 -33 34 -35 -36 53 37 40 47 -41 -42 -43 43 -45 -46 -47 -48 -49 -50 -51 -52 -53 -54 -55 -56 -57 -58 -59 -60 -61 -62 -63
leaf_value=-0.011633560980823073 0.05404743791018092 0.017347777247078359 0.009547532755328117 0.036216739043286247 0.0046041796545896628 -0.079297514748998932 -0.10850614858690902 -0.065604734876832049 0.029750431222681162 -0.11285717379548416 -0.017476456766904624 -0.084259562632158821 0.0030314691302814369 -0.02643249092921653 0.011824418676088461 -0.10669318712163874 0.018825560875421823 0.0250491615321322 0.049437035270318182 -0.039177180072546232 0.021362248150484906 0.059592342594922326 0.043509854718674204 -0.025051430754158246 0.0020410168497167181 -0.1073832046600026 0.016136975867322306 0.035570243525332737 -0.02980188578817133 0.049913951029536927 -0.1096211169870781 0.040711417107370682 -0.11089062900424185 0.034696347756189495 0.046944996596920176 -0.10429639614104991 -0.10876333093497748 -0.080310364601281978 0.072762550141470567 -0.006630106383162946 0.031582016165882201 0.02678597557510437 -0.031682145217257096 -0.055073374982217788 0.025759233454214821 -0.001675854484372334 0.031328070756772484 -0.044812146065930661 0.059260025277944939 0.038949073830370967 0.016608657627730193 0.042139537552575823 0.014667677363473578 0.035188852752650511 0.022389942576124297 -0.050917848320290927 -0.1074553394084399 -0.0073032273026018037 -0.087093875598059173 0.030887608983603716 0.011420098850020224 -0.044199438057028882
leaf_weight=214.96082035364816 1134.4042303308379 37.14827202539891 10.827521607745441 143.26315772766247 270.21639960224275 15.542332222801631 4.2335517827887079 1232.6910299044685 359.58936850284226 5.611650508362799 151.97380384127609 25.025341606116854 49.814488533855183 255.16353678220185 258.05446355545428 3.8896515187807372 436.48048156732693 22.967453754274175 234.52273861761205 256.48629125050502 69.789408890996128 26.403186936746351 20.633614014601335 172.66934320307337 1001.8851700086379 4.3423069119453421 39.030160818714648 134.77166516287252 109.03411071666051 32.296572026330978 6.1557989907450965 309.39596410014201 3.9248731313273302 592.03822620632127 79.993952222634107 3.3504148148931554 3.0251771868206552 14.086864502867686 5.1353487225715062 884.37763201183407 11.393924251664428 107.19855126831681 153.90078822732903 843.67821197770536 249.69351251574699 429.08634958264884 139.6514033623971 530.58345661568455 14.164269519736989 423.02716357097961 65.949014461133629 41.360089364694431 269.29575692885555 117.75638354395051 82.66641400475055 19.424977672286332 7.4433514215052119 259.03812849079259 16.814015552168712 315.98861935711466 239.3181264345767 51.620605509728193
leaf_count=30095 3494 778 138 5117 21597 8508 258 624454 5851 146 22682 7256 10509 30778 14786 249 29936 4031 798 69764 7115 868 1304 40477 39695 356 3542 1823 18613 408 371 2443 141 5167 630 99 145 423 425 160856 63 3767 47484 404085 6906 11766 1935 209360 317 2627 792 761 5160 1536 6534 6328 190 72087 6177 2466 24441 9711
internal_value=0.000150636 -0.0251557 0.0256939 -0.0388099 -0.0434127 -0.0477892 -0.00886427 -0.0549109 0.0163319 0.0407238 -0.0201237 0.00709605 -0.0570396 0.0089232 -0.00719629 -0.0264194 0.00332721 -0.0583563 0.0476038 -0.0169999 0.00302807 0.0147337 -0.00498638 -0.0296957 0.0139107 0.0255008 -0.0318716 0.00952634 -0.018136 -0.000188719 0.010039 0.0251633 0.0219832 0.0325165 0.0148589 0.00651181 0.0349795 0.0251372 -0.0378932 -0.00346599 -0.0302769 0.0216459 -0.0497647 -0.0514647 0.0117377 0.00562406 0.0274403 -0.0436851 -0.00725099 0.0342478 0.00645619 0.00363075 0.0127309 0.03133 0.0165892 -0.00976029 -0.0381181 -0.017127 -0.0305568 0.0295633 0.0033402 -0.018443
internal_weight=13024.3 6542.47 6481.79 3559.32 3234.96 2964.75 2983.15 2407.81 3993.99 2487.8 1550.86 324.359 2322.48 2171.93 513.218 1222.77 1432.29 2272.66 1713.42 556.938 85.3317 299.334 156.071 1136.21 1658.71 774.382 295.516 1299.12 129.668 261.422 279.794 1822.06 1512.66 610.309 902.35 1164.35 579.017 344.495 687.693 995.81 25.4808 111.432 1039.97 997.579 822.356 572.663 143.576 535.719 229.125 494.588 71.5607 1043.25 273.638 121.107 86.5561 42.3924 18.2709 448.521 189.483 319.014 328.087 88.7689
internal_count=2000619 1859133 141486 1271395 1238237 1216640 587738 1112514 124645 16841 392921 33158 1096891 95329 45564 357991 194817 1086382 7389 104126 15623 25902 20785 351208 49765 9452 73306 43914 19917 30820 5887 29316 26873 5495 21378 42091 3895 3097 232467 164881 486 4025 461928 451569 20748 13842 2076 209785 30412 3565 938 40456 5516 1635 6783 10359 328 118741 46654 2611 34930 10489
is_linear=0
shrinkage=0.05


Tree=7
num_leaves=63
num_cat=0
split_feature=33 34 22 4 8 31 19 8 8 12 19 34 34 27 34 20 31 31 24 22 19 3 12 34 22 4 12 29 24 3 16 4 4 12 20 4 3 31 8 22 19 31 27 12 34 20 29 23 4 4 8 29 6 4 22 10 8 3 4 15 11 31
split_gain=3121.66 467.409 416.566 317.219 239.637 202.179 149.245 133.277 104.166 102.346 100.088 64.6117 59.6333 57.0128 71.5454 63.7855 54.2784 53.969 52.3578 47.8336 47.6427 44.8984 41.055 40.526 39.7771 37.0856 37.4019 35.1375 33.5124 33.3714 30.9978 29.5531 28.4439 28.59 28.4346 27.6996 57.6459 26.9822 26.4879 26.0302 25.9826 25.8802 25.8157 23.863 25.2091 23.2586 22.925 24.033 22.5934 30.0322 28.9689 28.5459 24.2111 22.476 22.3302 27.4609 23.7602 22.3177 21.9554 26.5881 27.0461 21.6688
threshold=6.5000000000000009 0.49155008792877203 5.5000000000000009 34.500000000000007 56.500000000000007 5.1535961627960214 0.012739370577037336 97.500000000000014 3.5000000000000004 20.500000000000004 0.014599318150430919 0.38585288822650915 0.58291101455688488 0.012739370577037336 0.54383969306945812 18.500000000000004 3.5615217685699467 4.3710863590240487 60.000000000000007 26.500000000000004 0.015749008394777778 0.010256679728627207 1.5000000000000002 0.32869631052017217 21.500000000000004 17.500000000000004 19.500000000000004 1.5000000000000002 7.5000000000000009 0.0069204980973154315 15.500000000000002 28.500000000000004 1.0000000180025095e-35 67.500000000000014 17.500000000000004 57.500000000000007 0.012121656909585001 17.706297874450687 93.500000000000014 47.500000000000007 0.015749008394777778 8.1977019309997576 0.014185110572725536 30.500000000000004 0.43843729794025427 14.500000000000002 4.5000000000000009 0.007272823480889202 37.500000000000007 52.500000000000007 28.500000000000004 2.5000000000000004 11.500000000000002 3.5000000000000004 28.500000000000004 47.500000000000007 84.500000000000014 0.012121656909585001 32.500000000000007 0.010471491608768703 0.012121656909585001 27.339073181152347
decision_type=2 2 2 2 2 2 2 2 2 2 2 2 2 2 2 2 2 2 2 2 2 2 2 2 2 2 2 2 2 2 2 2 2 2 2 2 2 2 2 2 2 2 2 2 2 2 2 2 2 2 2 2 2 2 2 2 2 2 2 2 2 2
left_child=1 3 8 21 19 10 9 17 22 48 11 -6 16 14 15 -11 25 45 -10 -5 43 27 -2 -12 -13 29 -27 53 -7 -9 -20 40 -16 41 -29 -32 -37 -24 -26 -31 -8 57 -18 44 -21 -3 -15 -48 50 -50 -4 52 -52 -1 55 -47 -57 -34 59 -49 -61 -39
right_child=2 7 6 4 5 28 31 12 18 13 23 24 -14 46 32 -17 42 -19 30 20 -22 -23 37 -25 38 26 -28 34 -30 39 35 -33 33 -35 -36 36 -38 61 -40 -41 -42 -43 -44 -45 -46 54 47 58 49 -51 51 -53 -54 -55 -56 56 -58 -59 -60 60 -62 -63
leaf_value=0.052308058489545797 0.055129657962205807 0.034098219008326332 0.023048920819018534 0.027585447753753652 -0.063207510289087124 -0.087871741753330679 0.023189948461204965 0.038110311161244526 0.035927957003275827 0.024510657439922499 -0.057163752688215531 -0.003383557234430205 -0.0051510883713012465 0.037974694289541144 0.048758193742069605 -0.055604521938850106 0.038328431339098593 0.036267104487290647 -0.07023485797228278 0.023916358478093286 0.056670485109515514 -0.058826003128359977 0.039351727285846211 0.019697720124787807 -0.030212045218150237 0.016516431228495384 -0.037536582896265311 0.065926033016356494 0.0026904178373655997 -0.10301168716888827 0.020785812464385985 0.015196201835386766 -0.0075861888416085673 -0.023167601042223703 -0.010038523603275638 0.025347172587769431 -0.10844204935403712 -0.10623801589475318 -0.052001346247098179 -0.0056730222595450979 0.03907888634281767 -0.096826043211413401 -0.035016722671304165 -0.025992873496415898 -0.048617919055803177 -0.1033345790788959 -0.054551485317718196 -0.10670472408993222 -0.031889443954704756 0.010635818483025486 -0.10142062954025353 0.010608981017122343 -0.012048057597260969 0.013588423340757293 -0.005795956952490436 0.020596161080519933 -0.097640912165635391 0.011396814847431637 0.030223408649663164 0.031626429769736855 -0.1052115091950965 0.016978997988086133
leaf_weight=70.792803640011698 782.11885555507615 47.635699907783419 757.54672262410168 61.266573936212808 1223.069026180543 10.771996933035551 749.46489385224413 34.628732561832294 869.59017918433528 30.593166737817228 23.399007743108086 50.859692656784318 440.28386390465312 89.260111154522747 24.437315865885466 132.22034170862753 43.223070176783949 116.06155731575564 10.179037870140744 49.433262002130505 20.01464932365343 22.187785592861474 563.37837272812612 64.212483768933453 164.90868906117976 33.615056730573997 667.44950129394419 13.61494992347434 197.67542048299219 9.2362413071095926 504.67412626231089 636.23118156765122 386.30417777504772 187.54795682942495 129.38784389372449 21.070626341737807 13.030333101283757 5.5926470323465756 904.39966983592603 26.789621390518732 391.80588560039178 6.9726039371453217 16.606675234390423 455.36697741999524 15.809763144003226 4.8312370227649799 15.211898273322729 7.0675485548563328 52.305365701206028 201.30397463811096 10.805148802930487 154.1943011637195 25.370855939225294 79.647366093355231 695.45138757483801 165.29261542018503 4.3610669323243192 258.39734173286706 62.069892881438136 18.13668448897079 4.5087174158543339 9.8564134035259467
leaf_count=343 1934 1390 14496 3092 631003 864 12155 1863 6004 1439 10881 11124 109027 1669 548 20689 2598 2893 332 3175 142 7382 3213 4802 50506 5644 259950 217 17961 1452 8828 15657 34337 22362 20870 907 856 103 434112 5541 3087 625 1564 99557 2153 846 805 359 3566 8804 964 8468 1632 4784 107750 7729 836 12885 1233 274 258 79
internal_value=0.000171321 -0.0267287 0.0227598 -0.0380954 -0.0427551 -0.0492476 0.0128261 -0.00919251 0.0377766 0.00475706 -0.0533 -0.0552618 -0.0200302 -0.00542693 -0.0101479 -0.0405506 -0.0279083 0.00414271 0.0282958 -0.0142856 -0.0190306 0.00975448 0.0476588 -0.000830206 -0.0465861 -0.0314652 -0.0349448 0.01494 -0.00198959 0.00306127 0.0162057 0.023831 -0.00441646 -0.00596485 -0.00280612 0.0178388 -0.0257751 0.0375641 -0.048641 -0.0306285 0.0286447 -0.001014 0.0179703 -0.0219409 0.00633977 7.93694e-05 0.019265 0.00365645 0.0151208 0.00186524 0.0186672 0.00123081 -0.0387421 0.0318088 -0.00178342 0.0142095 0.0175568 2.22277e-05 0.0133037 -0.0220413 0.00438189 -0.0276263
internal_weight=12843.5 5862.28 6981.25 3556.82 3241.19 2639.3 4201.76 2305.47 2779.49 2424.25 2430.85 2343.24 1271.83 1222.73 1026.47 162.814 831.549 1033.63 1418.54 601.891 540.625 315.631 1360.95 87.6115 1120.17 771.719 701.065 293.443 208.447 70.6546 548.954 1777.5 863.659 839.222 143.003 538.775 34.101 578.827 1069.31 36.0259 1141.27 651.674 59.8297 520.61 65.243 917.572 196.255 106.995 1201.53 253.609 947.917 190.37 36.176 150.44 869.936 174.485 169.654 644.702 91.7828 29.713 22.6454 15.4491
internal_count=2000619 1812051 188568 1302968 1269372 1161253 166312 509083 22256 135413 1142428 1126745 387639 97483 92885 22128 278612 121444 16927 108119 105027 33596 5329 15683 495742 274450 265594 26214 18825 8856 10923 30899 70757 70209 21087 10591 1763 3395 484618 6993 15242 47847 4162 104885 5328 118551 4598 2929 37930 12370 25560 11064 2596 5127 117161 9411 8565 47222 2124 891 532 182
is_linear=0
shrinkage=0.05


Tree=8
num_leaves=63
num_cat=0
split_feature=33 8 28 8 34 5 18 22 18 12 34 5 28 34 26 5 8 34 34 18 20 30 28 26 34 20 5 26 5 22 1 34 12 26 18 26 30 34 8 10 34 10 2 16 34 22 14 14 2 33 34 26 28 34 6 24 14 24 2 16 24 26
split_gain=2901.12 466.112 387.542 257.451 182.538 140.029 135.271 123.127 117.543 86.357 81.0013 83.043 67.4802 59.2748 61.0152 57.5277 57.3552 65.3253 51.3427 51.0437 49.1757 44.3531 43.7964 41.8705 40.9678 39.5682 33.4825 32.5356 30.3111 30.0549 32.781 31.1825 43.2811 29.1153 27.8487 27.7894 25.5651 25.4471 24.6669 37.0888 42.593 24.3639 30.2266 23.9567 33.6932 23.4402 23.0951 37.3943 25.466 25.8757 23.8595 22.9138 22.6905 22.6645 22.6493 41.1376 25.3226 22.1952 21.9032 29.1225 22.2394 21.5271
threshold=5.5000000000000009 8.5000000000000018 64.500000000000014 68.500000000000014 0.55523318052291881 0.011696306522935631 17.500000000000004 5.5000000000000009 60.000000000000007 41.500000000000007 0.40244227647781378 0.009756329935044052 48.500000000000007 0.38585288822650915 17.500000000000004 0.015749008394777778 22.500000000000004 0.49727916717529302 0.50166544318199169 4.5000000000000009 1.5000000000000002 1.0000000180025095e-35 80.500000000000014 17.500000000000004 0.39356452226638799 18.500000000000004 0.015749008394777778 10.500000000000002 0.012422839645296337 23.500000000000004 0.0078432578593492525 0.474544107913971 13.500000000000002 1.5000000000000002 2.5000000000000004 10.500000000000002 2.5000000000000004 0.33472086489200598 19.500000000000004 1.5000000000000002 0.53133547306060802 4.5000000000000009 22.500000000000004 60.000000000000007 0.38902772963047033 97.500000000000014 28.500000000000004 10.500000000000002 18.500000000000004 6.5000000000000009 0.65528917312622081 1.5000000000000002 35.500000000000007 0.4343679547309876 24.500000000000004 7.5000000000000009 13.500000000000002 1.5000000000000002 3.5000000000000004 1.5000000000000002 11.500000000000002 11.500000000000002
decision_type=2 2 2 2 2 2 2 2 2 2 2 2 2 2 2 2 2 2 2 2 2 2 2 2 2 2 2 2 2 2 2 2 2 2 2 2 2 2 2 2 2 2 2 2 2 2 2 2 2 2 2 2 2 2 2 2 2 2 2 2 2 2
left_child=2 7 3 16 5 8 28 20 24 15 11 -4 25 -10 33 23 57 35 37 -9 -2 -7 51 -8 -5 36 -22 -6 43 -21 31 -31 -33 -15 -30 -18 -11 -14 39 40 -36 -27 -43 44 -3 -29 47 -34 50 -50 -48 -12 -38 -35 55 -46 -57 -1 59 -20 -60 -56
right_child=1 6 10 4 27 21 9 19 13 12 22 -13 18 14 -16 -17 17 -19 58 29 26 -23 -24 -25 -26 41 -28 45 34 30 -32 32 46 53 38 -37 52 -39 -40 -41 -42 42 -44 -45 54 -47 48 -49 49 -51 -52 -53 -54 -55 61 56 -58 -59 60 -61 -62 -63
leaf_value=0.072530298542050994 0.055290614146280684 -0.10479861063651695 -0.034037645783910726 -0.031429667315321895 0.056827710481617513 0.02078264604314169 0.025394109579889912 0.038873194088753879 -0.061168228638849957 -0.053677059532548532 -0.104959154364048 0.039800553520282785 0.072473834404024051 -0.10940956289463009 -0.047318907839352359 0.028769175510445357 0.051510738829873337 -0.0017867143125118341 0.084853542474640151 0.024065739636622452 0.030111902707851503 -0.028559452879336235 0.030885615522729296 0.00041289044547804818 0.018420683293502448 0.027792452277266122 0.045592217055679313 -0.0015368049129086821 0.038203648809993052 0.038233498300920932 0.016094991369194442 -0.080587749482632337 -0.10700223378652128 -0.094032186822455788 0.076453851804817882 -0.038261097090108824 0.043520153695778122 -0.073497872137617812 0.008095662777251619 0.033251539214523618 -0.11083314292601409 -0.070220537913633668 -0.028935923392390345 0.025707417279404933 0.0068983153642185437 -0.024330446491179169 -0.11148333779069508 0.039984159770361127 -0.0022782164831816492 -0.10452176103754539 0.068242157240604187 0.0029418598429829233 -0.037226103009810385 0.035155604611689803 0.035817284568716037 -0.0099285600651902658 -0.091198495111939906 0.00092990687335630685 -0.072087968852137543 -0.10790577117842221 0.013194576197888106 0.0072725449632792278
leaf_weight=11.147054461762307 538.20254962844774 6.7185098628979167 242.65390233317157 89.710569763032254 15.957500129938124 90.971324979444034 195.28554330114275 369.80553266662173 1027.0254147669766 12.547833687858654 4.9662933626677832 45.166359601193108 3.3421964612789479 4.548045885981991 1381.2045504766284 280.50347751681693 8.8502222601091471 237.63521861471236 2.5817232131957999 622.63696640124545 731.15331412659725 91.203806075500324 172.87955321068875 1188.8981870294083 76.239610085845925 15.940871805651112 668.82261688518338 180.96681502461433 325.83744521066546 22.608413993846625 275.8578574641142 27.249469923088327 4.98674830677919 3.7239077143603927 4.4817449860274783 332.32280898519093 40.02387471543625 27.9878752194345 248.48247600521427 286.75261847209185 9.408831288572399 52.69932660588529 279.35760884894989 240.15953780233394 120.68747534928843 299.39229595125653 2.3625299446284762 32.708106444217265 10.503145753173159 15.062551530543713 8.4566451772116107 530.61403959267773 11.117004608036948 38.44237197865732 93.505207294831052 18.296735151670873 20.130526175256819 372.90113967820071 7.8281995509751132 8.1297454717569035 325.58950999379158 224.95007574255578
leaf_count=29 1205 737 72883 34656 684 4869 4161 2256 548034 1178 378 1450 128 519 634739 4052 254 40654 3 9141 5549 19553 10008 75581 9335 1396 2595 43931 2276 416 5687 992 378 1189 6 99039 1214 5332 5114 3178 286 11121 50597 6882 2483 110659 166 690 532 1131 87 80116 1066 1898 1093 589 1364 42500 645 755 23787 7393
internal_value=0.000222359 0.02044 -0.0281582 -0.0347207 -0.0413591 -0.0463078 0.0090482 0.0342975 -0.0492541 0.00166895 -8.28039e-05 -0.0224505 -0.0119773 -0.0520072 -0.0454181 0.00812155 -0.0119732 -0.0219135 0.0033524 0.0229542 0.0424456 -0.00391989 0.00900436 0.00393733 -0.00852779 -0.0259579 0.0375074 -0.0134101 0.0203603 0.0171965 0.0064983 -0.0148618 -0.0267084 0.0107825 0.0266235 -0.0359324 0.0102761 -0.0579261 0.0197522 0.0293863 -0.0504057 -0.0325893 -0.035488 0.0127958 0.00639284 -0.0157433 -0.00688937 0.020539 -0.0353052 -0.0625171 0.0289964 0.00194132 0.0259675 0.0237464 0.00795709 -0.00744742 -0.0525027 0.00300812 0.00893129 -0.0614461 0.0111923 0.0156539
internal_weight=12640.2 7381.66 5258.52 4262.24 3299.39 2803.07 4051.24 3330.42 2620.89 2451.83 996.28 287.82 787.146 2454.94 1427.92 1664.69 962.856 578.808 375.459 1392.24 1938.18 182.175 708.46 1384.18 165.95 411.687 1399.98 496.317 1599.41 1022.43 399.795 123.938 101.329 46.7143 874.963 341.173 63.6887 31.3301 549.126 300.643 13.8906 347.998 332.057 724.448 484.289 480.359 74.0797 37.6949 36.3849 25.5657 10.8192 535.58 51.1409 42.1663 477.57 159.115 38.4273 384.048 344.129 10.7115 333.418 318.455
internal_count=2000619 243242 1757377 1592542 1410066 1254792 212417 30825 1230370 181016 164835 74333 97222 1186379 638345 83794 182476 139947 30650 21476 9349 24422 90502 79742 43991 66572 8144 155274 31401 19220 10079 4392 3976 3606 10860 99293 3458 5460 8584 3470 292 63114 61718 20541 13659 154590 2984 1068 1916 1663 253 80494 2280 3087 12922 4436 1953 42529 25190 758 24432 8486
is_linear=0
shrinkage=0.05


Tree=9
num_leaves=63
num_cat=0
split_feature=33 12 28 34 31 4 8 33 23 8 24 28 31 34 8 34 4 8 8 31 18 30 31 24 34 8 24 34 4 23 28 8 24 4 12 30 12 14 8 4 16 34 14 10 4 4 31 14 10 28 8 14 2 20 28 31 30 8 14 26 2 2
split_gain=2768.06 422.421 369.911 237.048 158.007 143.297 145.402 124.55 123.047 76.7226 76.499 73.8949 65.781 56.35 52.0091 50.8872 71.2014 50.0042 48.0992 47.0048 43.731 37.2102 34.8019 39.1039 34.3472 32.6143 31.5712 62.2614 57.0919 41.2799 36.1758 31.2073 30.7556 30.1274 28.144 34.2889 28.1325 69.2838 28.1047 26.2244 28.2297 26.0345 25.836 28.3003 25.7072 24.401 25.4792 26.3558 24.2826 33.8955 37.5073 23.9332 25.9893 23.6116 23.2541 23.2345 23.15 22.6973 22.7399 22.591 31.9678 22.4763
threshold=5.5000000000000009 9.5000000000000018 64.500000000000014 0.49155008792877203 8.6628665924072283 7.5000000000000009 22.500000000000004 9.5000000000000018 0.015504807699471714 70.500000000000014 11.500000000000002 75.500000000000014 13.275508403778078 0.59293735027313244 93.500000000000014 0.40244227647781378 55.500000000000007 17.500000000000004 20.500000000000004 5.1535961627960214 5.5000000000000009 2.5000000000000004 4.4654300212860116 10.500000000000002 0.21928772330284121 54.500000000000007 10.500000000000002 0.53654468059539806 44.500000000000007 0.00766294775530696 45.500000000000007 22.500000000000004 2.5000000000000004 43.500000000000007 5.5000000000000009 2.5000000000000004 94.500000000000014 100.00000000000001 3.5000000000000004 8.5000000000000018 3.5000000000000004 0.59833386540412914 23.500000000000004 54.500000000000007 12.500000000000002 7.5000000000000009 1.0000000180025095e-35 31.500000000000004 8.5000000000000018 41.500000000000007 1.0000000180025095e-35 65.500000000000014 13.500000000000002 15.500000000000002 39.500000000000007 8.4865522384643572 2.5000000000000004 49.500000000000007 64.500000000000014 8.5000000000000018 20.500000000000004 41.500000000000007
decision_type=2 2 2 2 2 2 2 2 2 2 2 2 2 2 2 2 2 2 2 2 2 2 2 2 2 2 2 2 2 2 2 2 2 2 2 2 2 2 2 2 2 2 2 2 2 2 2 2 2 2 2 2 2 2 2 2 2 2 2 2 2 2
left_child=2 8 3 4 5 -1 53 11 20 -5 24 12 17 22 -12 16 -4 36 32 25 -2 44 23 -11 -8 -18 28 33 -19 41 42 -20 -10 51 -33 -36 48 -38 -22 -34 -41 55 43 56 -15 -17 47 -47 49 50 -3 52 -28 -7 -39 -30 -29 58 -44 60 -13 -59
right_child=1 7 15 9 -6 6 10 -9 18 13 14 59 -14 21 -16 45 19 26 31 -21 38 -23 -24 -25 -26 -27 27 30 29 -31 -32 34 39 -35 35 -37 37 54 -40 40 -42 -43 57 -45 -46 46 -48 -49 -50 -51 -52 -53 -54 -55 -56 -57 -58 61 -60 -61 -62 -63
leaf_value=0.018581106752003109 0.034300723111987945 0.030524847725734251 0.032813292856685439 0.00015296034249588663 0.030330573128170418 0.0436514039590713 -0.071689148303960601 0.019276263016240316 0.052343400632723573 0.038579259704904834 -0.037319055043459427 0.058075494013395491 0.034004601259728297 0.044380970569015778 -0.055679548304968421 0.042629464989937096 -0.0055449067888856292 0.051512770232639338 -0.11281314406757253 0.0064582593762805493 0.029345299963208855 0.0072535617606270496 0.0238423867428256 -0.036418437325515453 0.0075866910934511188 -0.057596453517713288 0.01922111051320604 -0.028654904536525496 0.02062557489531032 -0.10610704346870699 0.0033400994734522163 0.027740980393109099 0.042551470451280833 -0.053313305099806245 0.01926827314307732 -0.11029722834339878 -0.098404637412362383 -0.10385914223181195 0.012154699682399345 -0.11335413168294189 0.024733710037458161 -0.10437949654031708 -0.028020494209778913 -0.067354756943991942 -0.042719320800669286 -0.070452480344522103 0.020191299491173487 0.00039376203933251834 0.013437360473691339 0.0088774654465450381 -0.09202222064286919 0.0091918157437476857 -0.061926116064293657 -0.012110022614986053 0.043878571768930355 -0.11085770514447167 0.01936013527973179 -0.062100986988947428 0.011915834692534899 0.039414829962799214 -0.10772005692287778 -0.023494941507883969
leaf_weight=87.205763763398863 555.33459671432502 8.7169584170915204 54.606788711040281 431.70560949703213 72.477649481443223 21.132607282139361 16.524681397713721 1554.1099487564061 677.7655513943173 17.837477901717648 488.37057630438358 5.3086435794830322 120.9784373617731 9.5501341586932522 1834.6735711429501 44.466024819528684 39.816979925497435 55.694333521532826 4.4685372803360215 61.346664649085142 336.66180497733876 182.20687965617981 26.537328579695895 678.51072625361849 78.900129996531177 123.23960887081921 13.486729231895877 33.400173538131639 47.390688940766267 10.878681793343274 444.53186015982646 167.4917250147555 790.11534089152701 120.41566656378563 12.547707783523949 8.6105178785510343 20.758625087910332 3.0389025618787882 809.32436615636107 3.7744089947082093 190.64484211057425 5.3761135595850638 82.101156186312437 13.962870517745612 74.999855067348108 13.496847683796657 185.53636403148994 479.74237682705279 549.98673446499743 52.460283476859331 22.007320381584577 48.111141380039044 36.763997266243678 186.76065138395643 21.562965826131403 3.6163478265516451 101.06129253352992 60.270364804891869 62.993026071228087 143.99029149068519 6.4277265942655486 100.67907849722542
leaf_count=3543 3979 90 2179 59840 5226 262 10592 28914 1572 1676 162288 42 2101 852 953191 772 5155 1140 153 6059 3275 53589 2235 276645 11395 60940 1064 3779 2310 1156 36037 1736 3680 25465 198 441 2103 377 22773 95 1723 664 9402 3061 23750 3382 7066 79282 18523 1168 1274 5602 7240 27458 471 228 8082 14903 5506 3601 327 18987
internal_value=0.000298249 0.0201527 -0.0275487 -0.0340514 -0.0425283 -0.0444744 -0.0465681 0.00844463 0.0324971 -0.0174355 -0.0500173 0.00077897 -0.00175502 -0.0251079 -0.0518196 -0.000250559 -0.0183897 -0.00400908 0.0414025 -0.0308496 0.0227852 -0.00546734 -0.0323556 -0.0344973 -0.00614148 -0.0448859 -0.00997739 -0.0126227 0.0140706 -0.0169323 -0.00680134 0.0177835 0.0441464 -0.0365437 0.020877 -0.0334595 0.00690431 -0.0311331 0.0172049 0.0385036 0.0220529 0.000273205 -0.0167211 0.000397615 -0.0328811 0.00674712 0.0043965 -0.00154485 0.00962931 -0.0155481 -0.0572537 -0.0160143 -0.0401471 -0.0064418 0.0256295 0.0113035 0.00743322 -0.0250232 -0.010682 0.0339779 -0.0327267 -0.0379517
internal_weight=12516.5 7306.82 5209.65 4207.39 2786.05 2713.57 2626.36 3750.08 3556.74 1421.35 2418.47 2195.97 2040.24 989.642 2323.04 1002.25 279.01 1919.27 1855.42 224.403 1701.32 266.757 722.886 696.348 95.4248 163.057 1240.73 1117.78 122.956 67.2618 899 193.118 1662.3 218.778 188.65 21.1582 678.532 45.3605 1145.99 984.535 194.419 56.3832 454.468 148.424 84.55 723.242 678.776 493.239 633.171 83.1846 30.7243 98.3619 50.2507 207.893 24.6019 51.007 134.461 306.044 145.094 155.727 11.7364 160.949
internal_count=2000619 243242 1757377 1592542 1173955 1168729 1165186 203617 39625 418587 1137466 174703 170733 358747 1115479 164835 74333 168632 9598 72154 30027 78191 280556 278321 21987 66095 144626 139128 5498 4358 99757 2528 7070 39371 2375 639 24006 2951 26048 5498 1818 3202 63720 14922 24602 90502 89730 82664 21055 2532 1364 13906 8304 27720 848 2538 11861 48798 14908 3970 369 33890
is_linear=0
shrinkage=0.05


end of trees

feature_importances:
biencoder_cosine=75
rank_biencoder_nv_embed_top100=67
popularity=60
rank_biencoder_last2turns_top100=48
rank_biencoder_stella_top100=37
pmi_sum=32
rank_e5_large_top100=31
rank_metadata_qwen3=29
rank_biencoder_large_top100=25
rank_decay_descending=19
rank_biencoder_top100=17
turn_number=17
score_biencoder_last2turns_top100=15
rank_cf_bpr=15
n_legs_containing=15
rank_biencoder_current_only_top100=14
rank_biencoder_personalized_top100=13
rank_pmi_leg=11
score_cf_bpr=10
score_e5_large_top100=10
rank_biencoder_mxbai_top100=9
rank_bm25_norepeat=8
score_pmi_leg=8
score_biencoder_large_top100=7
score_biencoder_top100=6
score_biencoder_nv_embed_top100=5
n_prior_accepts=5
score_decay_descending=4
score_biencoder_current_only_top100=3
score_biencoder_mxbai_top100=3
score_biencoder_personalized_top100=1
score_bm25_norepeat=1

parameters:
[boosting: gbdt]
[objective: lambdarank]
[metric: ndcg]
[tree_learner: serial]
[device_type: cpu]
[data_sample_strategy: bagging]
[data: ]
[valid: ]
[num_iterations: 500]
[learning_rate: 0.05]
[num_leaves: 63]
[num_threads: 50]
[seed: 0]
[deterministic: 0]
[force_col_wise: 0]
[force_row_wise: 0]
[histogram_pool_size: -1]
[max_depth: -1]
[min_data_in_leaf: 10]
[min_sum_hessian_in_leaf: 0.001]
[bagging_fraction: 0.8]
[pos_bagging_fraction: 1]
[neg_bagging_fraction: 1]
[bagging_freq: 5]
[bagging_seed: 3]
[bagging_by_query: 0]
[feature_fraction: 0.8]
[feature_fraction_bynode: 1]
[feature_fraction_seed: 2]
[extra_trees: 0]
[extra_seed: 6]
[early_stopping_round: 0]
[early_stopping_min_delta: 0]
[first_metric_only: 0]
[max_delta_step: 0]
[lambda_l1: 0]
[lambda_l2: 0]
[linear_lambda: 0]
[min_gain_to_split: 0]
[drop_rate: 0.1]
[max_drop: 50]
[skip_drop: 0.5]
[xgboost_dart_mode: 0]
[uniform_drop: 0]
[drop_seed: 4]
[top_rate: 0.2]
[other_rate: 0.1]
[min_data_per_group: 100]
[max_cat_threshold: 32]
[cat_l2: 10]
[cat_smooth: 10]
[max_cat_to_onehot: 4]
[top_k: 20]
[monotone_constraints: ]
[monotone_constraints_method: basic]
[monotone_penalty: 0]
[feature_contri: ]
[forcedsplits_filename: ]
[refit_decay_rate: 0.9]
[cegb_tradeoff: 1]
[cegb_penalty_split: 0]
[cegb_penalty_feature_lazy: ]
[cegb_penalty_feature_coupled: ]
[path_smooth: 0]
[interaction_constraints: ]
[verbosity: -1]
[saved_feature_importance_type: 0]
[use_quantized_grad: 0]
[num_grad_quant_bins: 4]
[quant_train_renew_leaf: 0]
[stochastic_rounding: 1]
[linear_tree: 0]
[max_bin: 255]
[max_bin_by_feature: ]
[min_data_in_bin: 3]
[bin_construct_sample_cnt: 200000]
[data_random_seed: 1]
[is_enable_sparse: 1]
[enable_bundle: 1]
[use_missing: 1]
[zero_as_missing: 0]
[feature_pre_filter: 1]
[pre_partition: 0]
[two_round: 0]
[header: 0]
[label_column: ]
[weight_column: ]
[group_column: ]
[ignore_column: ]
[categorical_feature: ]
[forcedbins_filename: ]
[precise_float_parser: 0]
[parser_config_file: ]
[objective_seed: 5]
[num_class: 1]
[is_unbalance: 0]
[scale_pos_weight: 1]
[sigmoid: 1]
[boost_from_average: 1]
[reg_sqrt: 0]
[alpha: 0.9]
[fair_c: 1]
[poisson_max_delta_step: 0.7]
[tweedie_variance_power: 1.5]
[lambdarank_truncation_level: 20]
[lambdarank_norm: 1]
[label_gain: ]
[lambdarank_position_bias_regularization: 0]
[eval_at: ]
[multi_error_top_k: 1]
[auc_mu_weights: ]
[num_machines: 1]
[local_listen_port: 12400]
[time_out: 120]
[machine_list_filename: ]
[machines: ]
[gpu_platform_id: -1]
[gpu_device_id: -1]
[gpu_use_dp: 0]
[num_gpu: 1]

end of parameters

pandas_categorical:null
