tree
version=v4
num_class=1
num_tree_per_iteration=1
label_index=0
max_feature_idx=28
objective=lambdarank
feature_names=rank_biencoder_current_only_top100 score_biencoder_current_only_top100 rank_biencoder_large_top100 score_biencoder_large_top100 rank_biencoder_last2turns_top100 score_biencoder_last2turns_top100 rank_biencoder_mxbai_top100 score_biencoder_mxbai_top100 rank_biencoder_top100 score_biencoder_top100 rank_bm25_norepeat score_bm25_norepeat rank_cf_bpr score_cf_bpr rank_decay_descending score_decay_descending rank_e5_large_top100 score_e5_large_top100 rank_metadata_qwen3 score_metadata_qwen3 rank_pmi_leg score_pmi_leg popularity turn_number n_prior_accepts pmi_sum is_in_all_legs n_legs_containing biencoder_cosine
feature_infos=[0:101] [0:0.016393441706895828] [0:101] [0:0.016393441706895828] [0:101] [0:0.016393441706895828] [0:101] [0:0.016393441706895828] [0:101] [0:0.016393441706895828] [0:101] [0:0.016393441706895828] [0:101] [0:0.016393441706895828] [0:101] [0:0.016393441706895828] [0:101] [0:0.016393441706895828] [0:101] [0:0.016393441706895828] [0:101] [0:0.016393441706895828] [0:93] [1:8] [0:7] [0:58.415699005126953] [0:1] [1:11] [-0.35774439573287964:0.94351625442504883]
tree_sizes=6994 7013 7007 7004 6976 6980

Tree=0
num_leaves=63
num_cat=0
split_feature=27 25 16 4 16 12 27 21 12 4 2 27 21 4 2 16 16 8 2 4 14 8 0 10 14 16 16 4 4 16 4 2 14 0 12 10 14 16 16 0 14 2 8 12 2 6 4 4 8 4 0 25 25 0 19 15 10 10 23 18 5 23
split_gain=4283.8 437.126 377.99 357.578 285.846 154.588 138.503 74.0539 70.6653 62.8166 60.8036 50.6116 48.93 29.6143 29.5075 28.8434 25.4225 23.3267 19.4555 18.6218 18.3241 18.1249 17.5827 17.2852 17.6347 17.132 16.7651 19.0616 16.1267 14.5819 14.5371 14.3714 13.9297 13.5399 12.7848 12.7659 12.728 12.5737 11.8161 17.5364 11.7614 10.9297 10.8282 10.7768 10.4408 10.4215 10.1097 10.1061 9.88376 9.732 9.50695 9.42156 10.4764 9.36633 9.07558 9.02599 12.9722 18.3181 8.98767 8.96755 8.92706 8.8573
threshold=4.5000000000000009 3.7024978399276738 17.500000000000004 26.500000000000004 55.500000000000007 17.500000000000004 1.5000000000000002 0.012903762981295587 4.5000000000000009 34.500000000000007 66.500000000000014 6.5000000000000009 1.0000000180025095e-35 3.5000000000000004 93.500000000000014 62.500000000000007 15.500000000000002 28.500000000000004 54.500000000000007 17.500000000000004 18.500000000000004 32.500000000000007 17.500000000000004 60.000000000000007 1.5000000000000002 96.500000000000014 100.00000000000001 73.500000000000014 3.5000000000000004 94.500000000000014 68.500000000000014 45.500000000000007 18.500000000000004 93.500000000000014 4.5000000000000009 18.500000000000004 5.5000000000000009 6.5000000000000009 83.500000000000014 74.500000000000014 10.500000000000002 30.500000000000004 13.500000000000002 13.500000000000002 29.500000000000004 29.500000000000004 3.5000000000000004 48.500000000000007 100.00000000000001 63.500000000000007 23.500000000000004 10.664512634277346 9.9846076965332049 52.500000000000007 0.013986697886139156 1.0000000180025095e-35 7.5000000000000009 1.0000000180025095e-35 3.5000000000000004 5.5000000000000009 0.0066445916891098031 5.5000000000000009
decision_type=2 2 2 2 2 2 2 2 2 2 2 2 2 2 2 2 2 2 2 2 2 2 2 2 2 2 2 2 2 2 2 2 2 2 2 2 2 2 2 2 2 2 2 2 2 2 2 2 2 2 2 2 2 2 2 2 2 2 2 2 2 2
left_child=1 3 11 14 10 34 12 9 55 28 16 13 26 -2 15 -1 -5 47 -11 -16 23 60 61 24 -19 29 -6 -28 -7 41 33 -29 -33 42 -4 -27 -32 -13 -38 -40 -23 -24 -20 -37 -15 -30 -17 -10 -31 58 -44 52 -3 -42 -25 59 57 -57 -18 -8 -12 -22
right_child=2 51 5 4 6 7 8 -9 17 18 21 37 -14 44 19 46 49 20 30 -21 22 40 25 54 -26 35 27 31 45 48 36 32 -34 -35 -36 43 38 -39 39 -41 53 -43 50 -45 -46 -47 -48 -49 -50 -51 -52 -53 -54 -55 -56 56 -58 -59 -60 -61 -62 -63
leaf_value=0.049865336274514421 0.085507382117622821 0.044439646835458063 0.076129886563059204 0.056428171171066702 -0.050669400911232412 0.060353265057028975 0.055585255081550128 0.06906914458316514 -0.10000000000000001 0.0067638818311171432 0.025513080390633682 0.090496566295471606 -0.10000000000000001 0.057732428081292746 0.06739797294101102 0.042959358273956305 0.0022069657667983223 0.050385736943453031 0.053822160641146768 0.0008575237197085972 -0.038697290857426091 0.076837565638880376 0.015187974526169122 -0.0032338287604080128 -0.053329742767384149 -0.09414508945771434 -0.0386987064339116 -0.01705538654529393 0.034184339407304115 -0.10000000000000012 0.05887840630790854 -0.038827883936882746 -0.070760626641315535 0.031888515808227227 0.054451828981357198 0.01069812527424344 -0.067777050504032682 0.075981284423350851 0.020020346450611484 -0.073836231674276623 0.011740904661169929 -0.043731586975910237 0.02759872462240914 -0.054397516200265943 0.031368647331295935 0.012454228505586565 -0.019796862254583963 -0.0048318655842435184 0.037147421212600389 0.015640996218639215 -0.039451401609060244 0.069868500047308699 -0.040389152133762922 -0.030385230347555209 0.070058498596573218 0.06660313935510502 0.084852620250496447 -0.055712132126582381 -0.079724774905419182 -0.099999999999999839 -0.10000000000000001 0.014354559961933668
leaf_weight=29.234300828626147 94.470497796573909 80.95211884631135 120.27142763533629 39.302544859063346 185.91975154780084 35.53425031050574 1.5967106727912326 63.674503516347613 2.9653568640351287 131.71227526129223 24.299522181507204 484.87136985721008 105.45589481858769 177.32012444525026 52.979432534601074 7.4005461654160163 7.972434187657198 4.6776820620289064 4.4530805174144907 13.117959821087423 15.617034735303607 2.73445593076758 8.3792237263114639 17.538398418342698 33.098383584132534 20.14324496097106 55.916307392384624 13.245601565926334 118.5561347801704 1.5163826224161283 3.0141758205136275 35.538425245351391 875.08952400714043 17.724735739495372 156.53148697649885 6.4565155858872449 28.59009421869996 215.50388160074363 12.244923468504568 8.3846899689524417 14.152562379662411 129.77361258266319 6.3177463882311704 417.01984714511491 47.644921238475945 103.20829165275791 48.311773857451044 47.066554754812387 9.8269366284366697 47.014839086215943 32.393182366329711 40.80251554766437 3.8110605806577942 194.99783027448575 5.5636192845995529 6.8747117565944817 12.146969441644611 5.5177511820802474 5.7695350328867789 2.2052568035142057 1.5043823246087402 15.855019112408625
leaf_count=7152 4859 22156 8031 7962 103087 3921 419 5290 2557 31134 6440 12124 63038 19617 9895 2226 2537 1269 598 8060 8448 336 3078 6010 19499 14339 35715 10035 21078 1010 564 17328 606202 3316 16698 1889 10285 12169 2496 2624 5658 58192 1181 231170 8734 23189 24219 23907 2024 14711 9348 5479 1438 105755 667 1014 891 3341 3742 1417 1028 5719
internal_value=-7.61325e-05 -0.0409249 0.0580327 -0.045455 -0.0502035 0.0332518 -0.0572736 0.0182724 -0.0404462 0.0118309 -0.00760482 0.0785078 -0.0673851 0.0620144 0.0291388 0.00964464 0.0250926 -0.0434315 -0.00629831 0.0541921 -0.0458372 -0.0213694 -0.0483894 -0.019652 -0.040487 -0.0503219 -0.0644346 -0.0670466 0.029082 -0.0356834 -0.021507 -0.0687623 -0.0695144 -0.00490575 0.063871 -0.0552549 -0.0408591 0.0860302 -0.0469669 -0.0181267 -0.0261877 -0.040158 -0.0200148 -0.053405 0.0521489 0.0240712 -0.0114606 -0.0104724 0.0188135 0.00482216 -0.0285086 0.0501281 0.0406256 -0.0275347 0.014417 0.0370272 0.0481337 0.0121422 -0.0321919 -0.0346589 0.0181956 -0.0119708
internal_weight=4511.78 2649.36 1862.42 2523.8 2372.75 842.611 2035 565.808 763.839 502.134 337.748 1019.81 1271.17 319.436 151.044 84.9466 100.059 735.498 244.835 66.0974 685.466 237.689 624.588 60.8781 37.7761 593.116 1165.71 979.79 257.299 149.496 113.123 923.874 910.628 60.8887 276.803 443.62 52.2339 700.375 49.2197 20.6296 211.885 138.153 43.164 423.476 224.965 221.764 55.7123 50.0319 11.3433 60.7568 38.7109 125.566 84.7632 209.15 23.102 28.3414 24.5394 12.3925 13.742 3.80197 25.8039 31.4721
internal_count=1648315 1451059 197256 1421986 1370434 139753 1222265 115024 386860 109734 148169 57503 835405 33210 51552 33597 28952 379778 61546 17955 353314 119217 325869 27445 20768 311702 772367 669280 48188 64304 30412 633565 623530 14443 24729 247398 15969 24293 15405 5120 111749 61270 11127 233059 28351 44267 26445 26464 3034 20990 10529 29073 23594 111413 6677 7082 5246 4355 6279 1836 7468 14167
is_linear=0
shrinkage=0.05


Tree=1
num_leaves=63
num_cat=0
split_feature=28 9 22 22 4 19 25 19 19 28 28 28 6 22 22 4 16 4 16 16 4 25 0 25 24 24 28 22 2 25 19 28 25 24 9 20 28 16 4 28 25 28 0 10 22 20 24 2 6 4 22 22 10 19 22 2 24 16 6 28 2 6
split_gain=3865.97 855.058 575.678 439.545 337.284 335.303 297.614 271.432 199.745 198.089 172.73 117.981 111.572 103.049 96.2747 92.8376 121.55 79.542 73.1092 68.1179 64.743 63.2985 60.7603 59.8033 56.8855 55.5187 54.6058 50.7785 49.1241 47.4091 45.8829 44.8772 43.6286 42.5494 41.6838 40.7252 48.7455 41.7262 40.6356 46.9225 40.5067 38.8698 38.866 44.1599 38.5231 38.3157 37.2396 36.4473 36.1347 35.7907 41.7108 34.4817 40.8156 34.447 34.3149 34.0292 38.52 36.8927 33.1965 64.395 61.7534 43.2816
threshold=0.48806343972682958 0.013986697886139156 73.500000000000014 49.500000000000007 50.500000000000007 0.015504807699471714 5.7318170070648202 1.0000000180025095e-35 0.012903762981295587 0.55178901553154003 0.37651710212230688 0.21488057076931003 5.5000000000000009 54.500000000000007 70.500000000000014 17.500000000000004 7.5000000000000009 5.5000000000000009 23.500000000000004 38.500000000000007 4.5000000000000009 8.7916703224182147 100.00000000000001 12.285765647888185 3.5000000000000004 1.0000000180025095e-35 0.078118395060300841 43.500000000000007 2.5000000000000004 16.493509292602543 0.013072453904896976 0.59538841247558605 10.823178291320803 1.0000000180025095e-35 0.012903762981295587 16.500000000000004 0.29123340547084814 3.5000000000000004 55.500000000000007 0.33370396494865423 20.345845222473148 0.52099066972732555 2.5000000000000004 2.5000000000000004 79.500000000000014 4.5000000000000009 4.5000000000000009 97.500000000000014 83.500000000000014 19.500000000000004 25.500000000000004 51.500000000000007 9.5000000000000018 0.014185110572725536 18.500000000000004 6.5000000000000009 1.5000000000000002 13.500000000000002 31.500000000000004 0.61580604314804088 59.500000000000007 16.500000000000004
decision_type=2 2 2 2 2 2 2 2 2 2 2 2 2 2 2 2 2 2 2 2 2 2 2 2 2 2 2 2 2 2 2 2 2 2 2 2 2 2 2 2 2 2 2 2 2 2 2 2 2 2 2 2 2 2 2 2 2 2 2 2 2 2
left_child=2 3 4 7 20 12 8 9 10 46 -6 -10 42 22 21 -9 48 58 47 28 -1 41 -13 33 -16 -24 -4 34 -7 32 35 -25 -8 -18 -20 -22 -37 -38 -28 44 45 -5 51 -44 -40 -19 -2 54 -17 50 53 -3 -53 -14 -12 57 -57 -52 59 -11 -60 -61
right_child=1 5 26 14 6 19 29 15 11 17 18 13 49 -15 24 16 23 40 27 -21 30 -23 25 31 -26 -27 38 -29 -30 -31 -32 -33 -34 -35 -36 36 37 -39 39 -41 -42 -43 43 -45 -46 -47 -48 -49 -50 -51 55 52 -54 -55 -56 56 -58 -59 60 61 -62 -63
leaf_value=0.020141589752897957 -0.046528791405760245 0.051496367836508107 -0.097596398786075206 -0.011720088408945492 -0.081214951997461343 0.066306109942673427 0.0015885654627741047 0.029731239447642156 -0.088228957250789289 -0.10344525896253842 0.01305583173698888 -0.10265499835861547 0.021376358122545736 -0.093318624713037368 0.050682440629106408 -0.071716232735345428 -0.045777587857032211 -0.059871552977361533 -0.066928869906057981 -0.036812126554960384 0.039982272266117641 0.032846926490491604 -0.050043559989741727 -0.1036873751377609 0.018491480362269004 0.022409699988719025 0.058562388114536637 -0.042398371772079974 0.046479908458409734 0.035140385169688336 0.020597429714016818 0.071647158444307621 -0.050943339249983781 0.0086184318673221908 0.00026789802738572425 0.010370800238715228 0.042550894083638872 -0.043334324641346227 0.0060585949752166969 0.029754979312186909 0.049888102134591515 0.0135392964937728 -0.065305201549509626 0.02942899253141187 -0.084387847665294335 -0.0023626742670689801 -0.023315750176163063 0.014220327665037178 0.021440927466042595 -0.0023642775430717236 0.0050848158307223827 -0.10210348181620776 0.026022000722188295 0.060533357957401002 -0.10065975511621926 0.044704995728829904 0.010198523704578778 -0.054476887766890386 -0.081892003629628285 -0.030019080977298964 0.042177749869962103 0.024642477980884259
leaf_weight=109.50653154170141 445.21502218674868 400.0285187670961 9.0058756280923244 171.96872083167545 1068.0825834558345 684.37982577062212 117.39616393810138 518.80458153458312 56.53065989271272 20.905755031388253 10.971437650616283 12.482713921926914 151.02878646354657 30.926818933221512 364.85192666109651 66.641399330925196 39.766025412944146 29.552259783260524 708.68419154954609 19.543997346889228 20.682239157380536 408.44007977028377 31.357114389073104 3.9323245584964743 219.98426666454179 168.61551212891936 76.659258695086464 389.55116030515637 574.87223997851834 60.605454821605235 54.193529626121745 50.738206156296656 59.585251923650503 374.63056518731173 23.855508409556933 57.665432915557176 14.808821181301026 314.07820151402848 34.207119413418695 155.03056930331513 36.38838732172735 1331.7941906363121 12.476529788691549 876.41888924280647 17.950678954133764 1453.1633587516262 282.34534790902399 56.726247956859879 12.33653564378619 280.09242319292389 284.99632412102073 6.9202722255140534 61.057466753991321 89.420388959930278 16.781242455297615 124.22850244084839 231.7618515396025 28.608132214052603 60.278868197929114 98.868977556703612 12.030995708191766 57.145894194953144
leaf_count=2677 109744 1805 2396 33113 428866 1745 11909 5481 17742 759 805 781 2658 4589 15212 759 1278 931 268006 408 471 5903 2755 192 14909 12582 2451 135565 2810 868 1061 304 2194 12959 5671 4673 319 52452 5957 19532 340 119695 170 9545 5906 197124 74379 11117 95 15413 2496 103 457 421 2681 1414 4771 1270 2814 1806 289 717
internal_value=0.000141468 0.0164204 -0.0436371 0.00473619 -0.0494588 0.0349272 -0.0565723 -0.00653744 -0.0615135 -0.0155604 -0.0665706 -0.0231591 0.0244389 -0.00804521 0.0208213 0.0145717 0.000220945 -0.00652512 -0.0536071 0.0558174 -0.0144209 0.0153917 0.00436792 0.00988313 0.0385739 0.0110485 0.0236151 -0.0569841 0.0572551 -0.00302745 -0.0226233 0.0590358 -0.0160976 0.00339852 -0.0647406 -0.028375 -0.0320324 -0.0394672 0.0274609 0.0159534 -0.00222983 0.0106507 0.0342395 0.0280993 -0.0250695 -0.00350889 -0.0375205 -0.00875116 -0.0571649 0.0132649 0.0180753 0.0459017 0.0129786 0.0359384 -0.0557047 0.0116607 0.0222401 -0.000348618 -0.0327057 -0.0210396 -0.0612491 -0.00999738
internal_weight=13561.6 9885.62 3675.94 6059.78 3383.09 3825.83 2812.15 3562.74 2574.57 2495.89 2274.65 299.913 2547.04 243.382 2497.04 1066.85 548.045 1768.33 1206.57 1278.8 570.935 1912.2 212.455 469.067 584.836 199.973 292.854 1122.09 1259.25 237.587 461.428 54.6705 176.981 414.397 732.54 407.235 386.552 328.887 283.848 207.188 1519.1 1503.76 1356.9 888.895 52.1578 1482.72 727.56 84.4789 78.9779 1190.14 910.044 468.006 67.9777 240.449 27.7527 669.595 355.99 313.604 249.23 176.921 72.3099 156.015
internal_count=1648315 644289 1004026 598803 967784 45486 906131 409971 891160 388903 852711 38449 40523 20707 188832 21068 15587 204780 423845 4963 61653 158711 16118 14733 30121 15337 36242 409242 4555 14971 58976 496 14103 14237 273677 57915 57444 52771 33846 31395 198395 152808 12080 9715 11863 198055 184123 14603 854 28443 13030 2365 560 3079 3486 9951 6185 3766 6385 3282 3103 2523
is_linear=0
shrinkage=0.05


Tree=2
num_leaves=63
num_cat=0
split_feature=27 16 22 27 27 4 4 20 22 22 16 14 19 25 12 16 4 25 20 16 25 19 22 4 16 0 22 6 22 16 14 2 23 16 1 22 23 23 2 2 4 12 27 22 23 4 16 14 11 25 20 0 23 2 6 0 4 22 11 0 16 23
split_gain=3687.46 846.906 707.174 255.717 208.394 195.339 163.384 99.1354 88.3452 85.8906 82.5725 82.1317 74.2836 70.1115 67.8304 64.2903 62.4056 65.9056 69.293 61.9459 59.9363 57.9492 57.696 50.1478 43.9643 42.87 42.4176 40.2755 36.3587 35.2311 32.7109 49.4049 32.5442 31.3244 42.1632 31.4657 30.955 29.8127 29.5258 48.9213 35.4206 28.4411 27.9537 30.4675 27.5446 48.2631 29.432 30.221 28.4306 26.5796 27.8355 25.7687 44.0655 25.6181 30.5479 46.2631 25.4787 25.4283 26.3961 24.3979 24.3836 24.2611
threshold=3.5000000000000004 4.5000000000000009 57.500000000000007 6.5000000000000009 1.5000000000000002 14.500000000000002 8.5000000000000018 6.5000000000000009 59.500000000000007 76.500000000000014 46.500000000000007 60.000000000000007 0.014389234129339458 18.044106483459476 13.500000000000002 44.500000000000007 32.500000000000007 4.0396656990051278 1.5000000000000002 28.500000000000004 5.7318170070648202 0.013986697886139156 43.500000000000007 37.500000000000007 91.500000000000014 16.500000000000004 38.500000000000007 55.500000000000007 49.500000000000007 35.500000000000007 6.5000000000000009 77.500000000000014 2.5000000000000004 10.500000000000002 0.0085107926279306429 69.500000000000014 4.5000000000000009 4.5000000000000009 4.5000000000000009 7.5000000000000009 1.0000000180025095e-35 17.500000000000004 4.5000000000000009 78.500000000000014 6.5000000000000009 49.500000000000007 9.5000000000000018 6.5000000000000009 0.015038444194942715 15.394436836242678 2.5000000000000004 17.500000000000004 5.5000000000000009 70.500000000000014 100.00000000000001 91.500000000000014 11.500000000000002 34.500000000000007 0.013423423748463394 1.5000000000000002 93.500000000000014 1.5000000000000002
decision_type=2 2 2 2 2 2 2 2 2 2 2 2 2 2 2 2 2 2 2 2 2 2 2 2 2 2 2 2 2 2 2 2 2 2 2 2 2 2 2 2 2 2 2 2 2 2 2 2 2 2 2 2 2 2 2 2 2 2 2 2 2 2
left_child=2 6 4 8 5 32 12 -6 19 16 27 28 57 15 -8 25 -4 24 -19 41 22 36 37 -23 -18 44 -22 -9 -12 -11 -27 -32 -1 34 -10 -36 38 -7 -21 -40 -41 -3 -35 -44 45 -5 47 -46 -48 50 -17 52 -13 54 -42 -56 -29 58 -2 -14 -24 -31
right_child=1 3 9 13 7 20 14 10 33 29 11 51 59 -15 -16 49 17 18 -20 21 26 23 60 -25 -26 30 -28 56 -30 61 31 -33 -34 42 35 -37 -38 -39 39 40 53 -43 43 -45 46 -47 48 -49 -50 -51 -52 -53 -54 -55 55 -57 -58 -59 -60 -61 -62 -63
leaf_value=0.031615453579955058 0.052202647811871609 0.042948314348536798 0.025722166925007672 0.034293633295982277 0.040580537233166188 -0.073431944073280395 0.039068117747322079 -0.082496545079232667 -0.10356493894701335 0.057028267639292508 0.012126552502699901 -0.0739628803184888 0.06800722524117607 0.041174018689728642 0.007730118078419947 -0.07754961224009306 -0.0023330631331986988 -0.10362729952686944 0.016625188862183501 -0.082104155126697734 0.041085122367501427 0.059853384954967531 -0.026048804323669947 0.00024400634786668195 -0.033464852416402756 0.024975328786131457 -0.052788705653618956 -0.10410762519286076 -0.096532850646023349 0.041964448743834731 0.0083089255370508344 -0.10280490688495401 -0.03542236883330678 0.00081990958685723171 0.027252058102796212 -0.05235396203923677 -0.0077211025982759241 -0.058959181908631225 0.035526863412694142 0.065126166751377029 -0.028798098838401221 0.0028237177200525483 0.017383850035600744 0.047378567625360579 0.0033265587699438065 -0.10291800996780481 0.033865112998102541 -0.10328265461498942 -0.043053025394045083 -0.06630024673643059 0.0045160089454752946 -0.046696185452859369 0.013318183868393155 -0.046452760121023867 -0.019109344352264426 0.053949482160399992 0.00037814070126368927 0.031050985212190282 0.0041253103477561772 0.053005028727367703 -0.052758740285977372 0.0051147492646861957
leaf_weight=68.613188323681243 367.92911219154485 46.286277853650972 103.03203680808656 750.8003331082873 45.78035052260384 761.56108392943861 324.25988614954986 16.855916544562206 11.89952507894486 51.338147174217738 91.712088505271822 21.22315851598978 448.62927741231397 366.27529771113768 369.36091830546502 10.608596823411061 158.59404212131631 12.801336893346159 186.61533108213916 20.942770929075778 24.501121860928833 43.312581635545939 107.98548335512169 190.31488630315289 398.00246240291744 407.79556228313595 23.64853776874952 5.9929801954422137 8.4041106826625747 55.113677664427087 528.80012932524551 10.196908831130711 24.592980055836961 185.77217440365348 36.506241868017241 18.80880690459162 589.09695451031439 667.88369841116946 35.139234136790037 10.625379613135008 314.89807367930189 963.04224787116982 425.36749902844895 105.69923693826422 17.318228363525126 6.4639242854900649 73.077108174096793 10.788716283394022 14.376970455283297 14.590001233853398 397.4078340701526 920.44991281919647 45.386179047520272 129.8075270880945 73.491408821195364 30.72868188470602 220.61369623738574 441.09207121888176 30.951179402414709 684.50392459286377 409.37112960091326 235.63991490658373
leaf_count=1150 2436 1098 6608 7900 1470 293101 2076 4844 899 1680 11201 7198 971 3075 8847 379 33569 800 10106 2041 1433 507 31863 12358 136802 4849 3443 538 2676 3891 11274 546 1545 16731 751 478 72435 283845 1609 101 36689 47060 16480 1754 185 294 1002 351 252 349 10779 275307 5805 23412 10762 1800 33971 3896 266 2646 160254 25877
internal_value=0.000315697 0.0199072 -0.0354054 0.00924681 -0.046867 -0.0568229 0.043254 -0.031763 -0.000152837 -0.00234542 -0.0342519 -0.0401461 0.0505919 0.0208923 0.0223803 0.0175792 -0.0107828 -0.0157579 0.00890571 -0.00483168 -0.0601285 -0.0114949 -0.0614914 0.0112951 -0.0245943 0.0216594 -0.00502068 -0.0079316 0.00300529 0.0188423 0.0142907 0.00620684 0.0139271 0.0144537 -0.0181838 0.000183579 -0.0159144 -0.0666698 -0.0237545 -0.0216997 -0.0252934 0.00466377 0.017514 0.0233538 0.0296526 0.0331224 0.00691509 -0.0375949 0.0212202 1.10838e-05 0.00238227 -0.0445229 -0.0144914 -0.0270437 -0.0210324 0.00243162 -0.00238515 0.0393238 0.0484721 0.0589447 -0.0471837 0.0120998
internal_weight=13172.7 8506.97 4665.71 5840.24 3464.58 2088.16 2666.73 1376.42 3231.74 1201.14 1330.64 1087.18 1973.11 2608.5 693.621 2242.22 859.045 756.013 199.417 2447.69 1994.95 1438.36 1946.8 233.627 556.597 1819.62 48.1497 243.463 100.116 342.092 946.793 538.997 93.2062 784.053 67.2146 55.315 1204.73 1429.44 615.633 594.69 559.551 1009.33 716.839 531.067 872.825 757.264 115.561 28.1069 87.4541 422.606 408.016 987.059 66.6093 548.926 419.118 104.22 226.607 839.972 398.88 1133.13 517.357 290.754
internal_count=1648315 309338 1338977 288200 1119644 776634 21138 343010 246965 219333 341540 302187 10215 41235 10923 38160 187885 181277 10906 209872 773939 161714 769063 12865 170371 26653 4876 39353 13877 31448 16669 11820 2695 37093 2128 1229 148849 576946 76414 74373 72764 48158 34965 18234 9984 8194 1790 536 1254 11507 11158 288310 13003 72663 49251 12562 34509 6598 2702 3617 192117 29768
is_linear=0
shrinkage=0.05


Tree=3
num_leaves=63
num_cat=0
split_feature=27 9 22 28 18 5 25 28 12 12 5 16 28 28 5 25 22 28 28 6 22 14 28 22 18 16 5 28 22 20 25 5 25 28 16 5 18 25 2 12 1 1 28 6 18 14 22 10 23 2 28 9 23 5 28 5 16 2 2 10 7 16
split_gain=3497.61 703.891 571.524 451.902 246.436 239.849 146.844 112.164 133.443 109.159 84.5087 83.4098 74.389 70.6147 116.448 103.772 63.0492 62.9471 57.485 77.6266 54.2232 53.2263 54.7764 55.4052 52.7856 52.2453 47.0866 58.9379 44.4728 44.4308 60.3439 44.037 39.8229 39.74 38.4288 35.5575 35.0913 37.4398 33.4697 32.6977 31.2284 43.2215 35.7814 32.3005 29.7864 33.3402 28.7801 28.4996 33.1834 29.8623 66.3892 28.4405 28.1619 35.7497 34.0733 30.4888 27.5986 27.4112 27.2101 27.1595 27.6931 27.1515
threshold=3.5000000000000004 0.012270400300621988 61.500000000000007 0.49373184144496923 15.500000000000002 0.013072453904896976 8.9882397651672381 0.63377860188484203 18.500000000000004 8.5000000000000018 0.014815627597272398 4.5000000000000009 0.38368177413940435 0.42152796685695654 0.010471491608768703 7.1774418354034433 80.500000000000014 0.27323892712593084 0.52867388725280773 5.5000000000000009 45.500000000000007 18.500000000000004 0.54995065927505504 45.500000000000007 1.5000000000000002 53.500000000000007 0.016001024283468727 0.24316392838954928 57.500000000000007 3.5000000000000004 13.767547130584719 0.015038444194942715 9.9846076965332049 0.53658014535903942 75.500000000000014 0.013793759513646366 8.5000000000000018 3.7024978399276738 3.5000000000000004 5.5000000000000009 0.012121656909585001 0.0084389690309762972 0.74588662385940563 79.500000000000014 1.0000000180025095e-35 5.5000000000000009 60.500000000000007 4.5000000000000009 2.5000000000000004 29.500000000000004 0.42294925451278692 0.014599318150430919 2.5000000000000004 0.0088890646584332007 0.51502403616905224 0.0088107436895370501 4.5000000000000009 34.500000000000007 45.500000000000007 1.5000000000000002 0.0085838492959737795 7.5000000000000009
decision_type=2 2 2 2 2 2 2 2 2 2 2 2 2 2 2 2 2 2 2 2 2 2 2 2 2 2 2 2 2 2 2 2 2 2 2 2 2 2 2 2 2 2 2 2 2 2 2 2 2 2 2 2 2 2 2 2 2 2 2 2 2 2
left_child=2 7 3 5 11 6 9 8 26 17 28 31 24 14 15 -4 29 -1 19 -10 -9 -5 23 -23 -11 56 27 -2 40 -15 33 57 46 -31 -24 -34 -20 -38 -30 47 41 -6 61 -42 -22 59 -29 48 -13 -50 -51 -33 -48 54 55 -54 -14 -3 -18 -46 -61 -43
right_child=1 4 13 21 10 -7 -8 20 18 12 -12 39 25 16 -16 -17 58 -19 36 -21 44 22 34 -25 -26 -27 -28 32 38 30 -32 51 35 -35 -36 -37 37 -39 -40 -41 43 42 -44 -45 45 -47 52 -49 49 50 -52 -53 53 -55 -56 -57 -58 -59 -60 60 -62 -63
leaf_value=-0.087355182063828807 -0.06777529147623329 0.037956844989040034 -0.048857563690083268 0.038998779343258246 0.005098995864594928 0.0095471296353250371 0.014262177015739664 0.0024470045350252234 0.046806462816653432 0.056143724766227698 0.030300876885029766 0.051473238674244873 0.035921548195181514 -0.10478864027939326 0.044047692494823182 0.016637356930863541 -0.04869945612593083 0.044982872245026867 0.03547796255402047 -0.035848849528546015 0.057705579149647912 -0.043752324508932197 0.011738070196269448 -0.0093250923870542551 -0.073997844266436671 -0.05918688259635535 0.066549100569341699 0.011471419383994054 -0.061935470143650556 -0.016479913836966089 0.064021561128301666 0.029456567091143571 0.03839353211614837 0.012764486498421622 -0.017364035343328178 -0.10574022013897044 -0.013685806945716576 0.017414895186308451 0.030881107986351731 0.02364586413041065 0.017360205749901856 -0.10397352725344917 0.0093269281410231341 -0.075882734140622077 -0.10381208762474543 0.022353369409877092 0.019648152331745106 0.0520200853311691 0.024304550734095737 0.085185099406652587 -0.10536575373648145 0.057749240174450683 -0.10357118542356734 -0.10513763226972386 0.004967508174353469 0.090908776590967119 -0.035128409852664508 -0.052001085743723453 0.043003352415876786 -0.10448249059987597 0.0078649733422292718 -0.033577680818339374
leaf_weight=11.939995620865373 24.004014520440251 394.9228993349243 230.33058237429941 40.205336091341451 313.55958713358268 130.9603149019531 64.683196131139994 646.55124685890041 30.678250986617059 7.8480754995252928 935.26443124667276 115.57117739296518 15.048733694828114 9.9655919295037148 60.654827346559614 82.013960285577923 8.6126540429540892 36.31447541480884 45.845752652268857 383.50481832172954 53.588928969809785 325.38330778200179 163.54732199548744 182.36360880418215 1081.6628847392858 942.43252028990537 37.741506486199796 423.08041500311811 10.093714386224745 251.83855606731959 36.195989936124533 97.272716630715877 150.13037445023656 215.63325692550279 370.20951710920781 4.40450963564217 713.05938155564945 111.96272264025174 257.32519643742125 556.39825582515914 346.7820967012085 16.846539527177811 41.595515696331859 9.543495637830345 7.4667393323034039 736.87324504519347 35.964370448607951 282.53605787130073 179.37051157827955 6.9715275052003589 13.27530432352796 1022.6338388170116 14.982473526615651 14.346565036103128 45.659191723214462 2.3284550160169593 148.94992191402707 8.6537166843190771 133.09009875403717 6.0699201687239102 56.930362248094752 73.276148505974561
leaf_count=5202 7677 2278 72378 3776 18087 7680 3562 37869 1286 591 11499 684 1394 684 1714 4173 583 3194 1107 54087 278 120184 29205 43411 436689 360917 142 17201 416 47607 227 478 2116 30274 120391 158 74291 3189 7459 8815 10176 874 1285 1051 207 26554 987 2239 1626 25 405 3163 1707 731 969 6 38422 161 6719 245 787 7023
internal_value=0.000402135 0.0198566 -0.0347753 -0.0443514 0.0325831 -0.0562775 -0.0600111 0.00304956 -0.00459996 -0.0621519 0.0193243 0.0425078 -0.0637865 -0.00198193 -0.0193491 -0.0316602 0.00790297 0.0122374 -0.0143922 -0.0297266 0.0133896 -0.0174515 -0.0196307 -0.0313874 -0.0730604 -0.0546545 0.0121192 0.00924571 0.00972114 -0.000242949 0.0018256 0.0501887 0.0119217 -0.00299019 -0.00844692 0.0342855 -0.00709919 -0.00946517 0.0273778 0.0323688 0.0038308 -0.00499742 -0.0290323 0.0148629 0.0216073 0.0192113 0.00547828 0.0404885 0.0301516 0.0178072 -0.039754 0.0552918 -0.0169048 -0.0339076 -0.0176792 -0.0774121 -0.0286088 0.0360279 0.0374297 -0.0136458 -0.00295942 -0.0467367
internal_weight=12777 8227.07 4549.88 3521.55 4681.89 2439.84 2308.88 3545.17 2037.69 2244.2 2004.29 2677.61 2195.94 1028.34 372.999 312.345 655.336 48.2545 1285.05 414.183 1507.48 1081.71 1041.5 507.747 1089.51 1106.43 752.642 714.9 1069.02 513.633 503.668 1523.48 690.896 467.472 533.757 154.535 870.868 825.022 267.419 1154.12 801.603 445.278 131.718 356.326 860.929 807.34 536.361 597.725 315.189 199.617 20.2468 1119.91 113.281 77.3167 62.9701 17.3109 163.999 403.577 141.703 70.467 63.0003 90.1227
internal_count=1648315 309338 1338977 1174618 77744 857651 849971 231594 165654 846409 57870 19874 838013 164359 78265 76551 86094 8396 133960 55373 65940 316967 313191 163595 437280 400733 31694 31552 46371 78792 78108 6080 23875 77881 149596 2274 78587 77480 7875 13794 38496 27269 9182 11227 28071 27793 21601 4979 2740 2056 430 3641 4400 3413 2682 1713 39816 2439 7302 1239 1032 7897
is_linear=0
shrinkage=0.05


Tree=4
num_leaves=63
num_cat=0
split_feature=27 27 22 28 16 4 4 12 28 20 18 22 0 28 12 28 28 16 0 28 16 18 2 22 28 28 4 0 20 18 0 9 0 22 23 20 21 16 4 4 22 12 14 22 22 9 6 4 20 27 28 23 2 22 2 23 16 0 20 9 4 16
split_gain=3240.27 619.712 537.879 396.896 204.231 195.149 136.655 108.466 76.7765 107.826 71.9923 62.3918 66.5892 61.2277 59.7666 58.2871 54.7799 53.7305 50.0953 47.151 42.6234 38.9015 37.4429 36.9314 39.9699 36.7506 35.8008 34.7685 34.5382 32.6234 32.3551 33.2112 32.099 31.7992 37.9576 31.1454 33.2025 30.57 29.5103 29.0173 28.833 36.4881 28.8153 28.2102 27.3178 26.4832 26.3111 25.105 25.0968 24.4566 27.3963 23.4913 40.1561 24.6116 28.8134 23.1799 24.1831 22.3876 21.3463 21.2882 29.5963 25.8113
threshold=3.5000000000000004 6.5000000000000009 64.500000000000014 0.49373184144496923 5.5000000000000009 19.500000000000004 21.500000000000004 8.5000000000000018 0.3854264914989472 11.500000000000002 2.5000000000000004 51.500000000000007 91.500000000000014 0.078118395060300841 5.5000000000000009 0.54995065927505504 0.62702494859695446 1.5000000000000002 12.500000000000002 0.27323892712593084 23.500000000000004 1.5000000000000002 65.500000000000014 73.500000000000014 0.4480473399162293 0.26138375699520117 76.500000000000014 4.5000000000000009 12.500000000000002 13.500000000000002 48.500000000000007 0.0093898782506585139 33.500000000000007 73.500000000000014 6.5000000000000009 11.500000000000002 0.015038444194942715 13.500000000000002 100.00000000000001 1.5000000000000002 45.500000000000007 60.000000000000007 18.500000000000004 71.500000000000014 20.500000000000004 0.0066445916891098031 19.500000000000004 1.0000000180025095e-35 5.5000000000000009 10.500000000000002 0.8165520727634431 5.5000000000000009 28.500000000000004 61.500000000000007 1.5000000000000002 6.5000000000000009 86.500000000000014 6.5000000000000009 18.500000000000004 0.012903762981295587 24.500000000000004 13.500000000000002
decision_type=2 2 2 2 2 2 2 2 2 2 2 2 2 2 2 2 2 2 2 2 2 2 2 2 2 2 2 2 2 2 2 2 2 2 2 2 2 2 2 2 2 2 2 2 2 2 2 2 2 2 2 2 2 2 2 2 2 2 2 2 2 2
left_child=2 6 3 5 10 22 17 19 21 -10 57 12 16 -4 46 40 48 27 -16 -7 -11 -9 -1 24 26 -14 -15 -2 59 -19 31 -18 -33 37 -35 36 -28 51 42 43 41 -5 -27 -12 -44 -32 -6 -25 -8 -48 -51 53 -53 -31 -55 56 -17 -3 -39 60 61 -20
right_child=1 4 13 15 14 7 11 8 9 20 39 -13 25 23 18 55 30 29 28 -21 -22 -23 -24 47 -26 38 35 -29 -30 33 45 32 -34 34 -36 -37 -38 58 -40 -41 -42 -43 44 -45 -46 -47 49 -49 -50 50 -52 52 -54 54 -56 -57 -58 -59 -60 -61 -62 -63
leaf_value=-0.095009060194300318 0.050582999156592624 0.060861774328120649 -0.083946940499970757 0.053155698404348112 0.037537583082324022 -0.083293385289371996 0.052160170954527962 0.032957539650971056 0.028046969635154309 -0.014960353902728544 0.047564653097465527 0.0067047572015618189 -0.076446663561810221 0.016202171031951894 0.027474360013345869 0.0024473990118497476 0.026501703391098103 0.044578881907146505 0.026347364816074088 0.029019843696270899 -0.05579679016011671 -0.06959224441801147 0.0076129317700416284 0.079760153580552329 0.0048042056041722502 0.030462381884342849 0.028305372316723698 0.016101257088937886 0.00051485470819620635 0.00050169733749360116 0.0094342584306366627 -0.0015847179481519543 -0.079022966952743717 0.041882921497858418 -0.10546093651422993 -0.056673219537712184 -0.10173971414860979 0.032993690085083592 0.01303670683974301 0.029737944403799274 -0.01554623979478049 -0.042222032692115413 0.010115059453921332 -0.10830192970514721 -0.026873300825203374 -0.055067314356727362 0.013478264536816307 0.010405994086226026 -0.03626098430352858 0.05449179308778114 -0.10262534665209409 0.029081883914647905 -0.1026467352218291 -0.10822532036520449 0.046010836451666037 0.010535923612634562 -0.021285829679425945 0.044904984877829755 -0.0036097352165077958 0.039909898690576213 0.022295340875915472 -0.066171766306028182
leaf_weight=9.4842178247636166 155.56140338606201 523.08048246568069 20.649015560979024 10.350066751008852 614.54335299832746 11.496042926330118 8.1994483645539713 9.3268872150219959 42.462426895042881 68.248792852158658 390.83630270138383 791.10673250700347 15.082031125668435 34.875114814145491 496.74011143541429 166.86744675179943 97.369088568724692 68.154862459050491 11.988914309069512 49.936921714805067 1002.5193690116284 1090.2655710516265 141.51022803923115 13.420344965066759 226.84331205254421 39.125057981815189 24.311990346061069 137.91969114239328 568.212436493719 292.99239460332319 24.000243690097705 73.962624296313152 16.337979604490101 100.64726041886024 4.5693780537694684 87.245315709616989 6.1497345238458356 42.82507456606254 316.01245286886115 774.83331730985083 208.98201351682656 321.86764627619414 71.152937647071667 2.9246720378287128 167.26071210345253 47.230228808009997 269.99803216941655 470.70478430949152 377.26323839026736 62.621534617152065 2.9031298919580868 255.3703480809927 5.9194821075070641 3.2164372061379245 51.698254554532468 137.47341762273572 300.85167413530871 379.14253319287673 569.68711524724495 105.22007055697031 115.90516077261418 20.308057185728103
leaf_count=2985 903 1212 8726 918 5339 5448 207 628 2168 12279 1551 53796 6027 3117 7077 27566 7885 708 161 3438 391101 454283 7918 26 37164 1733 1569 1844 18434 7322 2876 5069 2493 1363 358 33042 1124 807 20547 6352 49703 120604 7875 56 23510 6979 4338 44512 60013 325 47 4723 653 91 628 38253 92405 1531 40485 1393 1891 736
internal_value=0.000450797 0.0193438 -0.0337745 -0.042418 0.032193 -0.0538774 0.00440638 -0.057532 -0.0593514 -0.0500951 0.0435462 -0.00428884 -0.0112299 0.00114002 0.021829 -0.018175 -0.0224322 0.0149325 0.0149394 0.0080025 -0.053194 -0.0687224 0.00116707 0.0031746 -0.00850531 0.000630104 -0.0282925 0.0343785 0.00736102 0.0108416 -0.00464371 0.00624587 -0.0155955 0.00910877 0.035484 -0.0414757 0.00205135 0.00683726 0.00258861 0.0353546 -0.0300973 -0.0392506 -0.00930785 0.0464069 -0.0158344 -0.0333343 0.0313894 0.0123285 -0.0343801 0.0201284 0.0475306 0.014768 0.0260976 0.00625907 0.036977 -0.00751344 -0.0128186 0.0541562 -0.00105053 0.0227112 0.0105005 -0.0318279
internal_weight=12527.8 8071.92 4455.84 3571.64 4339.26 2425.25 3732.66 2274.26 2212.82 1113.23 2070.82 2044.1 1253 884.2 2268.44 1146.39 644.363 1688.56 1318.37 61.433 1070.77 1099.59 150.994 863.551 379.425 608.633 152.582 293.481 821.635 1395.08 258.9 187.67 90.3006 1326.93 105.217 117.707 30.4617 1221.71 593.551 1168.59 541.2 332.218 277.539 393.761 238.414 71.2305 950.066 484.125 385.463 335.523 65.5247 609.197 261.29 347.907 54.9147 605.193 467.719 902.223 612.512 253.422 148.202 32.297
internal_count=1648315 309338 1338977 1209697 50443 880248 258895 869345 860459 405548 10702 199010 145214 129280 39741 329449 85522 59885 29692 8886 403380 454911 10903 120554 76016 59692 38852 2747 22615 57138 25302 15447 7562 56430 1721 35735 2693 54709 53665 7959 171225 121522 33118 1607 31385 9855 10049 44538 60220 4710 372 13417 5376 8041 719 158224 119971 2743 41292 4181 2788 897
is_linear=0
shrinkage=0.05


Tree=5
num_leaves=63
num_cat=0
split_feature=4 28 25 18 12 16 4 28 16 16 22 22 14 25 22 14 16 28 25 2 12 11 6 22 0 28 16 23 20 28 14 25 28 22 23 2 22 22 16 20 25 22 2 6 28 2 11 28 22 28 16 2 12 22 14 22 16 22 2 6 3 8
split_gain=2825.93 1060.26 584.407 438.457 215.177 175.336 143.251 109.245 93.7078 79.0239 100.503 69.769 70.657 63.4367 59.5589 52.6022 49.5012 47.8142 42.4444 42.6705 40.3168 36.8359 36.4304 33.9107 37.8283 33.4869 32.2398 31.0673 29.541 28.4543 28.4435 28.0118 27.531 26.8467 26.4337 32.7291 27.4088 25.7997 28.3125 25.7874 37.538 25.7498 27.425 25.3722 30.4782 25.0519 24.3938 33.5875 23.9991 23.9398 24.8236 23.9036 22.8307 23.2931 27.9278 22.7297 21.8935 30.2904 21.7278 46.6919 40.9666 36.9179
threshold=36.500000000000007 0.5317676067352296 4.0396656990051278 15.500000000000002 5.5000000000000009 26.500000000000004 3.5000000000000004 0.38368177413940435 3.5000000000000004 17.500000000000004 45.500000000000007 69.500000000000014 18.500000000000004 11.891654014587404 76.500000000000014 18.500000000000004 54.500000000000007 0.62702494859695446 8.5108652114868182 2.5000000000000004 60.000000000000007 0.012739370577037336 3.5000000000000004 77.500000000000014 94.500000000000014 0.25701582431793218 86.500000000000014 2.5000000000000004 7.5000000000000009 0.45202510058879858 1.5000000000000002 27.030805587768558 0.61580604314804088 74.500000000000014 1.5000000000000002 5.5000000000000009 60.500000000000007 82.500000000000014 5.5000000000000009 8.5000000000000018 24.235466957092289 78.500000000000014 8.5000000000000018 20.500000000000004 0.48947185277938848 7.5000000000000009 1.0000000180025095e-35 0.64751541614532482 75.500000000000014 0.63696143031120311 22.500000000000004 48.500000000000007 10.500000000000002 36.500000000000007 14.500000000000002 56.500000000000007 42.500000000000007 52.500000000000007 48.500000000000007 23.500000000000004 0.012422839645296337 67.500000000000014
decision_type=2 2 2 2 2 2 2 2 2 2 2 2 2 2 2 2 2 2 2 2 2 2 2 2 2 2 2 2 2 2 2 2 2 2 2 2 2 2 2 2 2 2 2 2 2 2 2 2 2 2 2 2 2 2 2 2 2 2 2 2 2 2
left_child=3 2 4 8 25 37 34 23 30 31 22 12 32 29 15 52 -13 18 19 -14 -17 39 -11 -7 -25 -2 45 -19 -24 -4 -1 -8 -3 -10 36 48 -5 38 -6 40 -18 49 -43 44 -40 -21 -29 -48 56 50 -12 -45 -9 -54 -55 -28 -36 -58 59 60 -37 -61
right_child=1 11 13 6 5 7 9 14 33 10 41 16 17 -15 -16 20 21 27 -20 26 -22 -23 28 24 -26 -27 55 46 -30 -31 -32 -33 -34 -35 35 58 -38 -39 43 -41 -42 42 -44 51 -46 -47 47 -49 -50 -51 -52 -53 53 54 -56 -57 57 -59 -60 61 -62 -63
leaf_value=0.056859442531548378 -0.0688124606611204 0.025217954507603779 -0.017201352958738675 0.028295408573706184 0.017731876828276368 -0.06849972928406875 0.013133551191084284 -0.073436519697511943 0.028248620585875319 -0.10185242224185453 -0.07826636740512509 0.039290198786417561 0.058526186250608625 0.038368613265646362 -0.0075607936226158847 0.0086044567270580595 -0.10537332509172287 -0.021622843787532948 0.022178995174890272 -0.1034206295562687 -0.052421164178596574 -0.10397349479186664 0.035411310042568908 0.034317309835799996 -0.06753908248263929 0.014237310065788206 -0.033801207984604772 0.010999487504142022 -0.020299272991737685 0.017529194082459464 0.042005391120684285 0.057305108052462 0.0025126715625838972 0.056217499061777011 0.031978276417708174 -0.10727952458430078 0.066154250287591476 0.05123339619030795 0.052333868940672192 0.013746615784850173 0.064025754799598544 -0.10950318376557754 0.039727801961011298 -0.095246402331429003 -0.099557235384966761 -0.0078385471149865996 0.032489200944901729 -0.10213689405856337 -0.10818772722984125 0.016469693958797212 -0.0013767307290698677 -0.025664019016688508 0.02491273488496118 -0.072987565421385972 0.020474278962739359 -0.0063592708310051156 -0.10363204211325619 0.02342074300293567 0.028836615793391713 -0.10602127118607406 0.021961277627259464 -0.00025081125529571467
leaf_weight=523.6986792916432 13.211114618461577 258.56702244048938 131.45428722008364 115.5209931753343 53.065760523895733 1098.4803812612081 980.85590423224494 12.4923954406986 1499.6933167118113 13.1882658356335 10.86947048245929 187.80919624632224 18.329580323537812 169.81535775261 91.439995959284715 27.579073823755607 10.821625485084949 100.86702224530745 74.589379359502345 6.9595059284474692 1450.935079137329 7.8501779483631244 24.935186340939254 17.230833719309885 19.354403667268343 149.39293984428514 357.55082282889634 480.78505689883605 520.50351137842517 106.96024278202094 837.94313620938919 37.255108675919473 276.03606257971842 91.005194257711992 543.23167795466725 6.6496067997068158 81.560859750024974 16.473753510508686 18.215646327240396 141.05125616188161 4.68661887012422 3.1951884164009234 84.453712387941778 13.779041810892521 4.034085404360666 457.96766069473233 7.8868609189521548 11.229494046652688 3.1571544306352726 259.29421289497986 306.40119834849611 118.39192723715678 40.66633371100761 18.17828210117295 14.26544449105859 95.642308107344434 7.1535903983749476 13.627924058586357 61.970195475034416 18.146310043521225 78.702475011115894 15.127234348095952
leaf_count=1227 6144 8593 15919 1690 5047 475867 26865 1663 18446 1583 1228 4698 617 3776 10639 5549 595 11649 2405 816 544176 469 604 2701 6571 7010 121522 55291 76717 5851 3934 219 7182 595 5409 380 347 344 910 13642 36 154 1625 3018 647 70812 268 834 108 12199 29326 28477 4686 5223 2144 22046 972 333 1910 1186 1302 1190
internal_value=0.000272551 -0.0238764 -0.041301 0.0242087 -0.0485368 -0.0515589 0.0113443 -0.0549749 0.0380904 0.00445978 -0.00410755 0.00112702 -0.00225752 0.0150144 -0.0467835 -0.0490765 0.0217523 -0.00748209 -0.0141205 -0.0170118 -0.0512828 0.00171839 -0.0197379 -0.0669225 -0.019567 0.00748975 -0.0185198 0.00368969 -0.0177524 -0.00162014 0.0477184 0.0147499 0.0134943 0.0298487 0.0276728 0.0233793 0.043963 -0.00899348 -0.0137753 0.00701798 -0.0541806 0.0090381 0.0342877 -0.0246026 0.0247946 -0.00926932 0.0087971 -0.046594 0.029282 0.00519968 -0.00401092 -0.0329181 -0.0109693 -0.000295503 -0.0318926 -0.0280098 0.0300515 -0.0203145 0.00484154 -0.00769352 0.0118924 -0.0579346
internal_weight=12222.2 6084.05 3585.42 6138.14 3177.19 3014.58 3185.8 2790.62 2952.34 2240.95 1222.84 2498.63 2146.41 408.23 1655.56 1564.12 352.219 1611.81 1011.04 936.45 1478.51 164.41 558.627 1135.07 36.5852 162.604 918.12 600.768 545.439 238.415 1361.64 1018.11 534.603 1590.7 944.848 747.766 197.082 223.96 207.486 156.56 15.5082 664.214 87.6489 154.421 22.2497 464.927 499.901 19.1164 567.17 576.565 317.271 132.171 85.6025 73.1101 32.4437 453.193 564.013 20.7815 180.596 118.626 85.3521 33.2735
internal_count=1647386 1457837 1136362 189549 1110816 1097662 165347 1059219 24202 150520 123436 321475 302035 25546 574080 563441 19440 286260 218218 215813 549725 14742 78904 485139 9272 13154 215196 68042 77321 21770 5161 27084 15775 19041 14827 12790 2037 38443 38099 14273 631 44532 1779 33052 1557 71628 56393 1102 6822 42753 30554 31495 13716 12053 7367 143568 6714 1305 5968 4058 1682 2376
is_linear=0
shrinkage=0.05


end of trees

feature_importances:
popularity=44
rank_e5_large_top100=42
biencoder_cosine=40
rank_biencoder_last2turns_top100=32
rank_biencoder_large_top100=27
pmi_sum=23
rank_biencoder_current_only_top100=18
rank_cf_bpr=15
rank_decay_descending=15
turn_number=15
rank_biencoder_mxbai_top100=13
rank_pmi_leg=13
n_legs_containing=11
score_biencoder_last2turns_top100=9
rank_metadata_qwen3=9
rank_bm25_norepeat=8
score_metadata_qwen3=8
score_biencoder_top100=7
rank_biencoder_top100=5
n_prior_accepts=5
score_bm25_norepeat=4
score_biencoder_current_only_top100=3
score_pmi_leg=3
score_biencoder_large_top100=1
score_biencoder_mxbai_top100=1
score_decay_descending=1

parameters:
[boosting: gbdt]
[objective: lambdarank]
[metric: ndcg]
[tree_learner: serial]
[device_type: cpu]
[data_sample_strategy: bagging]
[data: ]
[valid: ]
[num_iterations: 500]
[learning_rate: 0.05]
[num_leaves: 63]
[num_threads: 25]
[seed: 0]
[deterministic: 0]
[force_col_wise: 0]
[force_row_wise: 0]
[histogram_pool_size: -1]
[max_depth: -1]
[min_data_in_leaf: 10]
[min_sum_hessian_in_leaf: 0.001]
[bagging_fraction: 0.8]
[pos_bagging_fraction: 1]
[neg_bagging_fraction: 1]
[bagging_freq: 5]
[bagging_seed: 3]
[bagging_by_query: 0]
[feature_fraction: 0.8]
[feature_fraction_bynode: 1]
[feature_fraction_seed: 2]
[extra_trees: 0]
[extra_seed: 6]
[early_stopping_round: 0]
[early_stopping_min_delta: 0]
[first_metric_only: 0]
[max_delta_step: 0]
[lambda_l1: 0]
[lambda_l2: 0]
[linear_lambda: 0]
[min_gain_to_split: 0]
[drop_rate: 0.1]
[max_drop: 50]
[skip_drop: 0.5]
[xgboost_dart_mode: 0]
[uniform_drop: 0]
[drop_seed: 4]
[top_rate: 0.2]
[other_rate: 0.1]
[min_data_per_group: 100]
[max_cat_threshold: 32]
[cat_l2: 10]
[cat_smooth: 10]
[max_cat_to_onehot: 4]
[top_k: 20]
[monotone_constraints: ]
[monotone_constraints_method: basic]
[monotone_penalty: 0]
[feature_contri: ]
[forcedsplits_filename: ]
[refit_decay_rate: 0.9]
[cegb_tradeoff: 1]
[cegb_penalty_split: 0]
[cegb_penalty_feature_lazy: ]
[cegb_penalty_feature_coupled: ]
[path_smooth: 0]
[interaction_constraints: ]
[verbosity: -1]
[saved_feature_importance_type: 0]
[use_quantized_grad: 0]
[num_grad_quant_bins: 4]
[quant_train_renew_leaf: 0]
[stochastic_rounding: 1]
[linear_tree: 0]
[max_bin: 255]
[max_bin_by_feature: ]
[min_data_in_bin: 3]
[bin_construct_sample_cnt: 200000]
[data_random_seed: 1]
[is_enable_sparse: 1]
[enable_bundle: 1]
[use_missing: 1]
[zero_as_missing: 0]
[feature_pre_filter: 1]
[pre_partition: 0]
[two_round: 0]
[header: 0]
[label_column: ]
[weight_column: ]
[group_column: ]
[ignore_column: ]
[categorical_feature: ]
[forcedbins_filename: ]
[precise_float_parser: 0]
[parser_config_file: ]
[objective_seed: 5]
[num_class: 1]
[is_unbalance: 0]
[scale_pos_weight: 1]
[sigmoid: 1]
[boost_from_average: 1]
[reg_sqrt: 0]
[alpha: 0.9]
[fair_c: 1]
[poisson_max_delta_step: 0.7]
[tweedie_variance_power: 1.5]
[lambdarank_truncation_level: 20]
[lambdarank_norm: 1]
[label_gain: ]
[lambdarank_position_bias_regularization: 0]
[eval_at: ]
[multi_error_top_k: 1]
[auc_mu_weights: ]
[num_machines: 1]
[local_listen_port: 12400]
[time_out: 120]
[machine_list_filename: ]
[machines: ]
[gpu_platform_id: -1]
[gpu_device_id: -1]
[gpu_use_dp: 0]
[num_gpu: 1]

end of parameters

pandas_categorical:null
