tree
version=v4
num_class=1
num_tree_per_iteration=1
label_index=0
max_feature_idx=19
objective=lambdarank
feature_names=rank_biencoder_hardneg_top100 score_biencoder_hardneg_top100 rank_biencoder_large_top100 score_biencoder_large_top100 rank_bm25_norepeat score_bm25_norepeat rank_cf_bpr score_cf_bpr rank_decay_descending score_decay_descending rank_metadata_qwen3 score_metadata_qwen3 rank_pmi_leg score_pmi_leg popularity turn_number n_prior_accepts pmi_sum is_in_all_legs n_legs_containing
feature_infos=[0:101] [0:0.016393441706895828] [0:101] [0:0.016393441706895828] [0:101] [0:0.016393441706895828] [0:101] [0:0.016393441706895828] [0:101] [0:0.016393441706895828] [0:101] [0:0.016393441706895828] [0:101] [0:0.016393441706895828] [0:93] [1:8] [0:7] [0:60.326797485351562] [0:1] [1:7]
tree_sizes=7011 6917 6965 6914 6940 6975 6941 6958

Tree=0
num_leaves=63
num_cat=0
split_feature=2 19 0 19 14 13 2 2 17 17 2 13 9 14 2 17 2 0 10 2 15 6 14 6 14 4 9 9 4 15 14 10 14 2 6 14 6 2 14 17 3 6 14 15 15 10 14 14 17 14 3 4 9 14 14 14 14 15 17 14 13 6
split_gain=3867.88 1094.14 351.611 240.627 115.757 94.2889 88.1148 84.6597 79.994 65.6821 53.6692 48.7279 40.4141 39.7134 33.9302 33.4728 65.283 27.3466 22.9207 22.4899 19.9637 19.49 19.068 18.8301 17.859 16.703 15.5663 14.6659 13.6737 13.4721 13.2449 12.3719 12.201 11.7559 12.1494 11.2627 11.2376 10.8664 10.7484 10.7205 15.1524 12.8082 10.6705 13.3924 11.7743 10.7882 10.6024 9.78286 9.72054 9.70135 9.44252 9.01872 11.5569 8.9334 8.80065 8.94663 16.3557 12.1166 8.6666 8.60715 7.9851 12.9714
threshold=29.500000000000004 1.5000000000000002 100.00000000000001 1.5000000000000002 52.500000000000007 1.0000000180025095e-35 7.5000000000000009 61.500000000000007 5.5220944881439218 4.9423518180847177 77.500000000000014 1.0000000180025095e-35 0.012579114176332952 43.500000000000007 4.5000000000000009 7.2871093750000009 94.500000000000014 20.500000000000004 1.5000000000000002 23.500000000000004 7.5000000000000009 18.500000000000004 51.500000000000007 7.5000000000000009 69.500000000000014 60.000000000000007 0.014599318150430919 0.012579114176332952 60.000000000000007 1.5000000000000002 56.500000000000007 18.500000000000004 83.500000000000014 16.500000000000004 8.5000000000000018 66.500000000000014 3.5000000000000004 1.5000000000000002 51.500000000000007 6.7608911991119394 0.0064309346489608296 10.500000000000002 49.500000000000007 7.5000000000000009 1.5000000000000002 4.5000000000000009 73.500000000000014 54.500000000000007 16.201468467712406 75.500000000000014 0.0064309346489608296 9.5000000000000018 0.016261236742138866 54.500000000000007 74.500000000000014 77.500000000000014 78.500000000000014 6.5000000000000009 9.1912436485290545 39.500000000000007 0.013423423748463394 12.500000000000002
decision_type=2 2 2 2 2 2 2 2 2 2 2 2 2 2 2 2 2 2 2 2 2 2 2 2 2 2 2 2 2 2 2 2 2 2 2 2 2 2 2 2 2 2 2 2 2 2 2 2 2 2 2 2 2 2 2 2 2 2 2 2 2 2
left_child=3 2 9 6 7 10 37 -4 11 17 21 26 25 19 -5 16 20 30 -14 -8 29 -3 36 -16 31 -12 28 46 -9 47 -2 38 54 -25 -35 -15 -20 -1 -23 40 -27 -42 45 44 -44 -30 53 -6 59 -48 -45 52 -38 -18 -32 -56 -57 -58 -24 -7 61 -10
right_child=1 5 4 14 15 48 13 8 60 -11 12 -13 18 35 23 -17 27 -19 22 -21 -22 24 58 33 -26 39 -28 -29 42 -31 32 -33 -34 34 -36 -37 51 -39 -40 -41 41 -43 43 50 -46 -47 49 -49 -50 -51 -52 -53 -54 -55 55 56 57 -59 -60 -61 -62 -63
leaf_value=0.080386742135188219 -0.085939709523274233 0.051090468272096214 -0.024438470389895564 0.089895454589683163 -0.10000000000000001 -0.0085562982926836607 0.014434696297182343 -0.10000000000000001 0.099999999999999895 0.026243016320876895 -0.06394426007024577 -0.10000000000000001 0.058803060327175263 0.031875812696835551 0.081826539052409566 0.036504021364970295 -0.0041742604972166185 -0.084636581424065271 0.057813726164782968 -0.028454178897388521 -0.060641801852804537 0.050769409115001343 -0.041317223429226266 0.070348436518251151 0.059952871272010246 0.0046719512538700107 0.010804147718868068 -0.0044567315722287282 0.051552638195072158 -0.00098149973112054501 -0.061104913974999259 -0.0052120962109711046 -0.076621542169928752 -0.10000000000000001 0.05236982069877149 0.063154386933147552 -0.040138204198005331 0.055201220694206792 -0.055214401882890264 0.076736470735239259 0.076067408549936488 -0.088291123986524764 0.026383744355894797 0.082279671599593762 -0.061410076470203481 -0.058057941917894186 0.047923943084365102 0.038002370055599699 0.074061989646391047 -0.055205109858880476 -0.047199844404881001 0.017891666111845683 0.069815875116817527 -0.075463195709517261 -7.1623138648052542e-06 -0.090520343569022832 -0.0036682640622075786 -0.10000000000000001 0.094179971376852634 0.052672497900761374 0.046731413682535444 -0.099999999999999867
leaf_weight=64.037000972413807 50.585037102515344 77.406622788548702 301.58239873756247 401.91169486190483 1.3308578766882408 6.1364416507713022 138.381174765178 17.636581929560634 1.2112868428230288 14.852459980058482 31.674359208336682 72.282768386168755 20.693181907059625 115.79381042212481 229.10879294530605 36.079538790130755 4.7910899291891829 675.07575568338507 12.264292689971624 39.231488064891892 11.645658848981837 20.217587354185529 25.609775368589911 207.40234223568405 20.024305505707162 19.280909016175432 8.6606238140375336 13.495124178240074 2.2589979897020376 120.84032219914661 51.920599497127114 57.459087430906948 50.334063397269347 1.3228368286509056 118.79083061561687 38.298770685913041 15.887298373098021 129.3091531527607 2.7132949603255829 3.0095146636012933 1.3477607138920564 9.8360026681330037 4.7929951694677646 4.1667868064250788 18.792835580592509 358.17387712061463 3.9069156853947771 36.6308710493322 62.877337928453926 5.4775351189309731 2.1267705435166135 43.716040707324282 2.8129171240143469 53.093446522572776 15.388651345419929 12.942465813335728 18.996248255512914 3.9415490410028715 1.2371334759518493 88.773316498962231 19.108484280732227 2.4514797352603663
leaf_count=5552 30156 8206 110970 10837 1179 1796 37017 12864 37 3334 18139 55880 3724 27150 8632 7540 2424 381160 2297 15412 6900 2486 11284 13260 1671 4890 2909 4869 460 44432 31287 11385 12452 315 10903 5598 8257 19139 730 269 179 3402 1212 350 9385 168661 1034 9228 2866 3833 912 13412 321 24958 7464 1774 9365 3331 39 10578 3509 1260
internal_value=-0.000117886 -0.0378561 -0.0547346 0.0639215 -0.0358133 0.0265163 0.0367139 -0.0454514 -0.0578367 -0.0780263 0.0125612 -0.0621035 -0.00611188 0.0210758 0.0788248 -0.00853034 -0.0149983 -0.0797878 0.0108419 0.0049613 0.00254715 0.0322369 0.00106655 0.0708312 0.0177032 -0.0379177 -0.0555283 -0.0520268 -0.0569365 0.00718107 -0.0637506 0.00717925 -0.0564394 0.0631395 0.0506917 0.0396499 0.0140585 0.0635428 0.0382289 -0.0132906 -0.0221841 -0.0684842 -0.0549907 -0.0262774 -0.0435691 -0.057371 -0.06157 0.0331643 0.0588149 -0.0122706 0.0385249 0.00546094 -0.0235987 -0.0695626 -0.0465949 -0.0319005 -0.0455792 -0.0202216 -0.0350734 0.0487137 0.0337683 -0.0338595
internal_weight=4001.14 2517.55 1994.57 1483.59 1100.54 522.977 525.051 813.246 511.663 894.037 365.19 488.892 187.369 331.705 958.536 287.291 251.212 879.184 122.221 177.613 170.448 177.821 101.527 556.625 100.414 65.1485 416.609 80.7641 407.949 158.802 204.109 80.39 153.524 327.516 120.114 154.093 74.6805 193.346 22.9309 33.4742 30.4647 11.1838 390.312 29.8794 23.5858 360.433 67.269 37.9617 157.787 9.38445 6.29356 62.4163 18.7002 57.8845 103.19 51.2689 35.8803 22.9378 26.8469 94.9098 22.7713 3.66277
internal_count=1214875 1061060 955129 153815 474806 105931 109868 368409 257439 480323 90691 252633 66213 85177 43947 106397 98857 476989 39334 52429 61739 24478 35610 33110 16272 26879 196753 37118 193844 54839 95829 14601 65673 24478 11218 32748 24287 24691 3216 8740 8471 3581 180980 11859 10597 169121 32249 10407 15240 4867 1262 21990 8578 27382 53221 21934 14470 12696 11323 12374 4806 1297
is_linear=0
shrinkage=0.05


Tree=1
num_leaves=63
num_cat=0
split_feature=19 2 17 19 10 2 2 10 2 2 2 14 14 12 2 14 19 10 8 2 14 15 14 12 6 15 1 8 14 15 14 14 14 17 6 1 17 4 15 10 19 4 17 4 2 14 2 1 6 17 17 17 12 14 6 4 14 14 15 4 15 10
split_gain=2947.5 1241.76 619.656 439.794 163.785 150.7 110.293 115.869 90.3006 86.6893 105.756 73.1851 70.918 70.5304 68.5811 79.9245 58.9365 57.4526 55.8916 55.5073 53.6172 52.0935 50.6647 49.1625 48.3689 46.2658 44.4343 47.3047 41.9705 41.119 41.8486 41.4362 38.1276 55.6758 37.5467 38.9188 36.6936 36.4445 33.5554 31.5362 30.771 30.5015 30.2767 29.4909 29.3055 32.3056 28.6111 28.0083 27.537 45.7374 26.905 26.9022 61.1509 29.8401 28.9767 26.8609 26.6248 34.7737 26.4804 26.1611 25.2018 25.1559
threshold=1.5000000000000002 70.500000000000014 3.7117801904678349 4.5000000000000009 3.5000000000000004 98.500000000000014 98.500000000000014 2.5000000000000004 4.5000000000000009 4.5000000000000009 1.0000000180025095e-35 61.500000000000007 62.500000000000007 7.5000000000000009 19.500000000000004 48.500000000000007 2.5000000000000004 13.500000000000002 18.500000000000004 7.5000000000000009 46.500000000000007 3.5000000000000004 48.500000000000007 7.5000000000000009 10.500000000000002 1.5000000000000002 0.012270400300621988 17.500000000000004 26.500000000000004 5.5000000000000009 54.500000000000007 68.500000000000014 51.500000000000007 9.2239885330200213 8.5000000000000018 0.015504807699471714 17.293665885925297 16.500000000000004 3.5000000000000004 13.500000000000002 2.5000000000000004 1.0000000180025095e-35 11.084314346313478 17.500000000000004 1.0000000180025095e-35 33.500000000000007 2.5000000000000004 0.0069687257055193194 7.5000000000000009 10.721748352050783 30.042110443115238 10.824008464813234 7.5000000000000009 66.500000000000014 60.000000000000007 6.5000000000000009 26.500000000000004 4.5000000000000009 3.5000000000000004 2.5000000000000004 4.5000000000000009 7.5000000000000009
decision_type=2 2 2 2 2 2 2 2 2 2 2 2 2 2 2 2 2 2 2 2 2 2 2 2 2 2 2 2 2 2 2 2 2 2 2 2 2 2 2 2 2 2 2 2 2 2 2 2 2 2 2 2 2 2 2 2 2 2 2 2 2 2
left_child=1 14 5 6 21 11 7 -2 24 10 20 -3 18 40 19 38 50 46 -7 29 -9 41 61 -22 28 -15 27 -14 59 30 -1 44 -23 47 43 51 48 -26 -16 -20 42 -5 -8 -19 -31 -46 -12 -34 49 -10 -11 52 -36 -53 -54 -48 57 -27 -32 -6 -55 -18
right_child=3 2 -4 4 8 12 13 9 36 16 17 -13 26 25 15 -17 22 34 39 -21 23 32 -24 -25 37 56 -28 -29 -30 31 58 -33 33 -35 35 -37 -38 -39 -40 -41 -42 -43 -44 -45 45 -47 55 -49 -50 -51 -52 53 54 60 -56 -57 -58 -59 -60 -61 -62 -63
leaf_value=-0.020429794513639202 0.05131346425839866 -0.044517731581694586 0.034309991933784235 0.073198524991545694 -0.1020448092468963 -0.036268495517468795 -0.067110990818718838 0.038370472904763538 0.024816896061524658 0.0089319332217396748 0.021983092931170137 0.0060391456862230464 0.022331539520013891 -0.055627096744644347 -0.036425781119480763 0.001630651601177461 0.038632253116643991 -0.10295309140163336 -0.026717552344697078 0.014190608434175873 0.054863275158217685 0.046981211540736999 0.04175602067426732 -0.048297365058221832 -0.039307864653812238 -0.021357896352473118 -0.034972698447311011 -0.065025990596433159 0.0061716118254456775 0.031819237323544525 0.019223507584888781 -0.10259161573749008 -0.0016356973656776975 0.042616069661908111 0.055929257095365253 0.054574258328218085 0.055690298473433458 0.021346032773980533 -0.015478654956813338 -0.08012810741407439 0.053722580978149873 0.051177223390621585 0.025150273438738442 0.019133172668484702 0.018041920962476622 -0.014592395380860591 -0.10236090198515457 -0.10209856485009892 0.04008370997560752 -0.047734532076441592 0.065933632868602696 -0.10228914209159157 -0.063086470134554637 0.069524039531866824 -0.024691221332673128 -0.0052592885676338748 -0.015888431579156814 0.040334988294249988 -0.025070245776728534 0.046336540864734911 -0.10193865286628721 0.010443112222064692
leaf_weight=480.61737639672356 209.95766705076676 449.193729647086 189.3645045257872 259.19281742651947 3.0523715224117032 85.101467036176473 12.592285280814393 209.53625293215737 306.29168246057816 860.70201780484058 150.60966602060944 85.151094053173438 15.972690042108296 62.411360301310197 302.60011476569343 535.6816874112701 103.65301822940819 5.33554758504033 28.481361313955858 582.49719829356764 16.53916391171515 643.0557941935258 397.62194221594837 38.277913553640246 78.302792549133301 39.772270892513916 203.31700290716253 520.19670093536843 270.32774119824171 108.38136697374284 132.64812734723091 8.4128138886298967 67.606889964547008 123.24474904243834 20.262616532854736 13.263746153563259 174.31276445114054 36.222573582082987 519.25049138930626 932.49612447293475 58.92949308664538 399.77745272661559 30.262398492079228 67.829145211726427 149.87550114793703 153.5069676428102 7.8079570084810248 7.7310331880580625 331.22392128605861 23.381231542443857 21.211474278243259 25.431573471054435 65.334579102694988 5.560460424050687 198.24482214776799 81.077739154454321 359.37570486601908 53.656070342054591 45.254268361022696 110.8241697922349 3.4869457334280014 334.70555637555663
leaf_count=11804 1409 118250 20248 696 26 17876 1114 757 4552 34351 719 12801 1917 9282 58903 62581 1769 66 5137 44344 61 4059 7437 351 571 5030 56199 205717 1373 976 2193 418 1045 897 112 32 1408 175 102099 334234 1146 2239 677 342 3505 4696 106 389 6664 656 173 278 589 10 1428 516 44510 3118 1099 355 39 9351
internal_value=-3.1633e-05 -0.0266655 -0.0526577 0.0233831 0.0379787 -0.0597565 0.0114032 0.0155707 0.0252311 0.0127134 0.000223015 -0.0364612 -0.0667278 -0.00775534 -0.00505982 -0.0133965 0.0193196 -0.0107041 -0.0751058 0.00175298 0.026853 0.0493106 0.0288318 -0.0171722 0.00839609 -0.0152692 -0.0548761 -0.0624236 0.0168975 -0.00496335 -0.0127612 0.00725775 0.0410673 0.0219168 -0.0221897 -0.0293432 0.0352838 -0.020124 -0.0231913 -0.0785451 0.0302785 0.0598389 -0.00195949 0.01023 0.0095021 0.00152945 0.00870675 -0.011945 0.0299015 0.0196714 0.0103029 -0.0328398 -0.0277738 -0.0745452 -0.0342084 -0.013789 -0.00970652 0.0140724 0.0079562 0.0423593 0.00344089 0.0171086
internal_weight=11816 5528 2509.27 6288 2834.55 2319.91 3453.45 2836.45 1333.94 2626.49 908.598 534.345 1785.57 617 3018.73 1357.53 1717.89 644.245 1046.08 1661.19 264.353 1500.61 835.981 54.8171 498.73 515.215 739.486 536.169 384.204 1078.7 658.52 420.177 841.638 198.583 404.749 331.585 835.21 114.525 821.851 960.977 101.784 658.97 42.8547 73.1647 411.764 303.382 239.495 75.3379 660.897 329.673 881.913 318.321 283.842 34.479 263.579 88.8857 452.804 93.4283 177.902 113.877 9.04741 438.359
internal_count=1214875 1064997 772379 149878 25105 752131 124773 59896 15780 58487 5406 131051 621080 64877 292618 223583 53081 4237 357247 69035 1169 9325 18557 412 2500 61940 263833 207634 1754 24691 15096 9595 6390 2331 2896 2488 13280 746 161002 339371 2937 2935 1791 408 9177 8201 1341 1434 11872 5208 34524 2456 2129 327 2017 622 52658 8148 3292 381 49 11120
is_linear=0
shrinkage=0.05


Tree=2
num_leaves=63
num_cat=0
split_feature=2 19 2 0 7 14 17 19 17 2 17 14 17 0 8 2 8 17 17 10 14 14 2 17 15 0 4 2 14 8 14 15 4 8 14 17 2 14 14 2 8 4 17 2 11 14 15 14 17 8 10 15 17 7 14 4 10 19 2 8 10 15
split_gain=2975.13 951.184 545.929 254.576 204.46 170.256 125.764 124.482 118.675 64.9289 54.4663 52.4336 40.0307 37.0887 36.7405 47.8012 36.3487 35.3217 44.2063 34.7595 33.5684 30.8885 29.0684 35.1311 31.2545 31.9552 27.6834 27.2453 26.9297 37.4397 28.7562 26.7651 50.1539 31.8158 58.3843 27.1516 28.8423 25.9364 28.6086 26.4784 57.6051 36.8155 25.2799 25.2676 32.0244 25.1251 24.7495 25.0167 26.2702 24.2752 24.0714 23.4496 27.7017 23.4195 33.563 33.2251 28.2643 23.4039 23.3732 25.2141 23.3606 22.4886
threshold=38.500000000000007 1.5000000000000002 4.5000000000000009 100.00000000000001 0.013606071937829258 50.500000000000007 5.0298264026641855 1.5000000000000002 3.7117801904678349 67.500000000000014 10.499359607696535 73.500000000000014 22.883173942565922 20.500000000000004 3.5000000000000004 8.5000000000000018 9.5000000000000018 9.695287227630617 9.2478270530700701 14.500000000000002 84.500000000000014 56.500000000000007 14.500000000000002 7.3681252002716073 6.5000000000000009 5.5000000000000009 1.0000000180025095e-35 70.500000000000014 29.500000000000004 5.5000000000000009 38.500000000000007 1.5000000000000002 60.000000000000007 60.000000000000007 72.500000000000014 8.3681254386901873 80.500000000000014 74.500000000000014 84.500000000000014 12.500000000000002 13.500000000000002 11.500000000000002 36.225801467895515 9.5000000000000018 0.015749008394777778 4.5000000000000009 3.5000000000000004 70.500000000000014 18.748109817504886 8.5000000000000018 4.5000000000000009 4.5000000000000009 20.426191329956058 0.012579114176332952 34.500000000000007 15.500000000000002 10.500000000000002 2.5000000000000004 98.500000000000014 18.500000000000004 60.000000000000007 3.5000000000000004
decision_type=2 2 2 2 2 2 2 2 2 2 2 2 2 2 2 2 2 2 2 2 2 2 2 2 2 2 2 2 2 2 2 2 2 2 2 2 2 2 2 2 2 2 2 2 2 2 2 2 2 2 2 2 2 2 2 2 2 2 2 2 2 2
left_child=2 3 7 8 6 9 16 -1 11 -5 50 -2 20 -13 15 -6 21 18 31 43 27 45 28 24 25 -24 -9 -7 -16 30 -30 32 -3 53 35 36 -35 39 60 40 -18 -41 -31 44 -17 49 47 48 -19 -4 -11 57 -53 54 56 -56 -33 -8 -52 -60 -39 -36
right_child=1 17 4 5 14 12 51 26 -10 10 -12 13 -14 -15 22 19 37 46 -20 -21 -22 -23 23 -25 -26 -27 -28 -29 29 42 -32 33 -34 34 61 -37 -38 38 -40 41 -42 -43 -44 -45 -46 -47 -48 -49 -50 -51 58 52 -54 -55 55 -57 -58 -59 59 -61 -62 -63
leaf_value=0.020769728415279784 -0.072814791882426996 -0.052760733593795683 -0.072445547696379259 -0.030331743008271156 0.05280142330479265 -0.0048842747270487676 0.0021575309783676906 0.060299006083285173 0.010191548287564443 0.036792918710521511 0.0028954896943088481 -0.029548260154182188 0.069104227972355728 -0.061990602117772353 0.042153389337332085 0.027898534330514785 -0.080918088520989834 -0.10318190534342123 -0.10298770037944326 -0.10379161304379532 0.04494930697334875 -0.036637234437645001 0.06954405003296471 0.027793651927604281 0.02708962978743595 -0.018481974082443169 0.044573239961869071 -0.025600433536891828 -0.10347391784157833 0.026215999397892306 -0.0039134074373099546 0.043996753670907086 0.04099559245086784 -0.011188808090152888 0.04578172232206091 0.02706194184182786 -0.043532851392403649 -0.10322086754851148 -0.10313845434543914 -0.063456107527629813 0.0049666789800255733 -0.0084754646480628571 -0.10174677272230344 0.028734049234859504 -0.10385786588964481 0.027704427618366917 0.019819366918870547 0.033870464591632253 0.064929305590998757 0.056445107087941961 -0.049187566168298287 0.0013192547287973451 0.037201967842387794 0.016648548649069814 -0.058125624842270185 -0.00029223020117090257 -0.013133309906473923 0.049934663843922283 -0.037991694829628719 -0.073009414727406186 0.028735101181223896 -0.0027778383331237503
leaf_weight=568.60226111568045 833.50265687028877 56.164038606919348 12.447675010189416 473.05970658827573 230.77557482430711 246.37489887163974 30.892259875312448 347.32003209739923 53.691582919796929 6.8162851515226057 40.326873939950019 136.34293156233616 13.985680736601351 248.95571256848052 184.47283253003843 10.336603097617628 20.119271307718009 12.339602883905174 10.563168666325508 5.2373223784379652 21.68295632279478 24.535457322373986 10.96366053028032 152.24592541716993 65.053974414477125 172.93243248038925 1440.7823217348196 446.06739220465533 8.9279336682520789 337.13997162331361 38.651370727457106 47.544482705881819 19.120015968568623 184.55144167307299 56.741336215287447 29.47770099923946 110.01316916383803 3.4657809203490606 4.5785682629793873 31.243699477985501 659.8687456776388 1194.7019756967202 3.9043436506763092 371.36598988692276 8.3272100505419058 196.88696079375222 356.51561384473462 8.9424787205643934 2.8630384346470228 5.1704933193977913 392.91732925688848 119.63580720964819 97.721163430949673 387.23579037014861 42.354989806422964 60.034178495174274 39.749715072801337 150.54142941278405 62.318639841396362 293.54085468687117 104.00677949446253 41.121964344754815
leaf_count=14729 331504 10125 436 98847 1071 34805 1265 826 4880 468 1166 36749 151 107190 1491 73 604 578 799 121 1532 526 52 1470 977 3517 10011 75983 175 3179 428 1619 683 11141 1715 1044 23068 98 368 989 30226 112569 58 2604 148 2620 6108 110 14 55 110997 4075 955 19412 7380 6315 4358 1254 14456 98177 2915 3616
internal_value=0.000177884 -0.0300778 0.0218414 -0.0450804 0.0111512 -0.0339436 0.00264427 0.0411478 -0.0625589 -0.045002 -0.0537214 -0.0657637 -0.0146705 -0.0505105 0.0252687 0.0347198 -0.00192928 0.00339753 -0.00120125 0.0241629 -0.0163112 0.0165068 0.0191959 0.00887368 -0.00269688 -0.013234 0.0476278 -0.0182295 0.0264219 0.0189544 -0.0225953 -0.00020025 -0.0289493 0.00196664 -0.00846845 -0.0186901 -0.0232686 -0.00411313 0.0192651 -0.00548755 0.00242555 -0.00987667 0.0247511 0.025881 -0.0308871 0.0225855 0.0165015 -0.0324887 -0.0715224 -0.0346194 -0.0567431 0.0285291 0.0174517 0.00959791 -0.00479587 -0.024216 0.0179824 0.0417998 -0.0575946 -0.0668771 0.0244798 0.0253771
internal_weight=11347.8 4734.92 6612.86 3269.58 4256.15 1997.09 2655.82 2356.7 1272.49 1268.98 795.92 1218.8 728.111 385.299 1600.34 626.043 2257.03 1465.33 1084.67 395.267 714.125 239.041 974.292 401.196 248.95 183.896 1788.1 692.442 573.096 388.624 47.5793 1074.11 75.2841 998.825 421.906 324.042 294.565 2017.98 112.051 1905.93 679.988 1225.95 341.044 390.03 18.6638 214.505 380.661 24.1451 15.2026 17.6182 755.593 398.791 217.357 576.919 189.683 102.389 87.2942 181.434 748.777 355.859 107.473 97.8633
internal_count=1214875 1014990 199885 916905 174319 436582 158955 25566 480323 324111 225264 475443 112471 143939 15364 4017 151406 98085 91275 2946 112320 3637 11347 6016 4546 3569 10837 110788 5331 3840 603 90476 10808 79668 40584 35253 34209 147769 3381 144388 30830 113558 3237 2825 221 3111 6810 702 592 491 224098 7549 5030 39084 19672 13695 5977 2519 223630 112633 3013 5331
is_linear=0
shrinkage=0.05


Tree=3
num_leaves=63
num_cat=0
split_feature=19 2 2 17 2 2 2 17 10 10 9 0 17 6 2 9 4 10 2 9 12 17 12 2 0 6 2 17 4 17 0 0 2 10 4 2 3 6 17 9 17 4 5 17 12 2 0 12 5 6 2 2 2 2 7 19 17 12 17 9 17 10
split_gain=2916.35 1018.37 354.507 354.204 139.032 119.758 114.522 53.4995 44.6088 44.3135 41.6523 48.8434 39.5716 34.3125 38.5714 48.8157 38.2715 32.7325 32.2691 32.9691 28.5214 27.1592 26.865 23.2795 21.9683 21.4344 20.5234 19.5182 18.0071 17.3575 16.3165 24.9248 16.2995 16.2981 15.97 21.171 16.6051 15.904 15.1307 14.537 30.2117 15.5269 29.1445 28.8611 17.3289 15.8349 14.149 14.0726 14.0476 13.9067 13.664 16.542 24.4275 14.7086 17.3841 13.8854 13.4047 17.7091 21.8284 22.0937 20.879 24.4114
threshold=1.5000000000000002 61.500000000000007 29.500000000000004 5.463329792022706 2.5000000000000004 100.00000000000001 21.500000000000004 4.7281646728515634 15.500000000000002 9.5000000000000018 0.012579114176332952 20.500000000000004 24.91413497924805 5.5000000000000009 69.500000000000014 0.014599318150430919 60.000000000000007 8.5000000000000018 40.500000000000007 0.015038444194942715 1.5000000000000002 13.321537494659426 13.500000000000002 30.500000000000004 26.500000000000004 12.500000000000002 38.500000000000007 11.72229051589966 1.0000000180025095e-35 8.0843310356140154 4.5000000000000009 42.500000000000007 1.0000000180025095e-35 13.500000000000002 1.5000000000000002 36.500000000000007 0.010695492848753931 60.000000000000007 6.0412261486053476 0.016001024283468727 18.593070983886722 60.000000000000007 0.012579114176332952 9.9847888946533221 6.5000000000000009 24.500000000000004 82.500000000000014 2.5000000000000004 0.013072453904896976 10.500000000000002 45.500000000000007 46.500000000000007 85.500000000000014 87.500000000000014 0.015749008394777778 4.5000000000000009 8.84729051589966 12.500000000000002 6.7608911991119394 0.014599318150430919 7.9847960472106942 9.5000000000000018
decision_type=2 2 2 2 2 2 2 2 2 2 2 2 2 2 2 2 2 2 2 2 2 2 2 2 2 2 2 2 2 2 2 2 2 2 2 2 2 2 2 2 2 2 2 2 2 2 2 2 2 2 2 2 2 2 2 2 2 2 2 2 2 2
left_child=1 6 4 5 9 -3 29 13 24 12 11 -7 28 34 18 16 -16 -18 19 26 27 -10 -22 -9 -6 -24 30 -5 -2 32 -15 -32 -1 -13 35 36 -4 -35 48 40 41 42 -26 45 -45 -43 -39 -14 -25 -33 -37 -52 -53 -54 -55 -56 57 60 -59 -60 -40 -62
right_child=2 3 7 20 8 10 -8 23 21 -11 -12 33 47 14 15 -17 17 -19 -20 -21 22 -23 25 38 39 -27 -28 -29 -30 -31 31 49 -34 37 -36 50 -38 46 56 -41 -42 43 -44 44 -46 -47 -48 -49 -50 -51 51 52 53 54 55 -57 -58 58 59 -61 61 -63
leaf_value=0.01627191391852964 0.062986449484476001 -0.038079610954235434 0.060277227756484544 -0.10327251984209487 0.049877898227694881 -0.046875908232612222 -0.017909116221425072 -0.10202708569651364 0.012625917344388109 0.030961000243941328 -0.030369922097406812 -0.035751430979434853 -0.10318579346484452 0.060628759600671191 -0.051777604661164739 0.0085365501628353931 0.057132276113245221 -0.021945285337809317 0.011956531305488025 -0.10364262233317212 0.029839221720959326 0.035520421502739902 0.073535745409003525 0.059819104047071414 -0.10301848322965897 -0.013995080061061782 -0.077649718057260647 -0.0075084285989619887 0.048005111981380605 0.062751841557938448 -0.097271352444627257 -0.060616095952566021 0.00096681250676673529 -0.04739860664868565 0.020803878546738236 -0.10515930483285869 -0.1033167430384723 -0.067501785937395864 0.034069941160934536 0.036471524848364856 0.04734094336313769 0.040348159441526379 0.020994244832036931 -0.10376715774882224 0.01716738885449633 -0.028293724063267741 -0.079199355395870419 0.0043890615665554888 -0.10335662258254147 0.0063720639800979436 0.074947852008427948 -0.10516415598273961 0.078118283742443145 -0.10219503644558886 0.0050221424032308301 -0.10562530457783562 0.019604833736613935 -0.10021949010927951 0.0050996683118751619 -0.1035607782664251 -0.10405831396997314 0.0044899617899470711
leaf_weight=199.38806635607034 284.31993380840868 696.54681898700073 15.294201502576472 8.6578282287810016 134.5388244073838 303.00201288238168 1054.0529429314192 4.1216229340061536 717.01347467955202 371.3865437170025 92.922033256618306 35.165982390753925 4.8060015756636849 8.9850395154207927 122.63468988821842 105.68979013711214 15.005571250338106 102.30650423886254 286.01838034321554 10.598712031031026 123.75989133119583 158.09991676150821 7.6642779321409753 28.109873024281118 4.7630535229109219 79.980288794031367 10.347968970425425 13.804491433082147 680.99761187867261 12.215947018470613 7.4923544637858859 8.7905424358323199 1363.8612386033637 71.322447250131518 195.3915517248679 4.3054749304428688 1.7261947048827995 711.63041004375555 56.885452950140461 468.52547976560891 149.5685230914969 237.62876863451675 888.58574447943829 5.7949578105472028 6.0596184828318638 8.709817147580905 405.98791076499037 8.274041287135331 1.3838967191986729 65.304259223863482 4.9122371394187203 7.4126036823727182 4.5366811370477071 5.2010070541873565 33.14232173608616 3.100672159343957 467.90523858414963 7.479023815598338 39.128218994592316 5.3132940665818742 6.3024849104695013 29.068228951189667
leaf_count=2658 587 177293 85 1158 870 96066 174047 203 16679 3194 20006 6256 62 166 31380 10955 692 13039 12150 535 8597 1846 230 822 206 7351 988 519 3018 338 824 483 73946 24745 10014 128 68 298467 1726 2510 872 2871 10593 201 75 302 173320 61 239 3268 21 307 14 572 2229 164 9642 1101 2244 431 283 1158
internal_value=0.000273443 -0.0269859 0.0246483 -0.0494967 0.0325 -0.055417 -0.00515211 0.00516348 0.0261061 0.0456655 -0.0628714 -0.0648491 0.0512471 -0.00197623 -0.0075599 -0.0197761 -0.032247 -0.0118304 0.00306142 -0.0197524 0.00914795 0.0167621 0.0148396 0.0164221 0.0304004 -0.00634075 -0.0109421 -0.0444195 0.0524176 0.00338287 -0.00332072 -0.0103634 0.00291894 -0.069298 0.0131121 -0.00576124 0.0436857 -0.0702902 0.017183 0.0289196 0.0262002 0.0234543 0.020333 0.034254 -0.0419499 0.0379212 -0.0717511 -0.0351372 0.0521626 -0.00157535 -0.0192031 -0.0128558 -0.0209338 -0.0073549 -0.0167113 -0.004444 0.0154975 0.00216763 -0.0211911 -0.00789145 0.0153136 -0.0148516
internal_weight=10972.9 5179.96 5792.97 2550.44 4129.07 2316.58 2629.52 1663.89 2779.29 1349.78 1620.03 1527.11 978.398 1018.2 743.174 345.637 239.947 117.312 397.537 111.519 233.867 875.113 211.404 645.697 1904.17 87.6446 100.92 22.4623 965.318 1575.47 90.5722 81.5872 1563.25 1224.11 275.023 79.6314 17.0204 1188.94 641.576 1769.64 1301.11 1151.54 893.349 258.193 11.8546 246.339 1117.62 13.08 29.4938 74.0948 62.611 58.3055 53.3933 45.9807 41.444 36.243 612.082 144.177 51.9205 44.4415 92.2562 35.3707
internal_count=1214875 1064997 149878 814008 43947 796153 250989 105931 37025 6922 618860 598854 3728 88082 74480 56066 45111 13731 18414 6264 17855 18525 16178 17849 18500 7581 5729 1677 3605 76942 4741 4575 76604 502788 13602 3588 153 496532 17646 17630 15120 14248 10799 3449 276 3173 471787 123 1061 3751 3435 3307 3286 2979 2965 2393 16585 6943 3776 2675 3167 1441
is_linear=0
shrinkage=0.05


Tree=4
num_leaves=63
num_cat=0
split_feature=19 2 17 2 2 2 8 19 14 14 2 2 8 14 2 0 14 14 12 17 6 0 6 14 2 0 6 14 14 14 17 10 14 14 10 10 17 10 14 14 17 2 0 8 0 8 17 0 14 10 2 14 10 17 0 6 12 12 6 6 8 2
split_gain=2748.48 894.462 315.798 286.901 109.971 98.3491 80.1739 79.5774 69.9537 67.5751 37.3509 36.6431 35.7764 42.4607 30.5138 33.5616 29.7122 27.1114 33.7917 38.3546 29.545 26.8584 26.4246 25.7567 25.4308 25.1333 26.6382 33.2166 24.9389 28.1525 24.5265 23.8823 22.7004 31.6892 21.8153 20.8044 20.2227 19.5795 18.9395 31.6999 17.9966 17.9175 17.3542 16.9454 19.7939 16.9088 27.1523 24.9309 16.6659 16.5626 17.8684 16.4781 16.4446 16.402 15.7558 19.9333 15.5756 32.3858 17.9414 16.7683 20.1873 15.5306
threshold=1.5000000000000002 61.500000000000007 3.7117801904678349 11.500000000000002 15.500000000000002 100.00000000000001 1.5000000000000002 2.5000000000000004 48.500000000000007 61.500000000000007 1.5000000000000002 100.00000000000001 18.500000000000004 57.500000000000007 55.500000000000007 4.5000000000000009 60.500000000000007 34.500000000000007 10.500000000000002 13.879874706268312 11.500000000000002 20.500000000000004 12.500000000000002 80.500000000000014 2.5000000000000004 20.500000000000004 5.5000000000000009 76.500000000000014 46.500000000000007 36.500000000000007 11.891654014587404 4.5000000000000009 49.500000000000007 43.500000000000007 10.500000000000002 18.500000000000004 10.824008464813234 1.0000000180025095e-35 49.500000000000007 26.500000000000004 12.889589786529543 19.500000000000004 27.500000000000004 7.5000000000000009 30.500000000000004 14.500000000000002 8.6437578201293963 79.500000000000014 44.500000000000007 5.5000000000000009 53.500000000000007 15.500000000000002 11.500000000000002 13.321537494659426 18.500000000000004 12.500000000000002 6.5000000000000009 10.500000000000002 1.5000000000000002 4.5000000000000009 2.5000000000000004 14.500000000000002
decision_type=2 2 2 2 2 2 2 2 2 2 2 2 2 2 2 2 2 2 2 2 2 2 2 2 2 2 2 2 2 2 2 2 2 2 2 2 2 2 2 2 2 2 2 2 2 2 2 2 2 2 2 2 2 2 2 2 2 2 2 2 2 2
left_child=1 4 5 6 16 9 -2 14 41 48 35 25 -7 31 32 -16 24 -12 23 20 -20 -15 -17 37 51 28 34 38 29 54 36 -14 33 -5 -27 -8 56 -19 39 -28 -4 -6 -29 -22 -45 -34 47 -47 -3 -49 -51 -1 -36 -26 55 -9 58 -58 -13 -59 -61 -35
right_child=3 2 40 7 8 12 10 11 -10 -11 17 30 13 21 15 22 -18 18 19 -21 43 -23 -24 -25 53 26 27 42 -30 -31 -32 -33 45 61 52 -37 -38 -39 -40 -41 -42 -43 -44 44 -46 46 -48 49 -50 50 -52 -53 -54 -55 -56 -57 57 59 -60 60 -62 -63
leaf_value=0.029404953920254308 0.04938036288878532 -0.050373917301723463 -0.0030254895640603875 0.0058939668938627482 -0.0074246096921596495 -0.030685691514754049 0.044281658948865786 0.030704994121231007 -0.00085788425199297017 0.00042077545693813758 0.033936333883499696 -0.10860023568360432 0.013361286182453403 -0.039362791778261158 0.038893963515512164 0.015040603415167173 0.020533620233876733 -0.10709824512359277 0.02465532347831342 -0.10337373394470983 0.024482455181146379 -0.060732812616769993 -0.022126722334672666 -0.10542565876833365 -0.0055322097443073525 0.031628728456798788 0.026595551385859097 0.037298205921890169 0.042714465596755936 -0.10312395692043419 0.028577741391253866 -0.073094626120325815 0.061609467076697136 0.0156454288866399 -0.10317095919719109 0.022661721071762966 -0.10590752551578814 0.038553839948871182 0.023886458892469715 -0.0010322943407771955 0.028963389332857466 -0.028442145300985114 -0.10435748037089779 0.03136909492348184 -0.013126482833074025 0.019216134081595209 0.039361160531026548 0.079484194278903395 -0.03153578660905923 -0.044064667428037316 0.05744504148978026 0.005198697444507786 0.0068786351279276625 0.086701993232754057 0.075756912128913806 -0.0995316998182737 -0.10613556172772405 0.012291852778079678 0.033676845885698574 0.018941367796986838 -0.023581389058710284 -0.058204661956286818
leaf_weight=95.453166284831241 756.50117809022777 401.59572106716223 204.6576135144569 210.17716328171082 119.30258388060611 89.623847803566605 549.08432419993915 8.4807959869503993 463.94270439562388 96.356409726664424 579.06048763310537 2.3290275572799137 8.081303261453284 201.97810154897161 30.89557406748645 58.006336277350783 236.96511557907797 2.3297312650829545 315.87856200919487 6.9823268912732592 60.636421944946051 540.47433569980785 272.36729870585259 3.2094966331496826 665.72376759268809 470.34999808203429 156.15754309645854 2.8558208756148806 209.43073466233909 6.0794770875945678 88.694801032077521 690.27507882169448 21.907585333567113 9.1299440730363113 3.5910421404987565 139.55242619453929 4.5337176094762972 239.91649190080352 329.67407547938637 309.812656941358 55.997914060717449 675.90088268183172 8.900767043232916 29.783999402541667 155.41588741750456 77.63933548820205 74.575292280875146 3.4729636781848958 165.91148483497091 42.289281540317461 4.8304063230752936 266.86758237611502 62.047065876657143 4.8552241614088407 7.7308623269200316 4.4953253692947355 7.5669601890258482 123.78362978273071 45.566771034151316 37.508560426766053 109.08033188222907 32.323842414654791
leaf_count=1404 2733 116631 18803 8593 10966 19995 2633 101 55526 17397 5939 144 577 64011 1207 5375 6690 41 3056 211 745 245685 34877 84 39604 5085 3396 46 2005 243 1124 286077 422 184 147 1185 255 2214 6503 9173 1696 130834 448 340 3650 2859 1386 32 43136 2733 103 5935 1300 30 32 266 558 8488 804 2540 24408 2210
internal_value=0.000406572 -0.0266859 -0.0481848 0.0242015 -0.00581647 -0.0543655 0.03544 0.0129548 -0.0162871 -0.0382933 0.0303744 0.0183766 -0.0613373 -0.0632439 1.76751e-05 -0.0109406 0.0045658 0.0256659 0.0197836 0.0130914 0.0145391 -0.0549193 -0.015601 0.0352888 0.000902502 0.0218637 0.019219 0.0134824 0.0369043 -0.00852289 0.00523252 -0.0720942 0.00832861 -0.00198616 0.0278605 0.0399004 -0.00103502 0.0371531 0.0147151 0.00822644 0.00384684 -0.0252889 -0.0699476 0.00154071 -0.00597067 0.0198789 0.0153711 0.00141925 -0.0448666 -0.0258918 -0.0336585 0.0115758 0.000857853 -0.0048644 0.0192516 -0.014413 0.000424191 -0.00411383 0.0267583 -0.00125853 -0.0127008 -0.0419396
internal_weight=10658.6 4983.96 2454.95 5674.64 2529.01 2194.3 2838.35 2836.28 1259.15 663.864 2081.85 1998.67 1530.43 1440.81 837.615 361.269 1269.86 1393.21 814.153 568.697 561.715 742.452 330.374 245.456 1032.9 1579.61 1343.39 807.401 236.217 26.7865 419.064 698.356 476.346 251.631 535.988 688.637 330.369 242.246 795.644 465.97 260.656 795.203 11.7566 245.836 185.2 224.715 202.807 128.232 567.507 50.5927 47.1197 362.321 65.6381 670.579 20.707 12.9761 325.835 277.939 47.8958 270.373 146.589 41.4538
internal_count=1214875 1064997 814008 149878 250989 793509 22831 127047 197326 177164 20098 67066 616345 596350 59981 41459 53663 16280 10341 8002 7791 309696 40252 2339 46973 28745 26098 19566 2647 642 38321 286654 18522 10987 6532 3818 37197 2255 19072 12569 20499 141800 494 4735 3990 7535 7113 5727 159767 2868 2836 7339 1447 39634 399 367 36942 35994 948 35436 26948 2394
is_linear=0
shrinkage=0.05


Tree=5
num_leaves=63
num_cat=0
split_feature=19 2 17 2 2 2 10 6 17 15 14 2 2 14 15 14 8 10 5 6 10 14 14 2 2 14 14 14 17 14 10 5 6 11 6 17 15 1 12 14 5 1 1 2 2 15 17 2 6 6 14 10 15 9 8 5 5 15 10 17 1 17
split_gain=2575.06 823.615 268.996 244.466 113.286 85.7115 84.9674 66.8212 60.0674 53.2204 52.336 40.652 38.8513 37.9886 37.909 35.7644 39.4852 33.6383 40.1364 30.8889 27.728 26.7881 26.6027 24.0208 23.5791 23.0685 22.9398 21.8367 21.0525 33.515 29.495 24.3521 20.4191 19.849 19.4655 18.8905 18.7799 19.0722 18.1912 28.5884 17.9244 18.9776 22.8586 20.2153 18.4282 17.1655 16.79 16.9106 16.6017 16.3836 16.3676 16.2327 16.206 16.1596 16.012 15.9206 32.5845 20.2489 20.0121 21.709 15.9084 15.7488
threshold=1.5000000000000002 61.500000000000007 4.9423518180847177 16.500000000000004 15.500000000000002 100.00000000000001 2.5000000000000004 14.500000000000002 5.5220944881439218 5.5000000000000009 37.500000000000007 1.5000000000000002 67.500000000000014 74.500000000000014 2.5000000000000004 73.500000000000014 7.5000000000000009 1.5000000000000002 1.0000000180025095e-35 17.500000000000004 10.500000000000002 72.500000000000014 83.500000000000014 58.500000000000007 96.500000000000014 71.500000000000014 78.500000000000014 43.500000000000007 4.7281646728515634 66.500000000000014 12.500000000000002 0.013606071937829258 16.500000000000004 1.0000000180025095e-35 4.5000000000000009 5.0298264026641855 1.5000000000000002 0.012121656909585001 3.5000000000000004 50.500000000000007 0.015749008394777778 0.010582306887954475 0.0094788861460983771 45.500000000000007 18.500000000000004 4.5000000000000009 33.980989456176765 4.5000000000000009 10.500000000000002 8.5000000000000018 40.500000000000007 16.500000000000004 1.5000000000000002 0.014599318150430919 12.500000000000002 0.012739370577037336 0.013793759513646366 7.5000000000000009 8.5000000000000018 27.019567489624027 0.015749008394777778 10.868571281433107
decision_type=2 2 2 2 2 2 2 2 2 2 2 2 2 2 2 2 2 2 2 2 2 2 2 2 2 2 2 2 2 2 2 2 2 2 2 2 2 2 2 2 2 2 2 2 2 2 2 2 2 2 2 2 2 2 2 2 2 2 2 2 2 2
left_child=1 4 5 6 9 13 11 24 12 25 52 -2 23 27 -13 16 -7 -14 19 -19 -21 -16 35 32 34 -1 -10 -3 29 30 -26 49 33 50 -5 -12 -17 -38 39 -4 41 42 43 44 -34 -27 47 55 60 53 -9 -43 -6 -32 -20 -8 57 58 59 -57 -36 -40
right_child=3 2 38 7 10 15 46 8 26 -11 22 14 17 -15 21 36 -18 18 54 20 -22 -23 -24 -25 28 45 -28 -29 -30 -31 31 -33 40 -35 48 -37 37 -39 61 -41 -42 51 -44 -45 -46 -47 -48 -49 -50 -51 -52 -53 -54 -55 -56 56 -58 -59 -60 -61 -62 -63
leaf_value=-0.0060768871809795851 0.054818332033864325 -0.047294438491137375 0.012622412143792661 0.03138761402205073 -0.005449765960208762 0.0011309245572265867 0.036882002007462389 -0.099767774687252481 0.012659085270384854 0.018270891008582646 -0.010390495559438738 0.052276981032002137 0.033162935515598124 0.023124116640083282 0.027970206237529983 -0.072125113531915711 -0.06493845695511942 0.049596819630038591 -0.030930982690559706 0.034881615116093584 -0.036117368295237061 -0.10605967149723383 0.064473903943965946 0.028142779065012131 0.015104227527091247 0.026510792049528595 0.045528320819630763 -0.028151530245797349 0.023640733381866032 -0.06933719557182029 0.027408434159948467 -0.095137255892987924 -0.04905883174690201 -0.10241766391738041 0.008556524478094775 0.037619879599876949 -0.050011595936744896 -0.024295450427377019 -0.00014135513795599886 -0.070927390696630371 0.04591897254030064 -0.098090290739522606 -0.096427008115863536 -0.040353878276445231 0.003576844869915924 -0.10608111596379538 0.052046157771551083 0.02177857611117778 0.027450486595777979 -0.055888192989533438 0.030605441751533066 0.02148069488229425 -0.031968942494372626 -0.10202912405094572 -0.070219694589910939 -0.10713258774914405 0.029758131871021914 0.042625662480790971 -0.004855630660978597 0.06267339645348434 -0.10629861678192434 0.030392012128311299
leaf_weight=682.14598529646173 484.76597423059866 378.93375832238235 21.15208292985335 441.09927329630591 66.131355283316225 23.089973674155772 518.40793821588159 3.3646083660423782 329.04993639164604 471.61123446398415 696.91238223598339 223.25459835678339 23.563271562568843 24.970151880756021 415.04817645531148 56.909066111780703 1096.65216649184 19.219132331665605 49.061704059829935 17.513546214438975 64.020080258720554 3.7618097299709907 12.542039266321806 73.028981034876779 162.56580046052113 77.337500077672303 63.292750255204737 245.48372039292008 150.2156483149156 16.396027833223343 22.260203609708697 10.884977936744688 18.237197340000421 9.9100627605803293 217.36799865216017 21.109235033392906 203.9107294913847 111.53557212883607 146.6476514042588 19.843869243049994 19.806553737726063 2.9396300688385955 7.408451455179601 38.898589470656589 188.5612535297405 2.5205181501805773 64.397766852285713 1074.2058592459653 179.34235842130147 12.968238413799556 8.4620658275671286 82.452973226783797 447.07335565984249 2.7042146788444361 55.009599744575098 10.387121497187762 397.25430047744885 16.007925942074507 42.781411158386618 2.2987985303625456 3.0572596671991041 59.312579833902419
leaf_count=31259 1262 113287 1247 5217 11953 3680 4227 278 11160 20782 97844 855 1090 3263 2570 18337 465280 1348 9297 863 10000 105 603 2914 14764 1268 1497 60939 4504 3575 1710 2353 912 580 5722 1420 96844 33415 13744 2097 305 196 816 3085 8531 178 334 16341 3942 3258 282 3038 85793 280 18186 252 2936 104 675 6 94 1661
internal_value=0.000681553 -0.0258644 -0.0468148 0.023975 -0.00566607 -0.052513 0.0327891 0.0114706 0.00237628 0.00506992 -0.0163144 0.0438887 -0.00659679 -0.0373502 0.0356367 -0.0591121 -0.0635761 -0.0234119 -0.0299204 -0.00742539 -0.0208667 0.0267663 -0.00771802 0.00187951 0.0194827 -0.00310028 0.0179616 -0.0397686 0.00911032 -0.000472182 0.00486936 -0.0292134 -0.00316726 -0.0502219 0.0241453 -0.00897903 -0.0456883 -0.0409189 0.00259729 -0.0278194 -0.000312668 -0.00301782 -0.00989439 -0.00728519 -0.001065 0.0223259 0.0269053 0.0261199 0.0161543 -0.0102962 -0.00648485 0.0173645 -0.0285517 0.0133874 -0.0516981 0.0308441 0.0241663 -0.00691299 -0.0212099 -0.0763623 0.0069635 0.00865167
internal_weight=10411.1 4865.82 2388.44 5545.23 2477.38 2141.49 3252.57 2292.66 1073.8 1233.62 1243.77 1126.83 681.458 649.388 642.065 1492.1 1119.74 228.387 204.824 100.753 81.5336 418.81 730.564 453.07 1218.86 762.004 392.343 624.417 377.995 227.779 211.383 48.8176 380.041 21.7367 840.867 718.022 372.355 315.446 246.956 40.996 358.305 338.498 253.105 245.697 206.798 79.858 2125.74 2061.34 399.768 37.9327 11.8267 85.3926 513.205 24.9644 104.071 987.137 468.73 71.4753 55.4673 12.6859 220.425 205.96
internal_count=1214358 1064894 813794 149464 251100 795045 29667 119797 74378 53487 197613 4792 61721 177489 3530 617556 468960 40784 39694 12211 10863 2675 99867 20937 45419 32705 12657 174226 30444 25940 22365 7601 18023 1140 14975 99264 148596 130259 18749 3344 16883 16578 13344 12528 9443 1446 24875 24541 9758 5248 560 3234 97746 1990 27483 8200 3973 1037 933 258 5816 15405
is_linear=0
shrinkage=0.05


Tree=6
num_leaves=63
num_cat=0
split_feature=19 2 17 2 2 19 2 4 10 14 2 14 2 14 8 15 14 15 14 2 15 4 14 15 4 17 10 2 10 17 14 0 17 14 17 17 0 12 12 6 0 2 14 0 15 12 8 4 1 12 15 0 14 14 12 14 14 2 14 0 17 6
split_gain=2381.35 736.45 275.132 214.838 105.286 91.7448 76.5221 75.7989 57.2116 47.9345 42.0876 35.5065 33.554 31.3074 34.5497 30.4971 37.3217 29.9062 32.5077 28.7182 26.6171 24.8834 25.0047 23.1185 22.7617 22.5186 21.5729 19.731 18.2031 18.0981 17.3121 49.2896 20.9086 19.9814 19.6588 27.027 20.3596 25.2143 19.2389 21.0869 18.5814 16.8708 16.4127 16.4108 15.8514 37.7158 30.5109 19.3175 15.395 15.0687 14.9135 16.5248 14.8893 14.8562 14.7497 14.6937 14.5847 14.7947 13.7466 13.7118 35.5998 21.102
threshold=1.5000000000000002 61.500000000000007 4.9423518180847177 7.5000000000000009 7.5000000000000009 3.5000000000000004 100.00000000000001 60.000000000000007 2.5000000000000004 65.500000000000014 31.500000000000004 61.500000000000007 36.500000000000007 73.500000000000014 7.5000000000000009 4.5000000000000009 50.500000000000007 1.5000000000000002 75.500000000000014 1.5000000000000002 5.5000000000000009 16.500000000000004 74.500000000000014 6.5000000000000009 1.5000000000000002 5.211916685104371 3.5000000000000004 2.5000000000000004 4.5000000000000009 32.302825927734382 75.500000000000014 100.00000000000001 10.984781265258791 88.500000000000014 5.5220944881439218 6.1219274997711191 73.500000000000014 1.5000000000000002 15.500000000000002 10.500000000000002 79.500000000000014 65.500000000000014 37.500000000000007 36.500000000000007 2.5000000000000004 2.5000000000000004 12.500000000000002 60.000000000000007 0.0071685509756207475 17.500000000000004 1.5000000000000002 21.500000000000004 48.500000000000007 80.500000000000014 13.500000000000002 83.500000000000014 50.500000000000007 27.500000000000004 80.500000000000014 25.500000000000004 9.8916802406311053 10.500000000000002
decision_type=2 2 2 2 2 2 2 2 2 2 2 2 2 2 2 2 2 2 2 2 2 2 2 2 2 2 2 2 2 2 2 2 2 2 2 2 2 2 2 2 2 2 2 2 2 2 2 2 2 2 2 2 2 2 2 2 2 2 2 2 2 2
left_child=1 4 6 8 15 7 11 20 19 12 21 -3 23 14 -8 16 52 18 24 43 25 22 29 -6 -12 26 -5 -17 -16 -7 31 34 38 59 40 -36 37 -37 39 -33 -9 -13 -14 -2 -21 -46 -47 -48 -38 54 -15 -52 -1 -23 -34 -11 57 -28 -43 -32 61 -61
right_child=3 2 -4 5 9 10 13 30 -10 55 17 41 42 50 28 27 -18 -19 -20 44 -22 53 -24 -25 -26 -27 56 -29 -30 -31 33 32 49 -35 35 36 48 -39 -40 -41 -42 58 -44 -45 45 46 47 -49 -50 -51 51 -53 -54 -55 -56 -57 -58 -59 -60 60 -62 -63
leaf_value=-0.01278095501099342 -0.1075214183087314 -0.041682367397135232 0.0062807404979057964 0.022153908925939641 -0.015280135857173308 0.020527739111334323 -0.0014642708864036442 -0.013710073475640339 0.028513908802856508 0.0039160506200294739 0.024600841731999865 -0.089158847838293726 -0.035663060407816 -0.069286246942441607 0.02390414388144968 0.028286079995150072 0.017591640545488632 0.01592664671561644 0.073705636309300188 0.048509220704928975 -0.052745002721232143 0.042437981110367055 0.061745633374843394 0.0031275226382524082 -0.05276395289859314 0.050645335408076121 0.0056361677403900003 0.0058591468568419819 -0.063681948266943358 0.056043076522607808 0.039551178491589102 -0.10485381784483278 0.026125875276312927 -0.1045267515425557 0.074930552241714174 -0.10751418360109964 -0.011050571820118871 -0.0050145474734918259 0.013916470302385259 -0.0053459453003209863 -0.066137576781059554 -0.011223012772382662 -0.017982934097284117 0.053699184868501941 -0.063752283031793533 0.035127605346044637 -0.10722150051717386 0.051994035335718163 0.073862114900864861 -0.097554079924631165 -0.025169433339829263 -0.049267269716747365 -0.1042720971760045 -0.10359006166845029 0.069828660594235578 0.045824213501052341 -0.064748495396289879 -0.036062763063212114 0.043885654598366929 -0.10455803533691232 -0.072156023781791132 0.03306047318229545
leaf_weight=207.28786806995049 1.5836736429482687 536.32271701074205 231.2006716420874 26.89869387098588 675.01760636153631 770.28947325772606 23.170546868350357 176.13140341313556 1343.3875489603961 205.3163215223467 12.392687923740594 6.0609204047359517 253.74928964814171 53.479284179862589 5.9659232755657277 232.48880458297208 154.19357805303298 637.7508106273599 7.939500529319047 149.38494050037116 54.52244933671318 270.81592961307615 42.012294153682888 228.24497160268947 40.83419419452548 13.116529277991502 36.31712740031071 169.62937963404693 1048.8732173899189 37.622866403777152 95.975296444026753 5.7269305149093261 141.70716844312847 2.9230847093276671 13.192289425525813 6.607377463951706 8.838233638089152 65.256881486624479 486.39799020730425 75.671994873555377 18.694355458021164 75.204606737475842 271.94132095063105 477.95795954437926 10.693746222183107 259.92445039749146 6.2392096575349569 2.7425350816920382 13.478382626548408 2.2727584210224441 110.39463146869093 200.07337256707251 4.5443733800202599 1.7529810015112151 22.351863583084196 23.288186271674931 21.492499383632094 51.344242215622216 13.320364168379454 2.9354463901836416 10.997529180720447 54.545930339489132
leaf_count=8263 22 159916 18749 2097 78871 9772 3680 13237 12890 15162 936 1874 55670 18337 702 4335 3454 22624 197 509 14497 2968 280 27560 9212 311 1027 8276 464578 150 1808 516 2611 315 183 257 436 2690 21660 3742 2447 14751 48417 1240 128 1262 127 23 115 176 33415 96844 373 93 259 719 5034 10554 948 415 539 2105
internal_value=0.000782667 -0.0252104 -0.0454542 0.0232142 -0.00598165 0.014947 -0.0512246 0.00535879 0.0350679 -0.0130729 0.0223557 -0.0367011 -0.0164738 -0.0575791 -0.0618599 0.0093204 -0.00112197 0.0127236 -0.0206734 0.0447589 -0.0228488 0.0283531 0.0241373 -0.0106287 -0.0347513 -0.0119216 -0.0179535 0.0188255 -0.0631866 0.0221816 0.0101321 0.00772228 0.0147184 0.0250527 -0.00927341 0.00790476 -0.00148381 -0.0144386 0.0101514 -0.012347 -0.0187407 -0.00845617 -0.0265171 0.0531668 0.0353601 0.0283347 0.0319968 -0.0586058 0.0402334 0.0303087 -0.0448994 -0.0406987 -0.0147437 0.0414988 0.0320801 0.00818528 -0.0278372 -0.0187874 -0.0029308 0.0273559 0.0102638 0.0260326
internal_weight=10210.5 4729.77 2304.07 5480.72 2425.7 3228.81 2072.87 1407.4 2251.91 1657.56 1821.41 630.909 1428.95 1441.96 1078.01 768.144 366.026 698.917 61.1664 908.527 203.692 1122.49 849.925 903.263 53.2269 149.169 136.053 402.118 1054.84 807.912 1203.7 1036.33 734.129 167.377 302.199 107.373 94.1809 71.8643 567.797 81.3989 194.826 94.5859 525.691 479.542 428.985 279.6 268.906 8.98174 22.3166 166.332 363.947 310.468 211.832 272.569 164.059 228.605 109.154 87.6614 88.525 164.454 68.4789 57.4814
internal_count=1214358 1064894 813794 149464 251100 133263 795045 87031 16201 226399 46232 177489 210518 617556 468960 24701 12090 32969 10345 3311 33520 13263 10202 106431 10148 19023 18712 12611 465280 9922 53511 48329 28964 5182 19365 3681 3498 2947 25918 4258 15684 17573 104087 1262 2049 1540 1412 150 551 3046 148596 130259 8636 3061 2870 15881 16615 11581 15699 4867 3059 2520
is_linear=0
shrinkage=0.05


Tree=7
num_leaves=63
num_cat=0
split_feature=19 2 17 2 2 6 2 17 8 14 2 2 2 14 14 14 15 6 2 14 14 6 6 8 15 1 14 8 14 15 14 15 14 19 8 3 1 2 14 14 14 8 14 14 4 17 14 14 17 3 13 15 3 8 4 8 14 3 2 14 4 15
split_gain=2159.44 682.134 252.601 184.579 112.783 73.0281 69.1487 50.7841 58.9817 46.0367 39.8482 36.8679 35.7357 32.9618 31.2713 26.9687 24.1895 23.3161 23.2188 23.0725 34.9737 23.1468 32.7985 22.207 21.8615 23.3343 20.2748 38.892 28.4393 19.7867 17.8981 18.0342 20.7113 17.7841 20.6851 21.6685 17.5814 17.251 17.0174 16.5893 16.3274 16.1782 15.7444 25.9814 15.4946 15.0942 15.9693 15.8626 15.0915 15.6931 15.0062 14.6738 14.6456 14.4939 20.675 22.2283 21.0766 14.4601 14.2527 14.2509 13.5442 13.3415
threshold=1.5000000000000002 61.500000000000007 4.9423518180847177 17.500000000000004 19.500000000000004 2.5000000000000004 100.00000000000001 4.7281646728515634 14.500000000000002 48.500000000000007 1.5000000000000002 98.500000000000014 62.500000000000007 61.500000000000007 46.500000000000007 62.500000000000007 2.5000000000000004 17.500000000000004 3.5000000000000004 74.500000000000014 63.500000000000007 2.5000000000000004 7.5000000000000009 7.5000000000000009 7.5000000000000009 0.015749008394777778 59.500000000000007 1.0000000180025095e-35 58.500000000000007 4.5000000000000009 66.500000000000014 6.5000000000000009 62.500000000000007 5.5000000000000009 5.5000000000000009 0.012422839645296337 0.014185110572725536 18.500000000000004 65.500000000000014 47.500000000000007 50.500000000000007 17.500000000000004 76.500000000000014 73.500000000000014 1.0000000180025095e-35 14.717234611511232 67.500000000000014 52.500000000000007 26.138244628906254 0.010152545757591726 0.015504807699471714 1.5000000000000002 0.0088107436895370501 4.5000000000000009 5.5000000000000009 6.5000000000000009 40.500000000000007 0.011299795936793091 95.500000000000014 15.500000000000002 1.5000000000000002 3.5000000000000004
decision_type=2 2 2 2 2 2 2 2 2 2 2 2 2 2 2 2 2 2 2 2 2 2 2 2 2 2 2 2 2 2 2 2 2 2 2 2 2 2 2 2 2 2 2 2 2 2 2 2 2 2 2 2 2 2 2 2 2 2 2 2 2 2
left_child=1 4 6 5 18 16 13 8 12 -6 14 19 53 -3 60 23 44 -13 29 20 21 -10 59 -8 50 -26 27 -9 33 40 31 -20 -33 34 35 -29 41 -35 -12 -31 -1 -17 43 -11 -2 46 47 -4 -36 -50 -16 -14 -22 -5 55 56 57 -55 -24 -23 -7 -21
right_child=3 2 45 7 9 10 15 26 11 42 38 17 51 -15 24 36 -18 -19 30 61 52 22 58 -25 25 -27 -28 28 -30 39 -32 32 -34 37 48 -37 -38 -39 -40 -41 -42 -43 -44 -45 -46 -47 -48 -49 49 -51 -52 -53 -54 54 -56 -57 -58 -59 -60 -61 -62 -63
leaf_value=-0.01256902636837829 0.063291065531649968 -0.040845073614214293 0.0036097562964752237 0.031271236338121094 -0.026375122838540394 0.058275105372348514 -0.010804523911784073 -0.10546849423201299 0.041217699394409751 -0.0061462521926601626 0.018958578891097255 -0.013324819794557519 -0.032364945935551052 -0.0091883309000850549 0.01174832438345965 0.007900180595046602 0.035766146558656446 -0.059075391642872135 -0.0087849719927275624 0.040046362990726295 -0.025195104092385307 0.0069669972847419964 -0.0029032212167854634 -0.06333500171982738 -0.10966658132608756 0.0876225187554871 0.027816812716498288 -0.10514668949893156 -0.10394155979381184 0.027706670985788606 0.016010148366766241 0.011213329444787718 -0.10257443521168366 -0.10849869805093706 0.014760716380001161 0.065787883496128449 -0.026945939180382319 0.035577193863450034 0.034665974346700011 -0.0030195460250778869 0.016611295219461815 -0.052742609040889676 0.022206154528702608 -0.095523019534518472 0.041063961357276454 0.033194476356291795 0.014786004488656263 -0.037701476273773266 -0.10521624002393859 0.0020845401955035176 0.054507033868021887 0.0046889681808761179 -0.098469739979452534 0.055378855346224366 0.018661384284019051 -0.10677088788639605 -0.10613057723709809 -0.10820406745851117 0.057575859577435939 -0.089110771470537975 0.037241943408709684 -0.015414604416085284
leaf_weight=105.32716315984726 166.1198080163449 519.70947112888098 52.720691086258739 242.18855084246024 634.24329579155892 93.224734034389257 20.655410659033805 6.927679613698273 29.472691461909562 334.17147388495505 1464.9765835698927 65.887119227554649 29.20125803980045 97.682969188317657 112.03455477207899 11.24291205476038 617.46072773588821 48.236946173943579 527.66256050800439 47.896152239758521 14.405590623850005 5.1070887017995146 306.00848882365972 774.81771441944875 6.4219679525122029 1.9550006389617918 456.0411821664311 7.4400133672170323 5.0204124990850678 220.41059019649401 132.8774162044283 194.91432131791953 4.0828066486865273 2.1194183959159991 206.51924163871445 2.4693389153108001 85.535400873282924 105.41568437684327 195.43834226299077 54.863564536441118 87.980198997305706 504.7686901143752 48.178154844790697 8.3339673371519876 148.49616479733959 41.453318605897948 90.74453836819157 41.550613845000044 5.4294998170807949 9.1503359423950297 25.120067859999835 314.26968713907991 12.949075832031665 10.158216364216061 199.37832785828505 6.8949309871532014 3.5047974856570354 1.5581541191786517 10.061832742765544 15.800027656834571 427.63014954980463 14.016829115571452
leaf_count=4001 281 159916 4860 3194 130845 191 3395 231 402 46987 20496 11862 7053 17573 1057 1883 3487 15948 39327 773 1595 141 20588 349454 141 1 10696 541 340 4157 4005 13576 453 46 7526 10 27515 1150 2390 1796 1647 235309 2691 1615 744 1138 7335 5416 150 156 119 26054 1360 97 5528 388 172 69 514 1018 2122 833
internal_value=0.000844378 -0.0243995 -0.0441427 0.0221527 -0.00559737 0.0296899 -0.0497714 0.0109035 0.00506775 -0.0180582 0.0249526 -0.00724808 0.0137626 -0.0358364 0.0352812 -0.0559298 0.0415158 -0.0326623 0.00401886 -0.000883675 -0.00534455 -0.00127348 -0.00498984 -0.061971 0.0147904 -0.0636236 0.020867 0.0118242 0.0141893 0.0129727 -0.000862402 -0.00394773 0.00887876 0.0159412 0.00812236 -0.062551 -0.0479411 0.0327376 0.0208074 0.0215828 0.000711846 -0.0514213 -0.00455647 -0.008321 0.0528001 0.00592381 -0.000186262 -0.0145984 0.0112898 -0.037874 0.0195796 0.00153871 -0.0598816 0.0228174 0.0135736 -0.0322929 0.00144441 0.033624 -0.000977921 -0.0656414 0.0410065 0.0274902
internal_weight=10036.3 4593.93 2240.88 5442.41 2353.05 3258.88 2014.41 2183.53 1377 1024.93 2326.8 569.842 807.154 617.392 666.386 1397.02 932.077 114.124 1328.12 455.718 393.805 366.45 336.977 795.473 145.532 8.37697 806.533 350.492 343.564 468.582 859.537 726.66 198.997 338.544 231.008 9.90935 601.547 107.535 1660.41 275.274 193.307 516.012 390.684 342.505 314.616 226.469 185.016 94.2713 221.099 14.5798 137.155 343.471 27.3547 463.683 221.494 22.1161 15.2212 11.7164 316.07 20.9071 520.855 61.913
internal_count=1214358 1064894 813794 149464 251100 31029 795045 118435 97589 182138 26517 55034 42555 177489 3631 617556 4512 27810 68962 27224 25618 22663 22261 352849 1318 142 20846 10150 9919 11601 57361 53356 14029 9579 8383 551 264707 1196 22886 5953 5648 237192 51293 48602 1025 18749 17611 10276 7832 306 1176 33107 2955 9448 6254 726 338 166 21102 1159 2313 1606
is_linear=0
shrinkage=0.05


end of trees

feature_importances:
popularity=101
rank_biencoder_large_top100=87
pmi_sum=61
turn_number=34
rank_cf_bpr=32
rank_metadata_qwen3=32
rank_decay_descending=25
rank_biencoder_hardneg_top100=23
rank_bm25_norepeat=23
n_legs_containing=18
rank_pmi_leg=17
score_biencoder_hardneg_top100=10
score_decay_descending=10
score_biencoder_large_top100=7
score_bm25_norepeat=7
score_pmi_leg=4
score_cf_bpr=3
score_metadata_qwen3=2

parameters:
[boosting: gbdt]
[objective: lambdarank]
[metric: ndcg]
[tree_learner: serial]
[device_type: cpu]
[data_sample_strategy: bagging]
[data: ]
[valid: ]
[num_iterations: 300]
[learning_rate: 0.05]
[num_leaves: 63]
[num_threads: -1]
[seed: 0]
[deterministic: 0]
[force_col_wise: 0]
[force_row_wise: 0]
[histogram_pool_size: -1]
[max_depth: -1]
[min_data_in_leaf: 10]
[min_sum_hessian_in_leaf: 0.001]
[bagging_fraction: 0.8]
[pos_bagging_fraction: 1]
[neg_bagging_fraction: 1]
[bagging_freq: 5]
[bagging_seed: 3]
[bagging_by_query: 0]
[feature_fraction: 0.8]
[feature_fraction_bynode: 1]
[feature_fraction_seed: 2]
[extra_trees: 0]
[extra_seed: 6]
[early_stopping_round: 0]
[early_stopping_min_delta: 0]
[first_metric_only: 0]
[max_delta_step: 0]
[lambda_l1: 0]
[lambda_l2: 0]
[linear_lambda: 0]
[min_gain_to_split: 0]
[drop_rate: 0.1]
[max_drop: 50]
[skip_drop: 0.5]
[xgboost_dart_mode: 0]
[uniform_drop: 0]
[drop_seed: 4]
[top_rate: 0.2]
[other_rate: 0.1]
[min_data_per_group: 100]
[max_cat_threshold: 32]
[cat_l2: 10]
[cat_smooth: 10]
[max_cat_to_onehot: 4]
[top_k: 20]
[monotone_constraints: ]
[monotone_constraints_method: basic]
[monotone_penalty: 0]
[feature_contri: ]
[forcedsplits_filename: ]
[refit_decay_rate: 0.9]
[cegb_tradeoff: 1]
[cegb_penalty_split: 0]
[cegb_penalty_feature_lazy: ]
[cegb_penalty_feature_coupled: ]
[path_smooth: 0]
[interaction_constraints: ]
[verbosity: -1]
[saved_feature_importance_type: 0]
[use_quantized_grad: 0]
[num_grad_quant_bins: 4]
[quant_train_renew_leaf: 0]
[stochastic_rounding: 1]
[linear_tree: 0]
[max_bin: 255]
[max_bin_by_feature: ]
[min_data_in_bin: 3]
[bin_construct_sample_cnt: 200000]
[data_random_seed: 1]
[is_enable_sparse: 1]
[enable_bundle: 1]
[use_missing: 1]
[zero_as_missing: 0]
[feature_pre_filter: 1]
[pre_partition: 0]
[two_round: 0]
[header: 0]
[label_column: ]
[weight_column: ]
[group_column: ]
[ignore_column: ]
[categorical_feature: ]
[forcedbins_filename: ]
[precise_float_parser: 0]
[parser_config_file: ]
[objective_seed: 5]
[num_class: 1]
[is_unbalance: 0]
[scale_pos_weight: 1]
[sigmoid: 1]
[boost_from_average: 1]
[reg_sqrt: 0]
[alpha: 0.9]
[fair_c: 1]
[poisson_max_delta_step: 0.7]
[tweedie_variance_power: 1.5]
[lambdarank_truncation_level: 20]
[lambdarank_norm: 1]
[label_gain: ]
[lambdarank_position_bias_regularization: 0]
[eval_at: ]
[multi_error_top_k: 1]
[auc_mu_weights: ]
[num_machines: 1]
[local_listen_port: 12400]
[time_out: 120]
[machine_list_filename: ]
[machines: ]
[gpu_platform_id: -1]
[gpu_device_id: -1]
[gpu_use_dp: 0]
[num_gpu: 1]

end of parameters

pandas_categorical:null
