tree
version=v4
num_class=1
num_tree_per_iteration=1
label_index=0
max_feature_idx=20
objective=lambdarank
feature_names=rank_biencoder_large_top100 score_biencoder_large_top100 rank_biencoder_top100 score_biencoder_top100 rank_bm25_norepeat score_bm25_norepeat rank_cf_bpr score_cf_bpr rank_decay_descending score_decay_descending rank_metadata_qwen3 score_metadata_qwen3 rank_pmi_leg score_pmi_leg popularity turn_number n_prior_accepts pmi_sum is_in_all_legs n_legs_containing biencoder_cosine
feature_infos=[0:101] [0:0.016393441706895828] [0:101] [0:0.016393441706895828] [0:101] [0:0.016393441706895828] [0:101] [0:0.016393441706895828] [0:101] [0:0.016393441706895828] [0:101] [0:0.016393441706895828] [0:101] [0:0.016393441706895828] [0:93] [1:8] [0:7] [0:70.463592529296875] [0:1] [1:7] [-0.32900631427764893:0.94890081882476807]
tree_sizes=7006 6954 6988 6938 6989 6933 6935 6971 6965 6999 6993

Tree=0
num_leaves=63
num_cat=0
split_feature=1 19 20 19 14 17 1 20 12 2 14 20 17 19 2 1 6 17 10 17 20 2 14 17 2 8 16 20 14 6 8 16 20 14 10 10 1 16 8 6 14 14 19 8 20 2 16 2 14 14 20 16 2 14 12 20 16 20 20 17 14 14
split_gain=3277.91 805.14 355.806 325.628 189.266 152.606 118.697 85.5372 82.8647 71.0738 69.0546 63.487 60.3543 42.8417 41.2501 38.9464 32.5367 32.1912 29.3164 28.555 27.99 22.1789 23.9171 21.7158 19.0146 18.5787 23.0231 21.5751 18.2055 17.7816 18.613 17.6916 17.5666 16.8241 15.247 14.4023 14.6171 14.1316 14.0499 13.2798 15.7619 13.1881 12.5917 12.2255 11.2899 18.9817 10.7517 10.4581 10.3293 10.1889 9.98057 10.6181 11.7446 10.7423 9.97217 9.69868 9.55084 9.2862 9.35383 10.9983 8.98103 8.72477
threshold=0.010929288342595102 2.5000000000000004 0.43359230458736425 2.5000000000000004 62.500000000000007 5.1834793090820321 0.014599318150430919 0.32513298094272619 13.500000000000002 28.500000000000004 59.500000000000007 0.52511614561080944 7.3838932514190683 1.5000000000000002 7.5000000000000009 0.0077822189778089532 4.5000000000000009 4.8012900352478036 4.5000000000000009 7.3744835853576669 0.22614119946956637 9.5000000000000018 40.500000000000007 10.499359607696535 5.5000000000000009 15.500000000000002 1.0000000180025095e-35 0.54281508922576915 73.500000000000014 11.500000000000002 6.5000000000000009 1.0000000180025095e-35 0.40833485126495367 32.500000000000007 8.5000000000000018 11.500000000000002 0.011050061322748663 1.5000000000000002 18.500000000000004 60.000000000000007 51.500000000000007 70.500000000000014 4.5000000000000009 18.500000000000004 0.62083175778388988 3.5000000000000004 2.5000000000000004 70.500000000000014 44.500000000000007 52.500000000000007 0.75186368823051464 1.0000000180025095e-35 75.500000000000014 1.5000000000000002 14.500000000000002 0.47815884649753576 4.5000000000000009 0.23278886079788211 0.34228539466857916 7.7217619419097909 30.500000000000004 66.500000000000014
decision_type=2 2 2 2 2 2 2 2 2 2 2 2 2 2 2 2 2 2 2 2 2 2 2 2 2 2 2 2 2 2 2 2 2 2 2 2 2 2 2 2 2 2 2 2 2 2 2 2 2 2 2 2 2 2 2 2 2 2 2 2 2 2
left_child=1 2 5 6 8 18 10 12 46 24 13 38 42 48 -5 43 -9 25 37 32 -20 -8 -23 57 49 -6 -27 -28 29 60 33 -30 -18 -31 -34 -16 -37 -1 -11 40 -40 -29 -3 -13 45 -15 -4 61 -2 56 51 52 -45 -53 -38 -12 -10 -7 59 -59 -22 -32
right_child=3 7 4 14 17 23 21 16 9 11 55 15 -14 44 35 -17 19 -19 20 -21 28 22 -24 -25 -26 26 27 41 31 30 47 -33 34 -35 -36 36 54 -39 39 -41 -42 -43 -44 50 -46 -47 -48 -49 -50 -51 -52 53 -54 -55 -56 -57 -58 58 -60 -61 -62 -63
leaf_value=0.066108053942858097 -0.043109508671706528 -0.08368333800643396 -0.0999999999999997 0.085334294816627604 0.075940686820307329 -0.099999999999999881 0.07537888006155459 0.063917773322530111 -0.035249237341633682 -0.012787047041280794 -0.10000000000000001 0.0051152153822278494 0.075575074322689562 0.065194943727122409 0.072546518535128057 -0.025044994925922517 -0.041217226379205246 0.051724612811542475 -0.09802765631108494 0.054322832805958177 0.03549277809338016 0.0066121838335207826 0.060042840446737189 0.059613598610331955 -0.019128049643163839 0.033733442429743854 -0.042949377731746591 -0.0161528674686966 0.047684222234536194 0.058804672215509071 -0.073577674284698372 -0.069045878573603267 0.04506575719162239 -0.099999999999999978 0.010835858368177154 -0.10000000000000001 0.071569174719411016 -0.09999999999999995 -0.076804633911894807 -0.067283586187187494 0.044123763751528808 0.028276667084690017 0.069077516063462366 0.012390241366779423 0.02005443965749408 -0.010750157049980825 0.05825319235473813 -0.087836968870336887 -0.0023620925338600999 0.076937698432143167 0.024321132160378799 -0.029643899554327294 -0.058425982293639878 -0.060537944919159904 0.046851902911124593 0.055133554267387475 0.039754919362199159 0.056603612977776274 -0.04456273039100269 -0.062228431011684793 -0.050538536402412675 -0.0098569235501908929
leaf_weight=4.8303314580116412 52.434410079978989 27.009945666912248 1.1265776866348485 501.32123632203729 7.9531209815759203 2.8126763876352951 106.81413746339967 94.656841238756897 7.4288739619078177 12.987507951562291 1.0199529957026232 9.4713668090407719 8.5323020740179327 9.2316011966904608 221.42923041438917 293.33889355453721 11.89693032071227 40.769482050323859 233.49266772367992 76.769170427141944 4.4857488386624018 31.570951976784272 62.224772890433087 17.757441202877089 120.96801045168831 33.30498583507142 40.003127711359411 38.049431014514994 5.692393381148575 4.485259133798535 144.62619935600378 7.5526660457253456 48.123784415918635 2.6550740624079481 100.41041980535374 1.5343427950283501 60.743162084196229 1.7422411742736583 4.965152749558909 368.02244074444752 5.8923525335267186 29.770698187785456 1.4198780212609552 12.214383340702627 160.54563115397468 75.656121079926379 22.687100989569444 255.41169821175572 22.111642189178383 7.6322203485178752 4.1529433247633269 32.141799980265205 11.244973601424133 225.85878067687736 124.32871444366174 82.458039347053273 9.9012233790126611 8.0677741203253408 7.6537291217246084 2.5665823782619546 9.370578893038326 5.5791857413714743
leaf_count=563 25734 16941 564 13856 694 2853 7181 8433 2614 3949 1567 2244 726 1125 10677 76873 4413 5390 115879 6529 1064 9494 8791 2689 36253 5542 18433 12412 1639 681 74793 4661 6659 1351 17138 414 3670 1456 2189 158717 618 7385 168 2319 23569 20989 2827 121661 9089 813 298 10150 3835 80208 11386 11169 1790 1655 3937 1908 3313 2599
internal_value=-0.000928095 -0.0369339 -0.0491221 0.0568241 -0.0338974 -0.0775025 0.028368 0.0310982 -0.0415327 -0.0434843 0.0127393 -0.0483306 -0.0410521 0.0021737 0.0757269 -0.0379467 0.0391343 0.0123536 -0.0830102 0.0292442 -0.084036 0.0597998 0.0420585 0.0188685 -0.0109293 0.00158676 -0.00260337 -0.0138273 -0.0766087 -0.078401 -0.0802714 -0.0188782 0.0172436 -0.000245537 0.021926 0.063923 0.0536903 0.0220765 -0.0639229 -0.0656757 -0.011177 0.00335017 -0.076054 -0.0507721 0.0122567 -0.00249107 0.0507665 -0.0816801 -0.0310231 0.028802 -0.0526254 -0.0537607 -0.0215547 -0.0566892 0.0549645 0.0532381 0.00760297 -0.0154207 -0.00241252 0.0279237 -0.0226874 -0.0712108
internal_weight=3940.91 2427.49 2058.67 1513.42 1339.89 718.782 604.067 368.819 1150.03 1126.22 403.457 980.291 36.9621 319.979 909.357 588.423 331.857 189.851 679.924 237.2 673.351 200.61 93.7957 38.8582 145.93 149.081 141.128 107.823 439.859 426.614 412.757 13.2451 160.431 7.14033 148.534 408.035 186.606 6.57257 391.867 378.88 10.8575 67.8201 28.4298 295.084 245.433 84.8877 23.8137 405.617 74.5461 24.9623 285.613 281.46 23.4594 258.001 185.072 83.478 17.3301 21.1008 18.2881 10.6344 13.8563 150.205
internal_count=998537 839826 778819 158711 436117 342702 118708 61007 386261 382870 93242 341400 17835 80506 40003 175927 43172 49856 329660 34739 327641 25466 18285 13042 41470 44466 43772 38230 211762 205462 201085 6300 28210 2032 23797 26147 15470 2019 165473 161524 2807 19797 17109 99054 45683 22114 3391 199053 34823 5217 96810 96512 6154 90358 15056 12736 4404 10353 7500 3563 4377 77392
is_linear=0
shrinkage=0.05


Tree=1
num_leaves=63
num_cat=0
split_feature=20 10 17 6 20 20 2 0 20 0 17 8 6 20 14 6 2 14 10 14 2 20 20 14 2 6 17 14 14 10 8 15 0 20 14 0 17 8 8 14 17 10 2 20 0 6 0 10 20 2 17 10 20 8 0 2 15 14 0 15 0 2
split_gain=2566.66 801.555 553.801 305.393 198.101 184.038 133.138 206.304 135.215 123.004 120.966 125.399 92.8211 89.7028 84.9976 84.2033 77.7849 77.4088 77.284 71.624 67.7038 64.6758 64.4658 61.4613 62.7664 55.6585 51.794 48.1888 48.1458 47.635 46.4992 45.9434 45.5777 45.6462 41.1409 40.4936 40.4049 38.9597 38.199 37.1472 37.0579 35.6481 33.8509 33.6959 32.2351 32.165 32.1301 34.129 47.8023 32.076 31.4506 30.9205 30.6439 30.6239 49.0334 30.5985 30.4554 39.8583 29.7374 28.3855 27.7455 30.6165
threshold=0.49110923707485205 3.5000000000000004 4.5574157238006601 8.5000000000000018 0.34558799862861639 0.55047374963760387 7.5000000000000009 1.0000000180025095e-35 0.63661068677902233 3.5000000000000004 7.5253648757934579 60.000000000000007 8.5000000000000018 0.2458775341510773 80.500000000000014 18.500000000000004 32.500000000000007 47.500000000000007 13.500000000000002 51.500000000000007 46.500000000000007 0.67223840951919567 0.80957126617431652 48.500000000000007 25.500000000000004 60.000000000000007 14.080245494842531 43.500000000000007 58.500000000000007 6.5000000000000009 3.5000000000000004 4.5000000000000009 98.500000000000014 0.50801673531532299 44.500000000000007 10.500000000000002 5.5586791038513192 1.5000000000000002 5.5000000000000009 73.500000000000014 17.858982086181644 60.000000000000007 1.5000000000000002 0.4391924142837525 11.500000000000002 17.500000000000004 4.5000000000000009 60.000000000000007 0.71806034445762645 3.5000000000000004 31.187345504760746 3.5000000000000004 0.59547218680381786 18.500000000000004 5.5000000000000009 48.500000000000007 2.5000000000000004 67.500000000000014 14.500000000000002 4.5000000000000009 8.5000000000000018 24.500000000000004
decision_type=2 2 2 2 2 2 2 2 2 2 2 2 2 2 2 2 2 2 2 2 2 2 2 2 2 2 2 2 2 2 2 2 2 2 2 2 2 2 2 2 2 2 2 2 2 2 2 2 2 2 2 2 2 2 2 2 2 2 2 2 2 2
left_child=2 9 3 13 -5 10 7 17 15 49 11 -3 40 -1 16 -8 38 -7 51 53 41 50 27 24 -10 43 30 -23 -22 -26 -4 55 37 -34 -12 46 -21 56 -6 -32 42 -13 44 -20 -9 -39 47 -29 -49 -2 -14 -18 -19 -17 -55 -31 -11 -58 -38 -24 61 -25
right_child=1 5 26 4 14 6 8 12 23 32 34 20 21 -15 -16 19 18 52 25 36 28 22 59 60 29 -27 -28 35 -30 31 39 -33 33 -35 -36 -37 58 45 -40 -41 -42 -43 -44 -45 -46 -47 -48 48 -50 -51 -52 -53 -54 54 -56 -57 57 -59 -60 -61 -62 -63
leaf_value=-0.093073162988635494 0.061534838654189961 0.017816918316886286 -0.10274039845140377 -0.083228712802590463 0.071911109546976784 0.04202011311715078 0.026705547633999228 0.035419435874208781 0.02505068864556554 0.064136691294093065 -0.045871334507635808 0.045571412313522151 -0.0027288383759653573 0.0080289087094174653 0.034328394758267558 0.019220795718206667 -0.10092580173761559 0.075092172137317212 -0.062634900676972347 0.0045642086132981555 -0.045426153089184004 -0.019655873480079251 0.015763158271252433 0.031202135078256584 -0.069382264801793839 -0.063578415673206767 0.039061637867383404 -0.10222054975582387 -0.010265503443814394 0.005961652183627715 -0.0096433687932312752 0.019434669809798508 0.05200429193022698 -0.041478263700861745 0.040976467528076814 -0.0817367944776346 -0.10093451337540259 0.027634703686179159 -0.028899300085250532 0.034636143940085178 0.040797649843507429 -0.013681413340190744 -0.0046098317836173117 0.03344801146395554 -0.042457501249229326 -0.01529459899503624 -0.015035799420882163 -0.10280373574600257 -0.01204461427032937 0.037066311611205424 0.085520880616715367 0.015438425325128499 -0.02364444930552909 -0.065301046907430646 -0.012170195205301616 -0.028740574869897253 0.038583380401952999 -0.062510916306024511 0.044756642315787604 -0.023414258898921941 0.036293182036589038 -0.0042966717368175316
leaf_weight=24.386726275319234 645.43328600423411 189.91644432547037 10.764499589800833 681.52631258603651 9.853930654935537 328.11254053376615 298.1158167332178 111.95341259706765 644.43153153290041 131.49806371401064 15.377864338690413 27.874362111091614 561.61003994650673 218.6232955425512 29.468850402161479 68.772888838546351 6.5091799919027826 8.830412970390169 14.582661148859186 401.41002807568293 430.96446520095924 420.81371987215243 131.67684411781374 152.90725723467767 22.393772203009576 881.82030374096939 120.50759847741574 28.179247262887657 125.77543913561385 136.97762374172453 158.02755792718381 270.5871672508074 19.069851670181379 41.42259520990774 120.40531190484762 63.546658851206303 3.6301100435666731 443.07528383121826 202.56998702313285 67.638365635182709 84.362340407446027 284.11119130824227 300.53810108546168 24.38050663494505 15.07726238016039 48.399338179267943 95.464094255119562 20.11271311622113 52.062653827946633 169.01092320727184 10.280656438320873 46.429557883995585 71.380773971788585 46.586091303033754 639.94478556420654 118.45450282399543 258.80281530320644 10.131729827262459 99.624209489906207 71.25274692219682 730.89864284615032 100.76602424914017
leaf_count=9588 1611 7402 545 208162 162 1410 9121 465 19446 514 911 570 10234 10083 2500 3782 916 28 4080 42098 100828 4863 799 2258 701 225417 2308 288 16440 7303 13588 23985 317 1591 3150 1301 249 3759 34286 4369 298 31443 2008 2091 154 878 931 335 484 987 23 5100 615 3069 112030 15453 1964 231 3235 561 32638 2581
internal_value=-0.000385239 0.0119705 -0.0452742 -0.0548904 -0.0616503 0.00466134 0.00816999 -0.00108535 0.0140551 0.0421909 -0.0132891 -0.0189878 -0.00779929 -0.00211696 -0.0495524 0.00280948 -0.0516364 0.0312562 -0.0576168 -0.00284447 -0.0270338 -0.0142421 -0.0227252 0.0221021 0.0144702 -0.0609944 0.0123834 -0.0301041 -0.0374829 0.00203716 -0.00121446 0.00507764 0.0299912 -0.0120085 0.0311407 -0.0470561 0.0117396 0.0328397 -0.0242229 0.00362844 0.0105122 -0.00838747 0.00453671 -0.00251273 0.0261762 0.0234071 -0.0358016 -0.0555553 -0.037336 0.0564572 -0.00114241 0.00113065 -0.0127746 -0.012589 -0.0157755 -0.0101312 0.0444169 0.0347748 0.0396346 0.00200716 0.0313484 0.017101
internal_weight=11569.1 9072.02 2497.09 2140.15 1897.14 7305.18 6110.75 2375.25 3735.5 1766.84 1194.43 1058.64 1966.93 243.01 1215.61 1558.08 1186.15 408.324 973.722 1259.97 868.725 1455 883.109 2177.42 1192.84 920.783 356.938 680.179 556.74 548.413 236.43 526.019 952.4 60.4924 135.783 259.365 504.664 891.907 212.424 225.666 511.931 311.986 427.569 38.9632 127.031 491.475 195.819 100.355 72.1754 814.444 571.891 52.9387 80.2112 755.304 686.531 255.432 400.433 268.935 103.254 202.93 984.572 253.673
internal_count=998537 475342 523195 502385 482714 463490 302746 24797 277949 11852 160744 156683 22744 19671 274552 173584 272052 2053 237604 164463 149281 19819 9562 104365 66888 231588 20810 8202 117268 47442 18502 46741 9254 1908 4061 3339 45582 7346 34448 17957 2925 32013 2627 6171 619 4637 2038 1107 819 2598 10257 6016 643 118881 115099 22756 2709 2195 3484 1360 37477 4839
is_linear=0
shrinkage=0.05


Tree=2
num_leaves=63
num_cat=0
split_feature=19 2 20 17 14 0 20 14 17 19 15 20 12 8 17 17 20 0 2 20 6 2 20 6 20 2 2 20 14 14 11 4 11 20 8 0 20 20 20 20 8 20 12 11 2 0 6 14 14 15 20 14 14 19 2 14 6 14 20 0 0 19
split_gain=2907.54 966.96 501.839 187.089 146.684 175.555 143.684 107.094 90.3524 83.7757 67.8299 66.4173 70.9213 40.1759 38.897 38.7527 43.3441 44.5237 38.4828 37.6225 36.6101 34.5218 33.9464 47.4348 33.4208 33.2725 34.6282 32.5422 32.1131 37.047 30.3378 30.2145 30.1934 33.9731 29.4751 29.3421 29.1079 27.8028 26.9628 25.6794 25.6363 25.2767 32.9758 25.1345 26.9937 36.9974 61.2599 24.9999 24.7401 31.5191 24.6184 24.4932 24.4566 24.3706 42.0166 32.8512 24.1025 23.9805 23.7977 23.7184 39.874 23.7924
threshold=1.5000000000000002 7.5000000000000009 0.43359230458736425 7.2769775390625009 74.500000000000014 17.500000000000004 0.59184163808822643 66.500000000000014 16.281428337097172 2.5000000000000004 4.5000000000000009 0.39497712254524237 13.500000000000002 6.5000000000000009 9.3577413558959979 8.5692367553710955 0.52511614561080944 100.00000000000001 2.5000000000000004 0.32846102118492132 18.500000000000004 12.500000000000002 0.53239092230796825 11.500000000000002 0.68297493457794201 1.5000000000000002 94.500000000000014 0.1974853798747063 57.500000000000007 28.500000000000004 0.015268065501004459 11.500000000000002 0.015268065501004459 0.63901990652084362 16.500000000000004 23.500000000000004 0.48103095591068273 0.6273905634880067 0.66580647230148327 0.27575519680976873 2.5000000000000004 0.5760207772254945 9.5000000000000018 0.015268065501004459 67.500000000000014 41.500000000000007 4.5000000000000009 26.500000000000004 47.500000000000007 4.5000000000000009 0.49956394731998449 60.500000000000007 82.500000000000014 2.5000000000000004 55.500000000000007 56.500000000000007 1.5000000000000002 52.500000000000007 0.43733969330787664 18.500000000000004 20.500000000000004 3.5000000000000004
decision_type=2 2 2 2 2 2 2 2 2 2 2 2 2 2 2 2 2 2 2 2 2 2 2 2 2 2 2 2 2 2 2 2 2 2 2 2 2 2 2 2 2 2 2 2 2 2 2 2 2 2 2 2 2 2 2 2 2 2 2 2 2 2
left_child=2 9 3 21 5 14 7 15 11 37 -6 12 -7 43 53 16 17 -4 40 -10 38 -1 23 34 -8 -19 -27 -14 29 58 39 35 -33 -34 50 -24 -17 -2 56 -23 47 42 -38 -13 45 46 -45 -11 49 -39 -15 -36 -9 -3 -55 -56 -12 -44 -25 -20 -61 -62
right_child=1 4 6 -5 10 8 24 52 19 18 20 13 27 22 -16 36 -18 25 59 -21 -22 30 31 28 -26 26 -28 -29 -30 -31 -32 32 33 -35 51 -37 41 48 -40 -41 -42 -43 57 44 -46 -47 -48 -49 -50 -51 -52 -53 -54 54 55 -57 -58 -59 -60 60 61 -63
leaf_value=-0.015448982913895222 0.0068127030832343411 0.0015477410095068389 -0.06102942108521775 0.0013047528002888031 0.047899259687496303 0.019125693360589953 -0.0071708938883672246 -0.010002926968075636 -0.10156056847751078 0.069412292237832907 -0.051400667973077276 0.017088611094386665 -0.088617129182652812 -0.0055627277391426689 0.027934078304123762 0.054466830685244098 -0.029040095199227924 0.057583460660454479 0.038232225642582329 0.024233829869598645 -0.030074139725659199 -0.084493060208044909 -0.083818031565459944 -0.091798200840835176 0.029018898104733567 -0.047810516719836826 -0.0089369530941999561 -0.038441687485500926 -0.0040795466109336074 -0.054518255314791257 0.021683700322221153 -0.0060893135266500802 0.071284321891651278 -0.10091022429095849 0.040298729389551778 -0.019609095878199756 -0.1031246043364958 -0.00016013973922469307 -0.10160434693032978 -0.068635437973447969 0.042284101444111724 0.045953042700832974 0.06864065472684508 0.01319706336545802 0.011068057742107394 -0.057544152736298974 -0.082019226647962698 0.048384196369611582 0.052106374795103411 0.034946188801486679 -0.10230832377177229 -0.064620779247751836 0.030717037430643364 0.017192822439754413 -0.0083860371723678811 -0.10326763236927282 0.041857646369839935 -0.10312411358252115 -0.010676162387877487 -0.10262215643928033 -0.056245579551769745 0.029480495539349005
leaf_weight=25.728257164591923 201.68273168662563 645.9551615244709 367.39898409345187 92.547408694401383 250.42191989684943 45.081895885290578 376.90223610168323 169.70856974297203 6.0877946144901207 226.98958960408345 7.7620767494663587 232.19059873686638 43.700251892441884 31.907160014263354 328.4560094687622 18.011373622808605 438.68000459030736 9.3189934389665705 871.05215923266951 251.30421948735602 50.386967399856076 416.85216291900724 21.724983293563128 9.8807395102921856 76.792736677220091 234.23874145490117 75.834386496571824 124.03533360443544 85.198881714837626 163.09468905522954 8.2127534740138781 1397.6245661405846 22.081304282648492 3.2913827453739932 54.805301481392235 98.298265535384417 13.487669961992649 99.540178683586419 3.9945732601918271 658.74006617628038 708.77791344258003 9.061858290107919 6.8426717738620955 94.108579855412245 141.74956056033261 44.642094615846872 20.588041283888742 374.61289177136496 93.589455381734297 178.74650626286166 8.282544266432522 6.1908843785058698 47.110090658999979 874.94711027224548 63.008838043897413 10.667242577299474 64.500442526768893 2.8903688804712147 106.32468080951367 6.9976854834239921 8.9629457453265768 83.46738853212446
leaf_count=6878 8792 30138 92998 7706 4679 1701 64462 19489 128 415 437 6609 17012 1501 3181 643 95520 419 6964 2954 2864 132449 591 2203 6787 67263 12794 21492 7072 27005 610 109333 236 128 1666 4204 615 2538 118 174382 5073 103 175 733 3184 1198 415 1212 2829 3483 557 485 1761 11379 1196 333 1867 151 13257 202 643 1325
internal_value=-0.000182421 0.0153716 -0.0418523 -0.0669944 0.00276001 0.000463464 -0.0254828 -0.0334443 -0.0070714 0.0388426 0.0328183 -0.00971838 -0.0365501 -0.007472 0.0122659 -0.0393986 -0.0413175 -0.0491595 0.0431381 0.0212586 0.00299777 -0.0726913 -0.0107108 -0.0225425 -0.00104538 -0.0355055 -0.0383032 -0.0515139 -0.0309504 -0.0391472 -0.0740502 -0.00713998 -0.00510799 0.048947 0.00774476 -0.0312313 0.00354219 0.0217609 0.0248501 -0.0747812 0.0487273 -0.0248701 -0.0525088 0.00472765 -0.00480476 -0.0189254 -0.00389426 0.0563183 0.0298679 0.022389 -0.0255007 0.0296498 -0.00115534 0.00903851 0.0141393 -0.0221235 0.0318403 0.0176326 -0.0175738 0.0355913 0.0124554 0.0211677
internal_weight=11215.1 8166.71 3048.36 1202.08 5312.29 4935.23 1846.28 1392.58 3012.19 2854.42 377.066 2754.8 212.817 2541.98 1923.03 1175.77 1125.47 686.791 2280.86 257.392 126.644 1109.53 2008.71 465.685 453.695 319.392 310.073 167.736 364.499 279.3 1083.8 1543.02 1423 25.3727 101.186 120.023 50.2939 573.559 76.2571 1075.59 1310.38 32.2826 23.2207 533.279 301.088 159.339 114.697 601.602 371.876 278.287 40.1897 60.9962 216.819 1594.58 948.623 73.6761 72.2625 9.73304 116.205 970.48 99.428 92.4303
internal_count=998537 313332 685205 322025 279856 269891 363180 291931 223664 33476 9965 220582 40205 180377 46227 270681 268994 173474 15834 3082 5286 314319 168238 53746 71249 80476 80057 38504 49537 42465 307441 114492 109697 364 4209 4795 1687 17642 2422 306831 6700 1044 941 12139 5530 2346 1148 1627 8850 6021 2058 2151 21250 43046 12908 1529 2304 326 15460 9134 2170 1968
is_linear=0
shrinkage=0.05


Tree=3
num_leaves=63
num_cat=0
split_feature=19 2 17 19 14 10 14 2 0 0 19 4 4 2 0 17 2 14 10 14 15 0 10 17 0 15 15 2 0 14 14 17 0 17 14 15 15 14 15 6 0 10 8 14 14 2 0 14 8 14 17 17 2 2 14 17 14 14 4 14 3 14
split_gain=2653.18 548.067 254.701 234.286 152.088 127.741 108.481 68.041 87.4768 52.7828 48.4121 59.6751 54.7774 67.4354 54.1756 46.7956 47.1772 46.3062 45.9319 45.2249 37.4497 37.2666 35.4271 32.1456 31.6508 31.5605 31.4296 30.8618 38.6336 28.4053 34.3017 28.0738 27.9877 27.6436 25.444 35.1434 24.579 24.4388 24.0474 28.8543 29.5508 23.9956 23.695 21.9837 27.7728 21.648 21.3876 21.2783 21.0761 24.2198 37.523 47.0397 24.682 21.0589 20.8086 20.5279 35.3565 23.6978 22.4867 20.4174 22.2523 20.3923
threshold=1.5000000000000002 5.5000000000000009 4.8012900352478036 4.5000000000000009 47.500000000000007 5.5000000000000009 52.500000000000007 17.500000000000004 65.500000000000014 58.500000000000007 2.5000000000000004 60.000000000000007 18.500000000000004 100.00000000000001 35.500000000000007 5.9144084453582773 72.500000000000014 69.500000000000014 1.5000000000000002 49.500000000000007 6.5000000000000009 75.500000000000014 15.500000000000002 31.187345504760746 3.5000000000000004 7.5000000000000009 6.5000000000000009 15.500000000000002 59.500000000000007 60.500000000000007 57.500000000000007 18.358676910400394 4.5000000000000009 23.02842998504639 55.500000000000007 4.5000000000000009 4.5000000000000009 58.500000000000007 2.5000000000000004 1.0000000180025095e-35 64.500000000000014 4.5000000000000009 5.5000000000000009 59.500000000000007 64.500000000000014 17.500000000000004 38.500000000000007 40.500000000000007 18.500000000000004 71.500000000000014 8.5991730690002459 21.461419105529789 7.5000000000000009 23.500000000000004 51.500000000000007 9.3998298645019549 60.500000000000007 76.500000000000014 13.500000000000002 66.500000000000014 0.0088107436895370501 15.500000000000002
decision_type=2 2 2 2 2 2 2 2 2 2 2 2 2 2 2 2 2 2 2 2 2 2 2 2 2 2 2 2 2 2 2 2 2 2 2 2 2 2 2 2 2 2 2 2 2 2 2 2 2 2 2 2 2 2 2 2 2 2 2 2 2 2
left_child=2 5 4 6 7 19 10 20 36 48 12 18 -3 14 26 16 -11 21 -12 -2 -1 -6 -13 -24 25 -21 -14 28 -5 30 32 37 61 -4 38 46 -9 -32 39 -29 54 -10 -16 -26 -45 47 -36 -40 -8 52 -51 -52 -50 -28 -41 56 -37 -58 -57 -60 -61 -7
right_child=1 3 33 27 17 29 9 8 41 15 11 22 13 -15 42 -17 -18 -19 -20 24 -22 -23 23 -25 43 -27 53 34 -30 -31 31 -33 -34 -35 35 55 -38 -39 45 40 -42 -43 -44 44 -46 -47 -48 -49 49 50 51 -53 -54 -55 -56 58 57 -59 59 60 -62 -63
leaf_value=-0.035260694531711913 0.050411036505431432 -0.076239687723386573 0.0019899128589044228 0.029706200382207806 -0.021270185386542712 0.043048655316397851 0.038924582874833406 -0.049297480507009474 0.020093577365450695 0.0048763106688066628 0.025306457518598779 0.029559634810996112 -0.013198235818016105 0.028677681337979807 0.06794004347869903 0.012699798434013532 -0.040369055166462109 -0.009518775885265349 -0.026515144572652055 0.042022471394415818 0.037149888909065384 -0.044587889516218678 -0.00069941323145282595 0.062108557994716755 0.021178796406823686 -0.10616587391242048 0.022367833460918658 0.038957204029922421 -0.065138710811654496 0.041249325451956358 -0.0072526884239507237 0.058167622339816073 0.012421018389033398 0.05743272775947679 0.0505337198961201 0.027160335686776796 -0.026138237527670721 -0.10492703515555082 -0.0036995736344561194 -0.0065477351615798518 -0.10143314066475623 -0.063689819709270276 -0.029375251258538307 -0.10429751424795664 -0.00093611404684289202 0.01644471004153519 0.011358423037432154 -0.10283326892663132 -0.043795695166030775 0.033543986887719028 -0.10215050869409631 0.041638372773475908 0.010489821374680849 -0.0097467914659183225 -0.10188175701057196 0.03223694219276086 -0.084996361149035762 0.02110229604756176 -0.10157361636934609 -0.10202431679283466 0.041847043452311966 0.023143491051985994
leaf_weight=46.667341211577877 983.98243045643903 34.285806883824989 225.37167581170797 764.50679875793867 284.33453614910832 176.45114865154028 92.379505342803895 224.00554936123081 8.607016842812298 104.54076022887602 51.988704104907811 169.89561892021447 557.03489981975872 93.717430126387626 6.3358110482804468 204.95980865659658 128.34661291353405 229.67439003556501 240.86727171367966 146.92160374764353 28.922421559458598 431.22469583991915 399.13213192450348 21.467622430529445 41.857074172701687 3.6830625580623737 126.58632237720303 23.726118301972747 10.889788610162212 190.23588360333815 13.270116406027229 7.0659826872870317 459.60170798026957 24.97374372696504 139.11730297794566 23.48212510952726 234.49797689970001 12.377434776630251 22.394743246957663 83.862147501436993 10.56899586250074 1202.8054164515343 491.08835441060364 9.7356559406034666 19.548069909214973 479.87266285577789 46.480320766568184 7.1383423754014066 21.689612684072927 219.94105391413905 11.971156018087642 10.836967419832943 604.88922938657925 85.543125340715051 6.1431354791857293 86.319934135302901 19.780602503102276 7.170836948323994 6.2151567051187184 3.5569201530888668 10.996859847567974 475.15249152865727
leaf_count=11618 3519 11345 17844 7449 45053 1224 1726 50502 427 10257 2368 3155 39089 7251 103 5937 19301 32442 24620 557 3559 121616 12460 109 297 59 5689 162 588 2806 234 44 11376 190 1111 528 49788 512 385 1818 758 352166 77324 155 220 9499 1046 253 946 4322 482 127 25660 9208 200 850 1080 148 181 91 92 4611
internal_value=-0.000130708 0.0148476 -0.0407182 0.00587977 -0.0452063 0.0340188 -0.00128947 -0.0539539 -0.0560542 0.00966641 -0.00802069 0.00113798 -0.0138219 -0.0122487 -0.0152769 -0.00472427 -0.0200589 -0.0290526 -0.0173156 0.0458141 -0.0075547 -0.0353224 0.01029 0.00250634 0.0254155 0.0383985 -0.00696104 0.0209263 0.0283742 0.023359 0.0203838 -0.0300781 0.0218694 0.00752073 0.0150142 0.0259809 -0.0374529 -0.05439 0.00907634 -0.0106413 -0.022342 -0.0630945 -0.0281357 -0.00206944 -0.0352996 0.0138877 0.0407228 -0.0276608 0.0162182 0.0138053 0.0272136 -0.0338312 0.00861068 0.00941732 -0.0130546 0.00861155 -0.0176901 -0.0567672 0.0209983 -0.0257116 0.00668512 0.0285337
internal_weight=10910.7 7969.6 2941.08 5429.72 2690.74 2539.88 3677.5 1745.51 1669.92 1399.55 2277.94 883.351 1394.59 1360.31 1266.59 437.847 232.887 945.234 292.856 1205.73 75.5898 715.559 590.495 420.6 221.745 150.605 769.164 1752.22 775.397 1334.15 1143.92 32.7135 1111.21 250.345 976.826 343.12 458.504 25.6476 633.706 124.3 100.574 1211.41 497.424 71.1408 29.2837 509.406 185.598 29.5331 961.708 869.328 242.749 22.8081 626.579 212.129 90.0053 157.522 50.4336 26.9514 107.089 20.7689 14.5538 651.604
internal_count=998537 313332 685205 287718 667171 25614 261479 468060 452883 68758 192721 42712 150009 138664 131413 35495 29558 199111 26988 4807 15177 166669 15724 12569 1288 616 53986 26239 8037 20807 18001 790 17211 18034 18202 5127 100290 746 13075 2938 2776 352593 77427 672 375 10137 2157 638 33263 31537 4931 609 26606 14897 2018 2970 1756 1228 1214 364 183 5835
is_linear=0
shrinkage=0.05


Tree=4
num_leaves=63
num_cat=0
split_feature=19 19 20 2 17 20 20 14 17 8 20 14 12 14 6 12 1 1 17 2 6 20 17 1 14 12 20 20 8 12 20 20 16 20 20 2 14 1 14 20 8 1 2 6 6 1 8 2 12 14 1 16 14 3 6 20 16 14 4 2 6 1
split_gain=2400.74 558.073 396.966 248.827 176.046 141.535 92.0373 83.3272 78.4177 68.5745 61.8055 58.5723 56.5769 49.8059 48.8491 42.6368 48.5436 39.6909 37.8378 37.7221 35.8099 37.5622 34.1908 31.6668 28.0773 28.0671 27.9535 27.1504 27.9111 27.1032 26.5939 26.5008 26.3203 25.6379 23.8268 23.7204 23.3304 22.7222 22.5322 22.7414 26.4808 22.1622 23.0532 21.7326 23.8507 34.3581 33.0601 24.3205 21.4403 23.468 21.2452 24.9985 21.1907 21.1286 20.9215 20.8607 20.8606 20.6419 20.6233 41.8192 25.452 23.501
threshold=1.5000000000000002 2.5000000000000004 0.46786168217659002 8.5000000000000018 5.4900979995727548 0.63179099559783947 0.59184163808822643 64.500000000000014 4.8012900352478036 1.5000000000000002 0.38791637122631079 73.500000000000014 6.5000000000000009 54.500000000000007 2.5000000000000004 2.5000000000000004 0.010362972505390646 0.015749008394777778 29.415646553039554 12.500000000000002 9.5000000000000018 0.46496544778347021 32.165809631347663 0.015268065501004459 64.500000000000014 1.0000000180025095e-35 0.44256828725337988 0.34558799862861639 18.500000000000004 6.5000000000000009 0.30474676191806799 0.1974853798747063 1.0000000180025095e-35 0.1974853798747063 0.40194036066532141 18.500000000000004 49.500000000000007 0.013793759513646366 48.500000000000007 0.5865238904953004 6.5000000000000009 0.010695492848753931 69.500000000000014 12.500000000000002 16.500000000000004 0.013986697886139156 12.500000000000002 25.500000000000004 2.5000000000000004 67.500000000000014 0.016001024283468727 1.5000000000000002 83.500000000000014 0.0083683477714657801 1.5000000000000002 0.62296217679977428 1.0000000180025095e-35 12.500000000000002 4.5000000000000009 13.500000000000002 3.5000000000000004 0.011561079882085325
decision_type=2 2 2 2 2 2 2 2 2 2 2 2 2 2 2 2 2 2 2 2 2 2 2 2 2 2 2 2 2 2 2 2 2 2 2 2 2 2 2 2 2 2 2 2 2 2 2 2 2 2 2 2 2 2 2 2 2 2 2 2 2 2
left_child=2 5 4 9 11 7 8 15 13 -3 12 19 54 35 24 -2 20 -11 -19 -1 -17 29 25 -7 -12 36 -13 -21 -29 -22 -9 -6 -15 -14 -27 57 -16 -37 39 40 41 42 -36 58 47 46 -46 -45 49 -40 -18 55 -33 -24 -5 -52 -44 -4 59 -41 61 -61
right_child=1 3 6 10 31 23 -8 30 -10 17 14 26 33 32 22 16 50 18 -20 27 21 -23 53 -25 -26 34 -28 28 -30 -31 -32 52 -34 -35 38 37 -38 -39 48 43 -42 -43 56 44 45 -47 -48 -49 -50 -51 51 -53 -54 -55 -56 -57 -58 -59 -60 60 -62 -63
leaf_value=-0.017975771449000293 0.037053621901773047 0.048935408143578239 0.053320372921061669 -0.10560717215728453 -0.097256885669968804 0.0026688129291162024 -0.00082840264915725204 -0.090530648083303911 0.017687331060345212 0.023802546534398464 0.022843657896203334 -0.039094780964212296 -0.084022353299018249 0.014277958482521492 -0.10330052680628683 0.021188316904963977 -0.014926368445110817 0.04023548201437098 -0.10281491688640654 -0.076249609258162709 0.026814305171058372 -0.029236515202478427 -0.10257605164067721 0.019198719923262362 0.051040634800653718 -0.096357554983350302 0.036080546677104149 -0.006422289222115421 -0.063072923458433086 -0.068675065205181712 0.010227469900185058 0.0069913514562917238 -0.023624430045756012 -0.024949746064609323 -0.04815645941529046 -0.044743259102592331 -0.009325861971915329 0.00081745108820393338 -0.0010532581483681956 0.023673298661340599 0.0042408801419769274 0.056068955494863792 -0.10327479360577103 -0.067824576563370265 -0.052160884955285841 0.019043422519657929 -0.0029989747525784767 -0.0038206286287194749 0.019264795876307073 -0.10252052714609339 -0.1078688279289603 0.039353431195874811 -0.10138096340781622 0.051159155587237583 0.038030081254455131 0.075988006331520114 0.033637453573471782 -0.029867916396719929 0.017073257016113591 0.047459295151215192 -0.10301915786864127 -0.10498038418535943
leaf_weight=38.710830064024776 30.358790304278955 701.26934648002498 12.013139143586161 2.7050578380003563 7.0037499740719786 974.60812505881768 404.27710404340178 6.6941246455535284 81.875069862697273 978.88246367033571 414.43939127540216 37.246468041557819 24.533803750062361 61.340785294305533 9.1154550602659565 28.800813042093068 460.58478804084007 709.64348037634045 4.652928421739488 550.1571442745626 8.0045841734390688 423.03152430336922 2.3114928393624714 412.31103812600486 112.18357903999276 5.1306125018745652 18.511846277862787 22.550683682318777 606.61866442268365 103.71272860327736 301.65219606645405 116.13725831685588 180.82890235271771 73.079135686391965 11.871541877742855 599.56041034194641 23.976351665332913 28.674638369353488 37.379889451432973 30.885364360176027 166.16033309523482 61.99878272600472 2.9113686978816977 29.790103750536218 45.159171275328845 124.00559675740078 140.87478470453061 29.579542592866346 820.26111014094204 6.723535591736435 5.7963467971421769 35.755922677461058 4.69302211748436 67.479412996210158 40.353440813720226 2.1023844126611948 62.692054398357868 19.661942726699635 256.19925924437121 7.4348537530750054 15.588871077168731 3.8311426630243659
leaf_count=8510 709 2356 1031 130 2116 56978 71249 1895 4137 11240 5491 8973 10082 5593 451 2473 36480 3789 80 180967 307 64410 46 7274 1358 952 1288 4851 173487 27353 13311 9561 37146 11841 755 166178 440 4892 613 268 8887 491 211 1107 2485 2050 5985 1254 19324 275 399 721 592 374 599 12 1917 4634 5219 105 715 120
internal_value=-4.71147e-05 0.0141645 -0.0398646 0.0241275 -0.0586349 -0.00375093 -0.0209133 -0.014927 -0.0291655 0.0357875 0.0135064 -0.0642484 -0.0187367 -0.033418 0.0153295 -0.0213759 -0.0230371 0.030342 0.0393037 -0.0665424 -0.0331214 -0.0360465 0.0116992 0.00758292 0.0288503 0.0104311 -0.0141365 -0.0681366 -0.0610425 -0.0618332 0.00804004 -0.00269873 -0.0140239 -0.0397969 0.0112438 -0.0405352 -0.0352121 -0.0426637 0.0115417 0.00638766 0.0177248 0.0337888 0.0159592 0.00131701 -0.00690304 -0.00134348 -0.0149329 -0.0359361 0.0174388 -0.0165219 -0.0117667 0.02157 0.00278219 0.0460674 0.0290064 -0.0589321 0.0275615 0.0016822 0.0109894 -0.0160051 -0.0616385 -0.00437972
internal_weight=10606.4 7816.52 2789.86 5023.1 1401.63 2793.41 1388.23 1406.49 983.955 2394.45 2628.66 1273.8 140.671 902.08 2487.98 1098.15 1067.79 1693.18 714.296 1218.04 563.55 534.749 1961.36 1386.92 526.623 1891.57 55.7583 1179.33 629.169 111.717 308.346 127.834 242.17 97.6129 1858.48 659.91 33.0918 628.235 1853.35 988.983 305.634 139.474 77.475 683.349 369.409 310.04 186.034 59.3696 864.365 44.1034 504.239 43.6547 120.83 69.7909 43.0585 7.89873 65.6034 31.6751 313.939 57.7402 26.8549 11.266
internal_count=998537 313332 685205 101010 390345 212322 294860 148070 223611 17465 83545 378076 22652 219474 60893 132864 132155 15109 3869 367815 94543 92070 54044 64252 6849 53624 10261 359305 178338 27660 15206 12269 42739 21923 52733 176735 891 171070 51781 31569 12261 3374 2883 19308 12881 10520 8470 2361 20212 888 37612 1132 10153 420 729 411 2128 5665 6427 1208 940 225
is_linear=0
shrinkage=0.05


Tree=5
num_leaves=63
num_cat=0
split_feature=19 19 17 0 0 0 14 17 14 10 0 9 0 17 0 2 10 10 4 10 6 15 15 0 14 12 17 14 0 17 2 14 14 14 6 15 9 12 10 14 10 4 0 14 12 14 2 9 2 4 14 6 2 19 0 0 0 0 14 6 6 2
split_gain=2292.19 525.959 215.498 138.965 137.384 135.437 90.4469 86.8324 80.3604 63.4079 52.228 51.5561 72.0365 43.61 49.2346 43.3773 42.7142 41.2224 38.5722 61.1164 33.5201 32.3948 28.4978 27.2643 34.6133 27.0973 28.5509 26.9448 24.965 24.7294 24.0634 23.2522 23.1594 39.5108 22.9807 22.1832 21.4964 35.1385 26.2585 21.3433 24.6264 29.0818 21.3418 21.9209 21.2735 19.7642 19.5158 19.4527 23.0533 31.151 19.1284 19.2442 26.5065 29.221 18.2786 20.4616 18.5385 20.8138 17.9134 17.841 17.8201 18.6776
threshold=1.5000000000000002 3.5000000000000004 4.5574157238006601 4.5000000000000009 65.500000000000014 8.5000000000000018 75.500000000000014 8.6437578201293963 50.500000000000007 2.5000000000000004 15.500000000000002 0.015038444194942715 59.500000000000007 13.553714752197267 78.500000000000014 17.500000000000004 18.500000000000004 11.500000000000002 60.000000000000007 11.500000000000002 2.5000000000000004 4.5000000000000009 2.5000000000000004 1.5000000000000002 62.500000000000007 1.5000000000000002 23.02842998504639 74.500000000000014 12.500000000000002 10.569746971130373 42.500000000000007 70.500000000000014 60.500000000000007 23.500000000000004 2.5000000000000004 7.5000000000000009 0.015504807699471714 1.5000000000000002 1.5000000000000002 26.500000000000004 18.500000000000004 7.5000000000000009 53.500000000000007 77.500000000000014 60.000000000000007 61.500000000000007 71.500000000000014 0.016261236742138866 88.500000000000014 8.5000000000000018 32.500000000000007 6.5000000000000009 5.5000000000000009 4.5000000000000009 12.500000000000002 23.500000000000004 26.500000000000004 41.500000000000007 12.500000000000002 5.5000000000000009 5.5000000000000009 73.500000000000014
decision_type=2 2 2 2 2 2 2 2 2 2 2 2 2 2 2 2 2 2 2 2 2 2 2 2 2 2 2 2 2 2 2 2 2 2 2 2 2 2 2 2 2 2 2 2 2 2 2 2 2 2 2 2 2 2 2 2 2 2 2 2 2 2
left_child=2 3 4 16 10 9 7 11 15 22 45 12 20 14 39 35 -2 29 -14 -20 -5 32 -3 24 -24 26 -4 -10 -22 34 36 -12 33 -18 -16 -6 38 -38 -25 40 -7 -42 43 -33 -17 -1 -11 48 -36 -50 51 52 -41 -54 -53 -56 -57 -58 -37 -9 -52 -62
right_child=1 5 25 6 8 13 -8 59 27 46 31 -13 18 -15 17 44 21 -19 19 -21 28 -23 23 30 -26 -27 -28 -29 -30 -31 -32 42 -34 -35 47 58 37 -39 -40 50 41 -43 -44 -45 -46 -47 -48 -49 49 -51 60 54 53 -55 55 56 57 -59 -60 -61 61 -63
leaf_value=-0.011793605766840071 0.054550974492328722 0.057291550369976546 -0.1030526341912615 0.057501969290928656 -0.036669270139989628 0.033318643729781709 0.025699007229491797 -0.10660513933042606 -0.038705702345980607 0.028362273570122817 -0.035281402408502617 0.028379914275218288 -0.056977093406294976 0.033900616432622779 0.023252151393151368 -0.078157981869127785 0.022621170981824382 -0.042338782877750523 0.038166897948984341 -0.026802626956667491 0.0021260500352023311 0.024320432189257959 0.05170976551104866 -0.046059330380275022 -0.10644678119164921 0.011141332730110816 0.023075784162796448 -0.0057737194279778945 -0.010977752340503353 -0.106519202349409 -0.10694360851924223 -0.0017580987560682172 0.025569484113519888 -0.023607587085399333 0.013262174378356037 0.062861460134112881 -0.10713180366454476 0.03856107037356752 0.029015283221339436 0.022352193912897503 0.060886825435228532 -0.080243742997342257 0.040658795145130211 -0.098009519333869644 -0.057574286609518688 0.026895601049271658 -0.055794595879815528 0.047227881841158365 -0.057363176120378626 0.008473665521734397 0.02538007132645172 0.041835991663206611 0.045201128486909214 -0.09333806421436372 -0.051065427619484564 0.063165534243988408 -0.099174403351668258 0.022979101051572373 -0.037648122187221793 0.018907628923910444 0.013965935917028362 -0.022290744067550258
leaf_weight=98.47525071259588 78.427883588708937 339.93150746775791 11.027155882678928 20.264759006444365 56.637849319260567 293.36626217048615 233.65116213541478 2.8568131183274081 399.41386974928901 1041.9431030410342 523.13347128499299 84.707799821393564 90.293795369798318 342.34753472718876 118.2690286715515 142.32248978875577 72.899518406949937 55.954744101967663 39.575954471714795 424.02476462360937 512.22652307897806 424.13700954685919 287.46539514884353 19.222408185247332 3.5016018822789183 218.88964541978203 7.5647500194609156 73.55036629922688 1251.6521450015716 4.8840511871967456 3.2632429292425504 24.043399014975879 77.203177071176469 126.29346813145094 49.431401564041153 11.999152951873841 4.2146854135207823 229.03649652539752 29.555694650858641 13.390888367779551 5.6422307617031029 10.339019121136515 19.791954001644626 7.8456825714092693 1063.6132806621026 49.653714078478515 6.9347114227712146 14.908816429320721 44.470808037323877 30.146769600454718 395.32916955742985 28.221378440968692 4.7588654821738627 19.012655155267566 17.884349025320262 12.349477659910919 5.3128431318327776 10.148329716175793 7.030413585016503 316.80097281234339 465.22418809100054 38.457385088782758
leaf_count=16388 445 857 1562 184 14440 3686 6620 182 115098 9330 120011 4693 24404 3455 4559 53647 1225 7974 1796 64522 20392 7005 816 271 72 16555 78 11815 103599 312 110 2347 936 3784 2136 414 64 1057 225 105 76 677 1462 1419 326201 2394 270 564 6820 2963 4524 284 69 573 624 117 387 407 1520 8159 10065 1669
internal_value=0.000222911 0.0141515 -0.0392798 0.000757372 -0.0436411 0.0269009 -0.00416363 -0.00670791 -0.0511989 0.0362001 -0.0252984 -0.00993964 -0.011328 0.0176711 0.0142781 -0.0576994 0.0195583 -0.00338026 -0.0270795 -0.0212564 -0.00643785 0.0156407 0.0458101 0.0390373 0.0498065 0.00621904 -0.051733 -0.0335845 -0.00717244 0.0049365 0.0280539 -0.0321206 0.00232143 -0.00668905 0.00705275 -0.0209769 0.0296159 0.0359285 -0.000570018 0.0185349 0.030026 -0.0304171 -0.000125873 -0.0254389 -0.0600035 0.00117525 0.0278059 -0.0067348 -0.0132203 -0.030764 0.0150156 -0.00455913 -0.0339101 -0.0656036 0.0101975 -0.00934258 0.0174884 -0.0189959 0.0257285 0.0177859 0.0174342 0.0111976
internal_weight=10414.9 7699.93 2714.99 3755.02 2477.51 3944.92 2976.05 2742.4 1754.57 1965.07 722.943 2422.75 2338.04 1979.85 1637.5 1281.6 778.961 318.066 553.895 463.601 1784.14 700.533 916.191 576.26 290.967 237.482 18.5919 472.964 1763.88 262.111 285.293 574.815 276.396 199.193 257.227 75.6674 282.029 233.251 48.7781 1319.44 309.348 15.9812 51.681 31.8891 1205.94 148.129 1048.88 138.958 124.049 74.6176 1010.09 111.079 37.1624 23.7715 73.9164 45.695 27.8107 15.4612 19.0296 319.658 899.011 503.682
internal_count=998415 313064 685351 247946 667156 65118 234551 227931 523135 13072 144021 219590 214897 52046 48591 396222 13395 25328 90722 66318 124175 12950 3472 2615 888 18195 1640 126913 123991 17354 1727 125239 5945 5009 17042 16374 1617 1121 496 23263 4439 753 5228 3766 379848 18782 9600 12483 11919 9783 18824 2566 747 642 1819 1535 911 794 1934 8341 16258 11734
is_linear=0
shrinkage=0.05


Tree=6
num_leaves=63
num_cat=0
split_feature=19 19 17 10 0 0 14 0 14 0 17 14 2 2 10 17 14 12 0 14 2 4 10 0 14 15 15 14 8 14 7 7 10 17 7 17 15 15 0 12 15 0 4 2 14 7 14 0 7 7 4 7 14 14 10 7 14 10 14 0 2 14
split_gain=2098.34 519.86 204.709 164.191 125.822 85.857 80.559 72.9372 65.9827 61.9664 50.8056 49.9762 44.5955 34.004 32.1566 29.439 28.5632 26.7292 25.0447 26.2376 24.8456 22.7903 34.8579 22.643 22.8215 21.8954 21.1277 20.7005 20.5258 29.4402 37.2765 26.8141 22.7471 22.6458 20.1787 27.927 31.1334 18.5064 21.0634 18.0025 17.9947 19.5777 19.0719 17.9365 26.7659 26.6045 18.1365 17.7864 17.1289 18.8116 17.0837 16.8267 16.7685 25.0471 19.458 19.1499 19.9602 37.1545 25.7033 17.9337 17.2169 23.9608
threshold=1.5000000000000002 2.5000000000000004 4.5574157238006601 3.5000000000000004 66.500000000000014 21.500000000000004 51.500000000000007 14.500000000000002 50.500000000000007 8.5000000000000018 20.275115966796879 40.500000000000007 17.500000000000004 1.5000000000000002 17.500000000000004 13.177471160888674 73.500000000000014 3.5000000000000004 1.5000000000000002 75.500000000000014 4.5000000000000009 18.500000000000004 60.000000000000007 21.500000000000004 70.500000000000014 6.5000000000000009 7.5000000000000009 74.500000000000014 6.5000000000000009 59.500000000000007 0.015749008394777778 0.015749008394777778 4.5000000000000009 6.0007488727569589 0.013606071937829258 8.4559302330017108 5.5000000000000009 5.5000000000000009 22.500000000000004 60.000000000000007 2.5000000000000004 2.5000000000000004 1.0000000180025095e-35 88.500000000000014 30.500000000000004 0.015504807699471714 45.500000000000007 17.500000000000004 0.014599318150430919 0.013986697886139156 7.5000000000000009 0.014815627597272398 27.500000000000004 61.500000000000007 4.5000000000000009 0.015268065501004459 71.500000000000014 7.5000000000000009 82.500000000000014 13.500000000000002 22.500000000000004 41.500000000000007
decision_type=2 2 2 2 2 2 2 2 2 2 2 2 2 2 2 2 2 2 2 2 2 2 2 2 2 2 2 2 2 2 2 2 2 2 2 2 2 2 2 2 2 2 2 2 2 2 2 2 2 2 2 2 2 2 2 2 2 2 2 2 2 2
left_child=2 5 4 9 11 13 17 18 12 40 28 -1 26 -2 -8 16 -15 -7 19 -5 -18 -19 -23 -13 -25 -22 -6 -10 31 30 -30 43 -32 -33 35 36 -4 38 -16 -14 42 -42 -3 -9 51 46 -46 -34 49 50 -43 -45 -20 60 -55 56 59 -58 -59 -56 -54 -62
right_child=1 3 34 7 8 6 14 10 27 -11 -12 23 39 15 37 -17 20 21 52 -21 25 22 -24 24 -26 -27 -28 -29 29 -31 32 33 47 -35 -36 -37 -38 -39 -40 -41 41 48 -44 44 45 -47 -48 -49 -50 -51 -52 -53 53 54 55 -57 57 58 -60 -61 61 -63
leaf_value=-0.038920128951516003 0.024174556856110033 0.064445511325396831 0.00054100356275392427 0.034801064140626878 -0.035143229974431769 0.03245464916035324 -0.073764981541486682 0.028250922630641873 -0.038219507732668911 0.024127406981824744 0.033392720313532284 0.0037151231596539228 -0.075427793510232433 -0.0018146333199890608 -0.10001387216393583 0.073520788176125021 -0.10696816731696748 -0.0684400270760602 0.029410485410783439 -0.10930794844013968 0.03562755102790989 0.027600709787652413 -0.024970068249777284 -0.029327221860961896 0.0082371873435571966 -0.10405761229377752 0.02400755785483865 -0.0088131967830232961 -0.0085269563106136533 0.014937029621110745 -0.10718483369228936 -0.0059955951943537738 -0.1032351005645442 -0.10610779862759044 0.06838327892299878 0.016163939642865818 -0.066201401118715766 -0.011823795834792468 0.010727507772715715 -0.056067330476627687 0.044756835627225329 0.020941180432045722 0.042010715653851137 0.048205776942827017 -0.097008773498926115 0.049842703935857845 -0.0204956700917726 0.04224191108725852 0.032216345350907942 -0.10699092044666259 -0.10556384925596239 -0.057434910257508888 0.015179344196167852 -0.053073491585969336 0.037474235565511764 0.059075633272233745 0.057935083718009719 -0.10326355060410511 0.030549771974387359 -0.10340735232727993 -0.047619463143321522 0.0074921290594516564
leaf_weight=340.10072371759452 198.34735053754412 169.0217993943952 55.181628655875102 443.37131153093651 53.49163315538317 21.279224946629256 13.64467826602049 216.90563600067981 385.62711292412132 707.34776335814968 178.01665409188718 136.82338841480669 136.22440998931415 984.40367112460081 4.3418910810723892 14.075567380990831 3.363544217310845 28.240639818832278 341.09941162355244 3.1811630446463814 91.220137192867696 32.955250441562384 730.13989228848368 197.12639246950857 50.865623968886212 2.8944047656841567 21.031946821371093 70.840565371559933 600.28029352100566 271.27642278070562 2.8490024330094448 37.524902014061809 2.1758608352392903 6.649774278048425 12.427797725424169 143.53138381568715 25.569057187996805 137.31611378421076 388.14685825468041 1012.6625609444454 429.33758128248155 25.458096903283149 215.52458312804811 30.084264972945675 10.562309716129674 10.146081700455396 29.036583297653124 61.124656320316717 212.72724425187334 4.0909878555685273 2.9812594465911415 4.3093815459869793 601.71091134962626 6.4869123972021034 104.21974870120175 57.643176858779043 10.986522776074709 11.277443524217235 5.263605603016912 2.3089702436700454 26.825069944839925 74.484362508170307
leaf_count=82625 2856 280 4915 2927 14440 557 4137 4034 114395 14438 1786 13420 53647 46060 369 137 106 10728 3866 73 1016 2998 103867 46323 4836 226 1934 11744 37616 9506 125 1051 66 258 430 8128 4722 14550 24487 323792 1560 227 816 939 2060 273 3060 1201 1343 93 93 645 7941 131 1174 271 79 433 79 88 955 1483
internal_value=0.00036852 0.0137624 -0.0379987 0.0233851 -0.0423657 -0.00408709 -0.012879 0.0165422 -0.0498787 0.0355866 0.00836164 -0.0249555 -0.0559316 0.00512433 0.00202319 0.00167661 0.000741894 -0.0228451 0.0236188 0.0337745 0.0265595 -0.0243321 -0.0226997 -0.0126135 -0.0216224 0.0313317 -0.0184498 -0.0336559 0.00488837 0.001051 -0.00460144 0.0153117 0.031021 -0.0210658 0.00636658 0.00293014 -0.0205924 0.00397505 0.00950244 -0.0583629 0.0432396 0.038319 0.0518716 0.0206496 0.0010539 -0.0223953 -0.0409042 0.0372414 0.0270491 -0.00674107 0.00767983 0.0349694 0.0199683 0.0163945 0.0320939 0.0349759 0.0246132 -0.0133409 -0.0606822 0.0344207 0.0119687 -0.00710051
internal_weight=10208.2 7566.66 2641.5 4916.29 2404.79 2650.37 1356.06 3149.8 1679.88 1766.49 1460.94 724.916 1223.41 1294.3 543.45 1095.96 1081.88 812.615 1688.86 446.552 97.4781 791.336 763.095 384.815 247.992 94.1145 74.5236 456.468 1282.93 937.706 666.43 345.219 66.1495 44.1747 236.71 224.282 80.7507 529.805 392.489 1148.89 1059.14 674.595 384.546 301.044 84.1386 49.745 39.5989 63.3005 245.258 32.5303 28.4394 34.3936 1242.31 901.207 198.186 191.699 134.056 27.5276 16.541 106.529 703.02 101.309
internal_count=998415 313064 685351 100970 667156 212094 161693 82120 519952 18850 62620 147204 393813 50401 43543 47545 47408 118150 19500 3000 1348 117593 106865 64579 51159 1242 16374 126139 60834 48514 39008 12320 1392 1309 18195 17765 9637 39406 24856 377439 4412 3316 1096 11011 6977 5393 5120 1267 1756 413 320 1584 16500 12634 2255 2124 1853 591 512 1262 10379 2438
is_linear=0
shrinkage=0.05


Tree=7
num_leaves=63
num_cat=0
split_feature=19 19 20 17 2 20 20 0 14 20 14 0 6 6 2 14 2 10 17 17 20 17 14 6 2 0 14 0 5 10 0 10 17 6 14 17 14 15 5 0 14 17 20 17 20 2 8 20 12 2 2 13 8 0 0 20 2 15 5 0 20 14
split_gain=1952.35 461.766 336.379 209.798 161.665 126.442 88.94 64.1692 56.5881 45.2213 44.2953 50.4318 42.9733 41.7125 51.3823 41.1748 48.2435 40.2967 34.7357 30.6199 29.0483 28.6254 27.8872 25.3456 23.5857 29.0344 26.7181 23.2231 22.012 24.7268 21.6713 21.3643 27.3665 24.987 21.5599 26.5467 21.2078 26.4785 26.6904 28.8709 21.0901 21.0197 25.5875 20.6255 20.0039 19.3056 18.9943 18.7678 24.3444 18.5846 18.0544 17.9287 17.77 25.1311 17.2646 17.2418 17.2109 17.1832 19.9289 32.9248 28.2922 17.0401
threshold=1.5000000000000002 2.5000000000000004 0.55047374963760387 4.8012900352478036 3.5000000000000004 0.54431924223899852 0.38548177480697637 29.500000000000004 65.500000000000014 0.66580647230148327 73.500000000000014 1.0000000180025095e-35 4.5000000000000009 10.500000000000002 31.500000000000004 54.500000000000007 17.500000000000004 3.5000000000000004 11.295234203338625 6.2647643089294442 0.069594819098711028 10.050795555114748 61.500000000000007 4.5000000000000009 27.500000000000004 57.500000000000007 64.500000000000014 35.500000000000007 0.013072453904896976 1.0000000180025095e-35 1.5000000000000002 9.5000000000000018 21.461419105529789 5.5000000000000009 65.500000000000014 14.572927474975588 86.500000000000014 1.5000000000000002 0.016261236742138866 37.500000000000007 18.500000000000004 12.893619060516359 0.27575519680976873 23.37113189697266 0.63901990652084362 64.500000000000014 60.000000000000007 0.58826246857643139 10.500000000000002 6.5000000000000009 1.0000000180025095e-35 0.016001024283468727 17.500000000000004 33.500000000000007 5.5000000000000009 0.59184163808822643 5.5000000000000009 2.5000000000000004 0.013072453904896976 23.500000000000004 0.80957126617431652 1.5000000000000002
decision_type=2 2 2 2 2 2 2 2 2 2 2 2 2 2 2 2 2 2 2 2 2 2 2 2 2 2 2 2 2 2 2 2 2 2 2 2 2 2 2 2 2 2 2 2 2 2 2 2 2 2 2 2 2 2 2 2 2 2 2 2 2 2
left_child=2 5 3 6 17 8 56 12 13 22 11 -7 57 23 30 16 40 43 20 -16 -9 27 55 -2 25 28 -27 -13 52 -30 -15 47 33 -33 -35 45 37 38 39 -26 -8 42 -5 -3 46 -36 -29 48 -14 -20 -45 -21 -22 -54 -32 -4 -1 -6 59 60 -59 -48
right_child=1 4 9 41 7 10 15 18 -10 -11 -12 21 31 14 19 -17 -18 -19 49 51 24 -23 -24 -25 36 26 -28 44 29 -31 54 32 -34 34 35 -37 -38 -39 -40 -41 -42 -43 -44 50 -46 -47 61 -49 -50 -51 -52 -53 53 -55 -56 -57 -58 58 -60 -61 -62 -63
leaf_value=0.0091644589497391887 -0.093790309395916677 0.044821491217974574 -0.029517345176601956 -0.071004982568115105 0.042962362161287064 0.027109824087823628 0.031157124138521421 -0.07934595390159388 0.0053595565461598297 0.02460014577536733 0.026481133963506539 0.00023722252413335321 -0.10269530277376107 0.057019057739293638 -0.054483062834426436 -0.025675508612636896 -0.052242324841441257 0.027380624644568641 -0.10555637159482748 0.014595420122155131 0.017013903021943652 0.036960277211574036 0.0072656572650016448 0.036337041536954384 0.029574113742560512 0.017594629408900588 -0.10487670569614711 0.028516990076909839 0.016193395361017861 -0.090453572485554551 -0.10517241350461884 -0.067168014142916233 0.035169370926797172 0.0060623541089138786 0.039252658594850671 -0.10052698737223842 0.070410450619140877 0.0088622079503899217 0.02676097010725554 -0.059004576068710735 -0.033498900780502647 0.027314752855491314 -1.4753315838133842e-05 0.031984599374767629 -0.001088113278064009 -0.10330501858920059 0.0063000794118278653 0.019822764903943441 0.048178602838715862 0.024843307590698242 -0.10592968042334394 -0.10652190209808649 0.017546166983858021 -0.098732344538992683 -0.01544199749634179 -0.0085553968513303411 -0.067763548966374695 0.051282291234540339 0.020918413028684274 -0.10662823960299067 -0.10354015205073093 -0.031550739604923127
leaf_weight=7.3496321074198923 4.2497245424892744 782.51685202214867 185.8684352831915 14.440509113483129 216.2470450012479 158.22306784219109 24.752079458441585 10.759856607299296 134.09841267857701 102.98524960502982 175.50026909285225 1136.2475302716484 2.7516148872673503 10.088776320684699 248.02675885008648 241.39533400232904 774.13428693078458 687.21903689857572 2.7630189266055813 25.325838792603466 22.610935836331919 44.795942065771669 143.93387919012457 31.322461064672098 11.654376477934418 60.871183674549684 4.804764083120971 17.106966742314398 6.8981619803234926 25.626713161822408 5.5493820225819936 10.825554908718912 107.54028809349984 668.73735189880244 95.730450940318406 3.7105136564932755 12.875499515794216 667.42164241150022 20.240288066677749 43.663489820202813 25.716175520094112 61.831631727982312 104.90122626838274 5.3829766400158388 194.19974813843146 2.4352915724739423 34.816813248209655 483.22463895613328 94.410228978376836 246.41532798809931 4.2439211416058242 3.4746668543666592 8.1648522093892115 10.784452553605659 157.61186700279359 207.737840852933 676.79474766214844 123.47818397311494 412.8199490099214 3.5586274983361355 3.023040414787828 203.70206341566518
leaf_count=1583 886 2592 51199 4194 1279 1943 2512 3897 8101 12648 3385 61372 105 192 52724 54115 240089 6001 108 1715 781 951 16715 1763 164 2566 456 1368 92 1352 556 373 904 15442 1269 205 148 37427 387 8041 7027 1506 10170 29 20859 175 4964 6112 843 3966 71 240 323 1003 17004 49761 233832 808 3858 116 77 34071
internal_value=0.000407471 0.0133773 -0.0371515 -0.0475652 0.0224528 -0.0037018 -0.0528674 0.0164255 -0.0233929 -0.00575215 0.00250993 0.000158482 0.0213834 -0.031332 -0.0354516 -0.0438376 -0.0491544 0.0362404 0.00686398 -0.0488165 0.00231866 -0.00245627 -0.0115672 0.020791 0.00329978 -0.0155697 0.00863479 -0.00356953 -0.0370268 -0.0678349 -0.0140966 0.0163928 0.0115213 0.0082669 0.00932661 0.0307539 0.00678883 0.00568629 -0.0223672 -0.0403428 -0.00178845 0.00365407 -0.00860467 0.0439266 -0.0131853 0.0357161 -0.0223755 0.0238545 0.0439059 0.0233974 -0.0288135 -1.69048e-05 -0.0129165 -0.0486304 -0.0184939 -0.018454 -0.0669371 0.0310433 0.0262956 0.043363 0.0475824 -0.0260256
internal_weight=10019.6 7447.75 2571.84 1931.32 4863.41 2584.34 1750.14 3384.05 619.748 640.525 1964.59 1789.09 2228.49 485.649 450.077 1066 824.603 1479.36 1155.55 276.827 906.376 1630.87 537.54 35.5722 895.616 139.761 65.6759 1586.07 74.0851 32.5249 173.25 1469.37 888.979 781.439 770.614 101.876 755.855 742.98 75.5582 55.3179 50.4683 181.173 119.342 792.144 449.826 98.1657 255.626 580.386 97.1618 249.178 9.6269 28.8005 41.5602 18.9493 163.161 393.606 684.144 759.127 542.88 130.06 126.501 238.519
internal_count=998415 313064 685351 555028 100970 212094 539158 92277 83181 130323 128913 125528 31566 75080 72431 303743 249628 8693 60711 54679 56637 123585 117675 2649 52740 6573 3022 122634 3551 1444 17752 25428 18368 17464 17091 1649 46167 46019 8592 8205 9539 15870 14364 2692 61262 1444 40403 7060 948 4074 100 1955 2107 1326 17560 100960 235415 6138 4859 1001 885 39035
is_linear=0
shrinkage=0.05


Tree=8
num_leaves=63
num_cat=0
split_feature=20 17 10 8 20 20 2 20 17 1 14 2 14 10 20 10 14 6 20 6 12 14 1 14 2 1 8 8 2 17 10 14 2 15 14 1 14 10 14 14 6 2 15 15 2 8 6 20 4 6 17 6 2 2 14 4 14 15 20 15 14 14
split_gain=1534.73 472.957 434.021 310.13 127.416 91.3263 90.2127 82.9146 112.163 75.052 61.4042 44.8079 48.6996 40.0281 41.7433 39.8675 34.8491 36.1549 33.123 30.9603 33.5793 30.3116 37.4698 28.1384 26.1263 31.98 26.0713 25.8061 25.7507 25.6792 25.3661 24.6879 28.2711 24.3703 34.4367 30.9257 24.0533 24.0474 33.1889 30.4692 22.4155 22.3682 25.7263 21.8922 21.6081 20.5645 20.3758 19.7944 19.6276 19.5769 19.5553 18.737 24.1181 23.9764 20.5998 28.8962 20.978 22.1364 21.5058 18.5989 18.5983 18.4114
threshold=0.53675690293312084 4.5574157238006601 18.500000000000004 18.500000000000004 0.46786168217659002 0.30879966914653784 3.5000000000000004 0.63661068677902233 3.8193956613540654 0.012579114176332952 73.500000000000014 8.5000000000000018 44.500000000000007 13.500000000000002 0.32513298094272619 60.000000000000007 36.500000000000007 5.5000000000000009 0.36129909753799444 14.500000000000002 13.500000000000002 62.500000000000007 0.016261236742138866 42.500000000000007 18.500000000000004 0.0078432578593492525 7.5000000000000009 1.5000000000000002 2.5000000000000004 6.9163191318511972 1.5000000000000002 69.500000000000014 18.500000000000004 6.5000000000000009 47.500000000000007 0.01197647722437978 75.500000000000014 1.0000000180025095e-35 46.500000000000007 8.5000000000000018 3.5000000000000004 28.500000000000004 1.5000000000000002 2.5000000000000004 43.500000000000007 3.5000000000000004 17.500000000000004 0.51935890316963207 5.5000000000000009 2.5000000000000004 6.105419635772706 8.5000000000000018 4.5000000000000009 15.500000000000002 15.500000000000002 16.500000000000004 1.0000000180025095e-35 3.5000000000000004 0.66292759776115429 6.5000000000000009 57.500000000000007 69.500000000000014
decision_type=2 2 2 2 2 2 2 2 2 2 2 2 2 2 2 2 2 2 2 2 2 2 2 2 2 2 2 2 2 2 2 2 2 2 2 2 2 2 2 2 2 2 2 2 2 2 2 2 2 2 2 2 2 2 2 2 2 2 2 2 2 2
left_child=1 3 6 5 10 30 27 8 11 15 13 23 49 14 -5 -6 -7 -18 -12 -3 29 22 33 -4 25 -8 -24 -2 43 -21 -1 32 -11 34 35 -9 -25 38 39 -26 -10 -17 -43 -15 -28 -36 -14 -33 -40 -13 -42 52 -37 -54 56 -56 57 -53 -59 -23 -22 -27
right_child=2 19 7 4 9 16 24 21 40 31 18 12 46 28 -16 41 17 -19 -20 20 60 59 26 36 37 61 44 -29 -30 -31 -32 47 -34 -35 45 51 -38 -39 48 -41 50 42 -44 -45 -46 -47 -48 -49 -50 -51 -52 54 53 -55 55 -57 -58 58 -60 -61 -62 -63
leaf_value=0.018351508130972381 0.046592194573694727 0.030480410206447896 0.021613954890005907 -0.064043087865514353 0.015621445869147002 0.022864981040980469 -0.10239404579133965 -0.023814595979974724 -0.10566217319989982 0.020716070318525237 -0.070260370143523113 0.053831044689100715 0.028345747638066812 -0.10547883305321577 0.018604757407005176 -0.019431865754935967 0.015092093610270481 -0.028589309707100108 0.010061006982699461 -0.0922043680995943 -0.09148960341853718 0.024506794294239902 -0.11394210795332185 -0.037126559094343224 0.046313223629211336 0.023755851439267135 0.030371386114049242 0.031769694719567372 -0.061849961117270126 0.016287174123702126 -0.060239297477814507 0.05414682596073387 -0.0327043028084536 0.013334226546049852 -0.10682618980209156 0.056822226260550314 0.044597692677047808 0.009624503490968727 0.05582592410609153 -0.048835126105770087 0.067182445678625607 -0.019849674889454702 -0.049502702369678908 0.042348494131011029 -0.10432916393604222 0.011212983091076349 -0.0086950826986421665 -0.10654880114889308 -0.10955446027355278 -0.027877469690273354 0.020894048383385603 0.016954229322836994 -0.10356608791397136 0.025054973726933029 -0.10216938542437413 -0.0085682536135648028 0.040365256899620228 0.017214017556250676 -0.078215088657401788 -0.0078891873030901213 -0.016259496522124561 0.047978258195291029
leaf_weight=11.980629863450302 477.53700585546903 207.71797350072302 137.52091081649996 28.399798055877909 33.565513992332853 203.58805821742862 4.9092463841661802 216.68734897323884 3.2887182254344216 46.031688547576778 17.140163485659286 7.4271379453130058 40.02012977283448 3.292349944356828 33.066014602547511 106.72350924252532 93.965494348201901 95.532199645531364 51.10516713745892 5.5935852858237913 10.046233115717767 356.6694014405366 3.2789885848760596 44.332754482049495 15.058113102335481 1098.6310950249899 188.70605477131903 762.53669742913917 1117.5138253458426 218.85434096655808 71.788145817816257 28.507147763855759 53.612116385949776 384.95480444771238 3.7237436026334754 29.099706848850474 11.298023525625466 674.32829533936456 78.23375053377822 19.068979405099526 25.494397947564721 87.8407846710179 437.17252888553776 10.46602610638365 3.0249977298080912 405.1226626180578 513.63080297666602 2.0544582586735478 1.8361783958971489 564.91954177455045 217.27312123565935 47.165997572708875 5.5521313822828224 10.429306478239594 8.4892384032718819 287.2178043150343 44.887783580459654 9.6246835668571311 15.271407157648353 50.588068985845894 45.080890586134046 84.482292618602514
leaf_count=1524 1345 4954 4880 10622 2712 10820 560 29172 143 1585 6005 105 1868 794 3246 17076 2742 14593 5097 1322 2535 9880 63 3340 103 11856 1554 4772 369272 11620 24505 375 8337 20794 111 122 165 19029 519 482 480 16977 126940 922 337 20480 72686 177 57 114994 6870 1231 230 211 457 14041 873 423 1234 2602 4956 638
internal_value=0.000439354 -0.0292521 0.0135279 -0.0379293 -0.0463534 -0.0015993 0.0269062 0.00169173 -0.00699273 -0.0306841 -0.0562386 -0.0127734 -0.0165901 -0.0588779 -0.019582 -0.0374782 0.00850189 -0.00692918 -0.0101121 0.015859 0.00499561 0.00825681 0.0052632 0.00947604 0.0202738 0.0249571 0.0258554 0.0374777 -0.0610129 0.0135834 -0.0489992 0.00403148 -0.0080261 0.00252815 -0.00131193 -0.00825298 -0.0205292 0.0132178 0.0344358 -0.00685222 0.0239986 -0.0402995 -0.0445414 0.00697373 0.0282462 0.0101379 -0.00601762 0.0433443 0.0520334 -0.0268172 0.0257551 -0.000886307 0.0297198 -0.0196294 -0.00422991 -0.0112554 0.013534 -0.00317937 -0.0413228 0.0204827 -0.0299692 0.0254855
internal_weight=9872.96 3020.64 6852.32 2533.35 2056.49 476.855 3216.62 3635.7 1565.21 795.508 1260.98 1319.15 1126 1192.74 61.4658 665.302 393.086 189.498 68.2453 487.293 279.575 2070.49 1663.24 193.152 1976.55 1188.02 195.01 1240.07 1131.27 224.448 83.7688 130.205 99.6438 1468.23 1083.27 674.425 55.6308 788.525 114.197 34.1271 246.056 631.737 525.013 13.7584 191.731 408.846 553.651 30.5616 80.0699 572.347 242.768 457.738 45.0811 15.9814 412.657 295.707 116.95 72.0621 24.8961 407.257 55.1271 1183.11
internal_count=998415 649708 348707 624321 570137 54184 39361 309346 205531 174179 395958 198038 189653 384856 13868 163705 28155 17335 11102 25387 20433 103815 91333 8385 33244 13054 1954 6117 370988 12942 26029 10474 9922 89379 68585 47994 3505 20190 1161 585 7493 160993 143917 1716 1891 20591 74554 552 576 115099 7350 18822 563 441 18259 14498 3761 2888 1657 12482 7491 12494
is_linear=0
shrinkage=0.05


Tree=9
num_leaves=63
num_cat=0
split_feature=19 19 20 2 14 20 10 20 12 0 14 14 14 20 12 20 20 14 2 6 2 20 9 6 2 10 4 20 20 15 20 6 14 14 15 14 14 0 2 14 20 20 2 0 0 20 0 20 12 14 2 6 9 6 20 12 12 14 14 2 6 9
split_gain=1684.3 386.142 272.758 127.828 103.192 97.7583 65.3802 63.4524 62.8426 43.3959 49.7043 40.6935 38.3072 36.4114 39.0526 34.5827 34.352 30.8488 30.2329 29.7402 38.9268 25.2459 21.8301 24.3189 21.6498 21.3157 25.42 20.975 20.8595 19.965 19.8214 22.3046 20.8073 19.4567 21.0892 18.7924 18.7455 27.4674 23.7055 18.4673 17.976 17.797 20.1909 17.2417 36.5411 17.2271 16.8578 16.6003 42.3534 16.4019 19.6434 18.6869 18.6777 18.2612 15.9843 15.9589 15.801 19.8776 15.5272 15.2573 15.1948 27.1813
threshold=1.5000000000000002 2.5000000000000004 0.55047374963760387 7.5000000000000009 73.500000000000014 0.53675690293312084 2.5000000000000004 0.43359230458736425 12.500000000000002 4.5000000000000009 79.500000000000014 59.500000000000007 61.500000000000007 0.37795972824096685 6.5000000000000009 0.29121762514114385 0.63661068677902233 63.500000000000007 17.500000000000004 10.500000000000002 31.500000000000004 0.59184163808822643 0.014599318150430919 2.5000000000000004 2.5000000000000004 10.500000000000002 60.000000000000007 0.65149816870689403 0.21927915513515475 4.5000000000000009 0.47671638429164892 12.500000000000002 71.500000000000014 36.500000000000007 5.5000000000000009 53.500000000000007 21.500000000000004 33.500000000000007 3.5000000000000004 13.500000000000002 0.35822433233261114 0.44256828725337988 94.500000000000014 41.500000000000007 45.500000000000007 0.2706166952848435 1.0000000180025095e-35 0.1898051053285599 13.500000000000002 62.500000000000007 36.500000000000007 3.5000000000000004 0.014185110572725536 3.5000000000000004 0.5865238904953004 12.500000000000002 8.5000000000000018 42.500000000000007 69.500000000000014 44.500000000000007 4.5000000000000009 0.014389234129339458
decision_type=2 2 2 2 2 2 2 2 2 2 2 2 2 2 2 2 2 2 2 2 2 2 2 2 2 2 2 2 2 2 2 2 2 2 2 2 2 2 2 2 2 2 2 2 2 2 2 2 2 2 2 2 2 2 2 2 2 2 2 2 2 2
left_child=2 5 4 6 7 11 36 47 17 24 16 19 21 14 -5 -6 55 -9 -10 45 -21 -4 23 -15 -7 26 -22 -26 -16 -23 31 -13 -33 34 39 -20 -3 -38 -39 59 60 42 -34 -24 -45 -2 -25 -1 56 50 -48 -51 53 -52 -55 -11 -49 -58 -8 -18 -30 -62
right_child=1 3 12 13 15 9 58 8 18 10 -12 30 -14 22 28 -17 33 -19 35 20 25 29 43 46 27 -27 -28 -29 40 -31 -32 32 41 -35 -36 -37 37 38 -40 -41 -42 -43 -44 44 -46 -47 49 48 -50 51 52 -53 -54 54 -56 -57 57 -59 -60 -61 61 -63
leaf_value=-0.068715442743875532 -0.083070272424933755 0.051469473205002204 -0.029808787656740901 0.030879240949368548 -0.080390796321498093 0.027402361153774785 0.021166735671704812 0.036626269894051364 -0.00069475819783056331 0.019397295782955088 0.037374664336685091 0.026251355986854082 0.011427571078049599 0.028472014957330774 -0.06153272838646992 0.0061199183160905914 0.0130676434806352 -0.10211122949060969 -0.048079221172689167 -0.014771220600291048 -0.072015117680734472 -0.019692225344408076 0.024739036861868409 0.040060997693759849 0.023407312941683897 -0.053863785725800695 0.04792008384403082 -0.0049111693695617596 0.021353872249251581 0.007623666410101728 0.013649083020248877 -0.086832889063362034 0.030655854518527183 0.0077481422944230792 0.0083797572704486945 -0.028150572430990773 0.037052244196778154 -0.11756099580013835 0.024378959578894698 -0.035571100119051562 -0.077443353367017034 -0.1001909173679556 -0.086882902676716167 -0.10172814318160091 0.013264207492473205 0.029012477218798811 0.0095486936857932022 -0.036689776981797616 -0.057478863572429956 -0.10422815081365136 -0.10344620504836571 0.019415081462463481 -0.050066877041975148 0.011799026608613636 -0.011538720890473317 -0.015407428501530927 -0.075681119798729338 0.0299833138961592 0.044480696420808347 -0.044405486446511155 -0.084331088192593384 0.0099402731543207484
leaf_weight=231.95680655073375 3.9088759091682759 264.13196186814457 177.18690643575974 40.355671628378332 12.798690852127036 201.13173542474397 1172.7368097305298 37.451867851195857 43.448296618182212 34.929806340951473 74.570559127256274 16.398492037784308 194.6266798521392 175.23381676804274 30.872338834218681 118.59850111044943 49.302542980061844 4.486736881081014 537.96493964013644 139.09455133951269 7.1532238118816176 128.60265439166687 723.3860221732175 41.2278848788701 105.51292626559734 191.16467277868651 11.553850941359997 171.94860790856183 31.895392006961625 139.40338936308399 94.378037051996216 16.266862867865711 16.682816498447217 537.90310087194666 104.22592299268581 151.64009671320673 621.07447777106427 5.3627972062677127 6.515310341026634 88.723091612569988 9.3063537848647666 4.9634216479025772 4.6783130008261642 7.0700071910396209 302.43525149673223 27.882083764998242 628.77672699349932 42.34579393058084 621.01899675285676 3.089342411607503 4.4032736159861079 282.13840749929659 22.035167306428775 135.17975879856385 160.45943287271075 576.92797035363037 5.4397196113131967 24.484617837704718 76.048061487264931 15.07932921219617 12.667582616908481 19.28980537946336
leaf_count=92555 983 682 51199 702 4785 2094 11835 1457 7878 910 1113 1104 19018 2159 11345 13397 2520 517 178065 15123 3388 28656 8715 343 3090 43950 616 4991 2006 31450 4899 4151 562 31854 8144 37935 2450 106 136 9105 1466 542 1241 393 10146 1328 16858 6942 207426 172 312 6264 2027 7885 7793 68704 2193 1878 717 1682 3870 2588
internal_value=0.000477943 0.0125999 -0.0351803 0.0209278 -0.0449975 -0.00334458 0.0299837 -0.0482968 -0.0377427 0.00182233 -0.00240578 -0.0223073 -0.00707594 0.0135385 -0.0108712 -0.00230662 -0.004514 0.0217837 -0.0411483 -0.0310663 -0.035284 -0.0151652 0.0149566 0.0110051 0.014912 -0.0488791 0.00205918 0.00585777 -0.0270669 -0.00548386 -0.000561862 -0.023298 -0.0423754 0.00233871 -0.00896871 -0.043697 0.0402808 0.0356118 -0.0397049 -0.0207787 -0.0125227 -0.0149035 0.00491363 0.0205135 0.0106374 0.0152313 0.00860882 -0.0571369 -0.053263 0.00755977 0.00440525 0.0180759 -0.00563604 -0.00237303 -0.000867635 -0.0134205 -0.0170362 0.0107754 0.0225865 -0.000393541 -0.00306071 -0.0274279
internal_weight=9741.53 7270.07 2471.45 4775.69 1831.64 2494.38 2145.87 1700.24 774.992 1960.26 1481.66 534.125 639.82 2629.82 144.387 131.397 1407.09 41.9386 733.053 380.757 348.966 445.193 2485.44 1452.54 478.593 209.872 18.7071 277.462 104.031 268.006 153.368 58.9899 42.5914 795.234 257.331 689.605 897.085 632.953 11.8781 153.105 73.1591 26.3246 21.3611 1032.89 309.505 31.791 1277.31 925.246 693.289 1236.08 950.854 285.228 322.078 300.042 295.639 611.858 72.2701 29.9243 1248.78 64.3819 63.8528 31.9574
internal_count=998415 313064 685351 100970 555028 212094 15926 536846 225852 134207 124032 77887 130323 85044 21977 18182 122919 1974 223878 65388 63077 111305 63067 43813 10175 47954 4004 8081 21275 60106 12499 7600 6496 53305 21451 216000 3374 2692 242 13307 9930 2345 1803 19254 10539 2311 41654 310994 218439 41311 34875 6436 18017 15990 15678 69614 11013 4071 12552 4202 8464 6458
is_linear=0
shrinkage=0.05


Tree=10
num_leaves=63
num_cat=0
split_feature=19 0 20 10 6 14 14 14 20 0 20 0 8 20 12 12 2 6 8 2 20 14 20 2 12 14 12 20 14 14 15 10 14 10 20 14 15 6 20 2 2 10 8 10 20 20 15 0 14 20 20 10 14 20 12 10 0 20 14 5 20 20
split_gain=1421.19 311.595 237.021 128.483 109.314 86.7525 75.7878 58.7893 57.2649 51.7181 48.1141 45.9768 40.7098 42.7996 35.3303 33.0638 32.7868 28.8576 28.1525 27.8254 27.0144 26.8814 29.562 24.4443 24.5162 24.9749 23.2663 36.5606 34.5909 22.6035 22.5369 21.8218 21.8137 21.336 21.1819 21.1003 20.8826 47.7203 20.2991 19.4936 25.0115 22.2662 19.4213 19.1824 18.9297 23.6657 18.6545 18.2703 18.0403 17.8858 17.7231 17.7149 17.4756 20.6035 17.2808 17.0784 16.5774 16.5567 16.3878 16.259 27.8545 28.5773
threshold=1.5000000000000002 17.500000000000004 0.43359230458736425 18.500000000000004 15.500000000000002 49.500000000000007 48.500000000000007 74.500000000000014 0.47526651620864874 2.5000000000000004 0.59184163808822643 97.500000000000014 5.5000000000000009 0.53675690293312084 18.500000000000004 10.500000000000002 100.00000000000001 60.000000000000007 2.5000000000000004 6.5000000000000009 0.49956394731998449 87.500000000000014 0.6273905634880067 18.500000000000004 12.500000000000002 34.500000000000007 9.5000000000000018 0.2458775341510773 1.5000000000000002 63.500000000000007 4.5000000000000009 5.5000000000000009 54.500000000000007 1.0000000180025095e-35 0.50240677595138561 27.500000000000004 5.5000000000000009 5.5000000000000009 0.66292759776115429 100.00000000000001 24.500000000000004 5.5000000000000009 9.5000000000000018 60.000000000000007 0.38548177480697637 0.2458775341510773 1.5000000000000002 33.500000000000007 83.500000000000014 0.69081333279609691 0.71806034445762645 4.5000000000000009 62.500000000000007 0.53820747137069713 18.500000000000004 17.500000000000004 4.5000000000000009 0.29588502645492559 18.500000000000004 0.014599318150430919 0.61880189180374157 0.54891076683998119
decision_type=2 2 2 2 2 2 2 2 2 2 2 2 2 2 2 2 2 2 2 2 2 2 2 2 2 2 2 2 2 2 2 2 2 2 2 2 2 2 2 2 2 2 2 2 2 2 2 2 2 2 2 2 2 2 2 2 2 2 2 2 2 2
left_child=2 3 7 9 11 10 12 51 44 33 23 31 49 -14 57 -7 19 -17 -10 -5 42 22 56 58 25 -25 -13 -28 -29 35 -12 -3 -22 -2 -26 -11 -31 -38 -20 40 50 -42 -21 55 45 -8 -16 54 -46 -6 -15 -1 -37 -54 -45 59 -19 -9 -4 -33 61 -61
right_child=1 4 5 16 6 15 8 14 18 29 30 26 13 39 46 17 -18 21 38 20 32 -23 -24 24 34 -27 27 28 -30 36 -32 43 -34 -35 -36 52 37 -39 -40 -41 41 -43 -44 47 48 -47 -48 -49 -50 -51 -52 -53 53 -55 -56 -57 -58 -59 -60 60 -62 -63
leaf_value=0.037366154619142104 0.047584567776077703 0.026891321764589662 0.02787510363818714 0.015944735665660209 0.019864465680077121 0.029342054018366977 -0.074027716979653921 -0.083963762296266384 -0.10498752988947353 0.027582097408863245 -0.02752941963420932 0.018211329587506302 -0.037604713270884264 -0.010948528579518458 0.0043692471079440371 0.046921412534273864 0.054777814827715668 -0.10433623173164581 0.0017317615824701739 0.073620211167842495 -0.0021305811931199986 0.062038471228608297 0.0083520782929299483 0.05618286374293148 -0.050784086176287019 -0.061762625312027974 -0.065717890838977194 -0.082673856597685003 -1.1797273420181287e-05 0.044280907463782972 0.0076462521958234513 0.010022946310129194 0.014662364131042119 0.031590213890044426 -0.032195582410486527 0.014568531244062306 0.032125635370349043 -0.10369030966822823 0.018732188050683947 0.020359671211373363 0.052288185945376799 -0.025391171186190244 -0.074748474647272523 0.033143784721216867 -0.076678756726068747 0.0089583441766874251 -0.077757115165976137 0.03593059834619363 0.027994992899228965 -0.098821515089222225 0.021383660716007783 -0.056169638576047454 0.075919904632498147 -0.10666409945943463 -0.026030018338808691 -0.071193601804275405 -0.019044950109372318 0.049407407725305802 -0.035085697999051119 -0.10146173387670009 -0.072522511147360691 0.035672022382551481
leaf_weight=5.0910651816520831 286.41028396226466 383.11516676843166 23.399533476214856 648.71365314954892 82.619518635328859 59.285191251663491 12.043584548402576 2.5629735193215337 5.6213865359313777 431.50579136167653 82.385361236752942 102.22186302067712 265.49859624489909 159.94819822860882 12.169525603065269 21.45542304799892 38.554172867443413 5.7790779310744247 536.05641044524964 2.5314912535250214 564.89165692206006 11.916549138724802 116.04970200965181 12.966302542947234 295.04539960680995 6.8644186011515549 26.297060849145055 13.298790958244352 261.75079344934784 167.49259003205225 101.80349922575988 182.86692976998165 294.04292798321694 766.56961555127054 318.90217792941257 772.57360146834981 30.884642232675105 8.1807152046821994 261.12171016912907 39.294034861493856 9.4530624169856292 382.66442560194992 17.134782104054466 21.494240011554211 33.014368930249475 29.969218385289423 16.012319860397838 102.50782860582694 4.7026368305087081 3.3011493906378737 57.665624646935612 887.39941773389 2.0840703397989255 5.9744847202673554 28.963415236677974 7.9094820313621303 401.22776308865286 25.27082301536575 18.511434600921348 4.6836666772142079 17.567254322580993 20.113876652903855
leaf_count=596 723 4667 1861 11524 3827 2090 4921 1130 386 3660 21199 2345 52159 15928 1527 2001 688 714 37736 12 27811 272 13596 378 100961 581 10339 1664 17473 1162 23676 4318 7654 4242 102943 9337 252 282 10079 2673 234 54116 2275 328 7268 3763 6010 3043 150 216 2572 311977 6 178 1428 439 87294 1148 5512 268 668 313
internal_value=3.43556e-05 0.0113294 -0.0330168 0.0204462 -0.000716522 -0.0204817 -0.0081799 -0.0525175 0.0025003 0.0275455 -0.0307406 0.0112663 -0.0176013 -0.0206928 -0.00283012 -0.00615468 0.00924015 -0.00993671 0.00651411 0.00809064 0.00229158 -0.012217 -0.0139088 -0.0369157 -0.0393613 0.0153559 -0.00240143 -0.00939363 -0.00400855 0.0213144 -0.00808738 0.018437 0.00361822 0.0359407 -0.0411287 0.0187091 0.0366031 0.00368428 0.00730038 -0.0137746 -0.0159744 -0.0235185 -0.0556501 0.0100482 -0.0379147 -0.0148308 -0.0422932 0.023807 -0.0636278 0.0153044 -0.0023808 -0.0556361 0.0138045 -0.059445 -0.000822824 0.00102097 -0.020256 0.0371264 6.6279e-05 0.00355693 -0.0243535 0.00977071
internal_weight=9517.41 7093.31 2424.1 4037.54 3055.76 1475.59 1882.97 948.506 882.529 2471.68 859.878 1172.79 1000.44 914.524 56.0156 615.714 1565.87 556.429 802.8 1527.31 878.601 534.973 523.057 675.689 633.778 19.8307 403.569 301.347 275.05 1418.7 184.189 769.222 858.935 1052.98 613.948 1212.14 206.558 39.0654 797.178 649.025 609.731 392.117 19.6663 386.107 79.7298 42.0128 28.1818 152.965 37.717 85.9207 217.614 892.49 780.632 8.05856 50.4577 233.141 407.007 27.8338 41.911 225.232 42.3648 24.7975
internal_count=998593 313127 685466 69806 243321 363078 196028 322388 64303 19842 257111 47293 131725 127682 9815 105967 49964 103877 48201 49276 37752 101876 101604 212236 204863 959 31821 29476 19137 14877 44875 15472 35465 4965 203904 13181 1696 534 47815 75523 72850 54350 2287 10805 16102 8684 7537 4799 7418 4043 18500 312573 9521 184 1756 6006 88008 2278 7373 5567 1249 581
is_linear=0
shrinkage=0.05


end of trees

feature_importances:
popularity=132
biencoder_cosine=101
rank_biencoder_top100=77
rank_biencoder_large_top100=66
pmi_sum=50
rank_cf_bpr=43
rank_metadata_qwen3=42
turn_number=31
rank_decay_descending=28
rank_pmi_leg=26
n_legs_containing=23
score_biencoder_large_top100=16
rank_bm25_norepeat=14
n_prior_accepts=9
score_cf_bpr=8
score_decay_descending=6
score_bm25_norepeat=4
score_metadata_qwen3=3
score_biencoder_top100=2
score_pmi_leg=1

parameters:
[boosting: gbdt]
[objective: lambdarank]
[metric: ndcg]
[tree_learner: serial]
[device_type: cpu]
[data_sample_strategy: bagging]
[data: ]
[valid: ]
[num_iterations: 500]
[learning_rate: 0.05]
[num_leaves: 63]
[num_threads: -1]
[seed: 0]
[deterministic: 0]
[force_col_wise: 0]
[force_row_wise: 0]
[histogram_pool_size: -1]
[max_depth: -1]
[min_data_in_leaf: 10]
[min_sum_hessian_in_leaf: 0.001]
[bagging_fraction: 0.8]
[pos_bagging_fraction: 1]
[neg_bagging_fraction: 1]
[bagging_freq: 5]
[bagging_seed: 3]
[bagging_by_query: 0]
[feature_fraction: 0.8]
[feature_fraction_bynode: 1]
[feature_fraction_seed: 2]
[extra_trees: 0]
[extra_seed: 6]
[early_stopping_round: 0]
[early_stopping_min_delta: 0]
[first_metric_only: 0]
[max_delta_step: 0]
[lambda_l1: 0]
[lambda_l2: 0]
[linear_lambda: 0]
[min_gain_to_split: 0]
[drop_rate: 0.1]
[max_drop: 50]
[skip_drop: 0.5]
[xgboost_dart_mode: 0]
[uniform_drop: 0]
[drop_seed: 4]
[top_rate: 0.2]
[other_rate: 0.1]
[min_data_per_group: 100]
[max_cat_threshold: 32]
[cat_l2: 10]
[cat_smooth: 10]
[max_cat_to_onehot: 4]
[top_k: 20]
[monotone_constraints: ]
[monotone_constraints_method: basic]
[monotone_penalty: 0]
[feature_contri: ]
[forcedsplits_filename: ]
[refit_decay_rate: 0.9]
[cegb_tradeoff: 1]
[cegb_penalty_split: 0]
[cegb_penalty_feature_lazy: ]
[cegb_penalty_feature_coupled: ]
[path_smooth: 0]
[interaction_constraints: ]
[verbosity: -1]
[saved_feature_importance_type: 0]
[use_quantized_grad: 0]
[num_grad_quant_bins: 4]
[quant_train_renew_leaf: 0]
[stochastic_rounding: 1]
[linear_tree: 0]
[max_bin: 255]
[max_bin_by_feature: ]
[min_data_in_bin: 3]
[bin_construct_sample_cnt: 200000]
[data_random_seed: 1]
[is_enable_sparse: 1]
[enable_bundle: 1]
[use_missing: 1]
[zero_as_missing: 0]
[feature_pre_filter: 1]
[pre_partition: 0]
[two_round: 0]
[header: 0]
[label_column: ]
[weight_column: ]
[group_column: ]
[ignore_column: ]
[categorical_feature: ]
[forcedbins_filename: ]
[precise_float_parser: 0]
[parser_config_file: ]
[objective_seed: 5]
[num_class: 1]
[is_unbalance: 0]
[scale_pos_weight: 1]
[sigmoid: 1]
[boost_from_average: 1]
[reg_sqrt: 0]
[alpha: 0.9]
[fair_c: 1]
[poisson_max_delta_step: 0.7]
[tweedie_variance_power: 1.5]
[lambdarank_truncation_level: 20]
[lambdarank_norm: 1]
[label_gain: ]
[lambdarank_position_bias_regularization: 0]
[eval_at: ]
[multi_error_top_k: 1]
[auc_mu_weights: ]
[num_machines: 1]
[local_listen_port: 12400]
[time_out: 120]
[machine_list_filename: ]
[machines: ]
[gpu_platform_id: -1]
[gpu_device_id: -1]
[gpu_use_dp: 0]
[num_gpu: 1]

end of parameters

pandas_categorical:null
