tree
version=v4
num_class=1
num_tree_per_iteration=1
label_index=0
max_feature_idx=34
objective=lambdarank
feature_names=rank_biencoder_current_only_top100 score_biencoder_current_only_top100 rank_biencoder_large_top100 score_biencoder_large_top100 rank_biencoder_last2turns_top100 score_biencoder_last2turns_top100 rank_biencoder_mxbai_top100 score_biencoder_mxbai_top100 rank_biencoder_nv_embed_top100 score_biencoder_nv_embed_top100 rank_biencoder_personalized_top100 score_biencoder_personalized_top100 rank_biencoder_stella_top100 score_biencoder_stella_top100 rank_biencoder_top100 score_biencoder_top100 rank_bm25_norepeat score_bm25_norepeat rank_cf_bpr score_cf_bpr rank_decay_descending score_decay_descending rank_e5_large_top100 score_e5_large_top100 rank_metadata_qwen3 score_metadata_qwen3 rank_pmi_leg score_pmi_leg popularity turn_number n_prior_accepts pmi_sum is_in_all_legs n_legs_containing biencoder_cosine
feature_infos=[0:101] [0:0.016393441706895828] [0:101] [0:0.016393441706895828] [0:101] [0:0.016393441706895828] [0:101] [0:0.016393441706895828] [0:101] [0:0.016393441706895828] [0:101] [0:0.016393441706895828] [0:101] [0:0.016393441706895828] [0:101] [0:0.016393441706895828] [0:101] [0:0.016393441706895828] [0:101] [0:0.016393441706895828] [0:101] [0:0.016393441706895828] [0:101] [0:0.016393441706895828] [0:101] [0:0.016393441706895828] [0:101] [0:0.016393441706895828] [0:93] [1:8] [0:7] [0:70.463592529296875] [0:1] [1:14] [-0.069004900753498077:0.93149352073669434]
tree_sizes=7039 7006 6974 7035 7044 7020

Tree=0
num_leaves=63
num_cat=0
split_feature=8 4 12 28 18 8 18 28 4 12 8 33 34 8 28 34 27 34 20 24 4 27 20 12 4 24 12 15 34 28 27 28 27 8 24 27 12 28 34 27 8 12 2 8 34 22 22 28 4 0 27 2 8 27 11 12 29 27 28 29 24 12
split_gain=4620.75 674.049 446.242 286.099 229.475 155.66 125.971 114.549 109.529 98.8337 80.3209 78.9735 69.2471 62.5739 57.7281 51.6583 81.1231 42.8016 40.0264 32.2168 31.8872 28.2769 27.2779 26.9634 26.911 26.8903 26.8611 25.7863 25.0049 24.2358 23.7882 22.8945 23.4489 22.4778 22.0865 22.3659 21.718 21.0115 20.839 19.484 19.3604 19.1345 31.342 18.57 17.0905 17.0157 16.6238 16.6355 16.1539 16.5587 15.9845 15.5191 15.4726 15.4179 14.955 14.8157 14.6375 13.8907 13.8673 13.2359 13.0268 12.9505
threshold=58.500000000000007 37.500000000000007 20.500000000000004 62.500000000000007 17.500000000000004 93.500000000000014 60.000000000000007 52.500000000000007 16.500000000000004 25.500000000000004 22.500000000000004 1.5000000000000002 0.34942694008350378 14.500000000000002 55.500000000000007 0.44172987341880804 0.013245614245533945 0.34420293569564825 18.500000000000004 8.5000000000000018 3.5000000000000004 0.012739370577037336 15.500000000000002 29.500000000000004 39.500000000000007 8.5000000000000018 87.500000000000014 0.016001024283468727 0.65514189004898082 61.500000000000007 0.012903762981295587 73.500000000000014 0.012579114176332952 95.500000000000014 1.5000000000000002 0.015504807699471714 81.500000000000014 7.5000000000000009 0.54323428869247448 0.013986697886139156 17.500000000000004 29.500000000000004 70.500000000000014 100.00000000000001 0.42252492904663091 69.500000000000014 26.500000000000004 48.500000000000007 60.500000000000007 6.5000000000000009 0.014815627597272398 12.500000000000002 82.500000000000014 0.013606071937829258 0.013986697886139156 54.500000000000007 6.5000000000000009 0.012903762981295587 73.500000000000014 1.5000000000000002 17.500000000000004 100.00000000000001
decision_type=2 2 2 2 2 2 2 2 2 2 2 2 2 2 2 2 2 2 2 2 2 2 2 2 2 2 2 2 2 2 2 2 2 2 2 2 2 2 2 2 2 2 2 2 2 2 2 2 2 2 2 2 2 2 2 2 2 2 2 2 2 2
left_child=2 8 13 4 12 23 -4 10 20 28 44 17 50 51 22 34 18 48 -17 -15 -2 43 -10 -6 -12 59 56 38 -7 41 52 33 36 -19 -11 -36 -33 -26 60 46 -9 -22 45 -13 -8 54 -39 -48 -5 -50 -3 -1 -25 -27 -43 -45 -24 58 -42 -14 -20 -40
right_child=1 3 6 11 5 9 7 40 14 15 24 21 25 19 -16 16 -18 31 27 -21 29 -23 26 30 37 53 -28 -29 -30 -31 -32 32 -34 -35 35 -37 -38 39 61 -41 57 42 -44 55 -46 -47 47 -49 49 -51 -52 -53 -54 -55 -56 -57 -58 -59 -60 -61 -62 -63
leaf_value=0.090515449136897047 0.07619868210601613 -0.08714546057729318 0.069454890886765736 0.095753588703333142 0.021009010703848689 -0.026213015380968437 -0.057179313827139415 0.067114131913915992 0.046809284010238705 0.066575383790314899 0.021206152021210692 0.036563117591953853 -0.02549376459441078 0.082992593254966593 0.0354488202847211 -0.012148834975597003 0.042206393567644905 0.019981763916293631 -0.011499795211839895 0.046624482090563989 0.049662467859828488 0.063968126209527326 -0.032329298111534156 -0.046967252789043977 0.011105913189741088 -0.0089182215825735264 -0.066242248827303438 0.060449135505821108 0.048825458285518236 0.073716528950582269 0.063573984012126203 0.056083164989235802 0.067795405495561692 -0.046684571729459147 -0.093837606029378406 0.013424053822478672 -0.035244719004117644 0.027901248298084609 -0.053811926215464156 0.076880035338344005 0.026452073415978668 0.013701182955955682 0.047366055343676744 0.033242565202969671 0.03631753551712151 -0.088293536929408389 -0.037334896289276075 0.007591569671470861 0.094906507213529612 -0.10000000000000003 0.095031705986889842 0.074839621084279342 -0.022001967523358118 0.070772705123998178 -0.10000000000000001 -0.017113193647895954 0.025613053405352072 0.077701127545662399 0.066657707268910918 0.063185626776585166 -0.080540660421909396 -0.070097942764174456
leaf_weight=583.80690801808669 69.87252321431879 19.554474721153387 182.9878956223256 1.1833578087389494 22.720995897223474 36.641305914119584 5.0142213596845968 100.84168616484385 10.5495213358663 2.2064310867572194 66.344661492388695 37.57544374052668 4.7159809780423521 90.937289117573528 51.635966082918458 29.195390341163147 16.347267158969771 15.249771713497465 6.9293396569555616 184.32739662502718 31.331734817300458 26.97724161115184 31.409533782454673 170.18552599688701 58.768372549762717 48.150271207065089 44.118173274364381 3.6939607213716945 15.927870067534966 27.13844993110979 5.9072101154597467 8.6185973689425719 12.095326406866659 73.991995768315974 312.13401102156786 4.9368766948464318 26.601573113541235 13.171880734415025 164.48060169442033 4.7184925910551092 117.5647127795819 16.005661284347305 20.312676114612259 18.861972660262836 193.64940031114384 9.545104127188095 136.06026849127375 24.282151386083569 1.1326835611835182 28.728268496852248 1.2830760793294747 216.41506591942743 97.686258173009264 6.9448476332472628 3.5297715249180319 64.753772281386773 16.692195639334386 20.584998466219986 26.231966623774497 39.043692214647308 487.67668148975645 473.37596646789461
leaf_count=17963 8216 14922 13778 66 6294 28170 5121 14315 1577 459 15150 8973 2176 3986 12913 14686 5604 6928 3011 26906 6622 3891 14060 91541 22335 20319 38404 1191 3263 3961 723 2291 2442 48221 257082 9328 17717 3525 89356 368 34648 5436 6248 5734 45699 9417 68885 7977 18 14424 100 14053 43656 932 2868 39101 4553 1821 5719 6475 410284 317866
internal_value=0.000444711 -0.0434329 0.057144 -0.0531052 -0.0601882 -0.0645291 0.0321775 0.0232867 0.0231236 -0.0708651 0.00924398 -0.00892215 0.00690698 0.0792025 -0.00768203 -0.0732252 -0.0684037 -0.0324328 -0.0699553 0.0586392 0.0498855 0.017672 -0.0293529 -0.0313307 -0.00694124 0.0243677 -0.0380655 -0.0714408 -0.0034772 0.0328401 -0.0356744 -0.0203853 0.0077311 -0.0352925 -0.0910705 -0.0921675 -0.0128962 -0.0148206 -0.071871 -0.0233694 0.0498665 0.0190981 -0.000289925 0.00736648 0.0339577 -0.0335775 -0.0260955 -0.0305313 -0.0854268 -0.0926068 -0.0759279 0.086276 -0.037863 0.00112698 -0.00684298 -0.00575398 -0.0122222 0.0392858 0.0337865 0.0536286 -0.0795734 -0.0658984
internal_weight=4643.36 2617.65 2025.71 2285.51 1969.74 1850.05 950.221 767.233 332.141 1553.55 502.009 315.77 119.692 1075.49 154.405 1500.98 1181.7 167.602 1165.35 275.265 177.736 148.168 102.769 296.5 303.346 98.8548 92.2199 1136.16 52.5692 107.863 273.779 136.557 47.3155 89.2418 319.277 317.071 35.2202 237.001 1132.46 178.233 265.223 80.7249 49.3932 121.191 198.664 29.0805 173.514 160.342 31.0443 29.861 20.8376 800.222 267.872 55.0951 19.5354 83.6157 48.1017 164.382 143.797 43.7597 494.606 637.857
internal_count=1893768 1591519 302249 1477244 1327438 1282514 239341 225563 114275 1140300 169060 149806 44924 62908 71507 1108867 841998 92107 836394 30892 42768 57699 58594 142214 118240 29902 57017 821708 31433 34552 135920 77599 22450 55149 266869 266410 20008 103090 820517 80755 56503 30591 23969 53808 50820 17721 80387 76862 14508 14442 15022 32016 135197 21251 8304 44835 18613 42188 40367 8651 413295 407222
is_linear=0
shrinkage=0.05


Tree=1
num_leaves=63
num_cat=0
split_feature=8 24 31 20 12 28 12 8 8 4 33 28 31 20 8 8 29 28 18 28 12 10 7 18 4 7 12 29 8 22 4 4 33 4 8 0 28 0 7 18 22 12 7 12 4 1 0 28 8 7 14 31 29 28 10 7 29 13 16 7 4 10
split_gain=3790.69 909.927 553.708 466.623 360.935 302.278 275.791 163.281 126.567 133.429 239.091 112.138 147.307 102.268 89.7362 84.7203 78.9887 71.3538 71.2603 69.8768 76.333 72.2997 68.961 62.868 60.8931 62.7793 60.4616 60.0401 58.9976 58.7771 58.3639 54.965 51.167 50.9889 48.5771 56.1746 55.3829 48.2154 64.1609 56.7717 49.9485 81.8239 53.8802 59.6591 67.132 46.324 43.3003 40.8654 69.2838 40.2434 38.2318 38.1756 39.7111 42.4204 38.0183 37.6376 47.0689 39.197 36.4922 36.3701 54.1894 36.1553
threshold=65.500000000000014 15.500000000000002 4.4691195487976083 18.500000000000004 71.500000000000014 53.500000000000007 2.5000000000000004 2.5000000000000004 100.00000000000001 43.500000000000007 1.5000000000000002 70.500000000000014 12.306680202484133 60.000000000000007 3.5000000000000004 34.500000000000007 1.5000000000000002 66.500000000000014 4.5000000000000009 71.500000000000014 12.500000000000002 17.500000000000004 0.011173533275723459 3.5000000000000004 3.5000000000000004 0.013606071937829258 100.00000000000001 3.5000000000000004 93.500000000000014 14.500000000000002 6.5000000000000009 13.500000000000002 1.5000000000000002 96.500000000000014 14.500000000000002 3.5000000000000004 60.500000000000007 48.500000000000007 0.0080972984433174151 11.500000000000002 22.500000000000004 23.500000000000004 0.013423423748463394 3.5000000000000004 9.5000000000000018 0.012422839645296337 2.5000000000000004 24.500000000000004 37.500000000000007 0.012121656909585001 7.5000000000000009 9.3203139305114764 6.5000000000000009 42.500000000000007 1.5000000000000002 0.014389234129339458 6.5000000000000009 0.013986697886139156 15.500000000000002 0.0065147271379828462 8.5000000000000018 1.0000000180025095e-35
decision_type=2 2 2 2 2 2 2 2 2 2 2 2 2 2 2 2 2 2 2 2 2 2 2 2 2 2 2 2 2 2 2 2 2 2 2 2 2 2 2 2 2 2 2 2 2 2 2 2 2 2 2 2 2 2 2 2 2 2 2 2 2 2
left_child=1 6 3 18 19 8 14 24 -6 10 31 12 13 34 -1 23 17 -7 -2 20 29 -22 -21 -8 -3 -26 -20 -13 -18 -5 -12 -10 -23 -19 35 -9 58 38 -15 -40 42 -42 -41 44 45 -44 -28 -16 -49 -31 -27 52 -25 -54 -39 56 -45 -58 -37 60 -34 -57
right_child=2 7 -4 4 5 16 15 11 9 -11 30 27 -14 37 47 -17 28 33 26 22 21 32 -24 51 25 50 46 -29 -30 49 -32 -33 59 -35 -36 36 -38 54 39 40 41 -43 43 55 -46 -47 -48 48 -50 -51 -52 -53 53 -55 -56 61 57 -59 -60 -61 -62 -63
leaf_value=0.068232056311359549 0.037299628511776942 0.046029667083395218 0.020686421828773137 0.020930834204123706 -0.032272183340260448 -0.029928752458273779 0.044560541432777129 0.047386845203540293 0.043822032598913568 -0.069917416085720593 -0.084127978089540909 0.041091491751570633 0.037079444568599892 0.033650613689331456 0.062977947800130205 0.0043945168541406638 0.0033467632457618102 0.053855397384562159 0.020595050081048213 0.044901808178747088 -0.062334680438064498 -0.049687602838060022 -0.05986615771470466 0.026075641004968855 0.030651954340527261 0.016233425579788213 0.076448340776480744 0.0050703310569340382 -0.039515661131668219 -0.00073479152660438146 -0.038326945963891579 -0.053680112125668561 0.064839700436109371 -0.026683171981882404 0.037735555882409941 -0.082427384169456608 0.056525897793055613 -0.064335487820457296 0.036412917604275674 0.023089629223781934 -0.04957800627669022 0.00087787591635561733 -0.10346139154041922 -0.083660261012855716 -0.082202708000313179 0.033842049128313331 -0.029222555019742181 0.035239855475378411 -0.10279009028550622 -0.06067711229015324 -0.026089960400266444 0.043778014657834083 0.014492079917488174 -0.046571982364330126 -0.0093957482565743492 -0.1024436193623904 0.045309446208843793 -0.10183376029214408 -0.011169799967920975 -0.027700278899798675 -0.009469123362486502 -0.0062372919946363783
leaf_weight=818.94938688236289 154.68381781992503 284.11124257091433 443.62734303018078 155.19958225521259 364.93395791924559 82.106499597080983 754.19740708981408 58.142858136910945 86.299694223795086 1765.8209386985982 140.60527624329552 277.48374527436681 254.90406187903136 144.72319313487969 147.41838231519796 294.51608807535376 95.407453853171319 74.979072670452297 140.20602136652451 74.96826761146076 141.45418829412665 135.70065796002746 19.86971209384501 911.31417304114439 351.89549833012279 113.39650135720149 10.281196884345261 198.39004939346341 506.41757851373404 65.663295415579341 137.64972112642135 17.36233936122153 28.195659131510183 26.632393254199997 208.87136763066519 20.815076406113803 27.214283569483086 32.016354788676836 88.934011861914769 216.18014997045975 143.2639664132148 182.9787764956709 6.432433294132351 44.835630822693929 15.401525534689425 136.54008568497375 169.84685308381449 325.38157828245312 9.3525892393663508 48.817795820883475 100.78068454889581 255.49429508915637 103.48407578718616 39.219812491675839 1911.8345183320926 10.273985114181412 16.418431031517688 6.2484540231525889 131.31537160126027 253.57815948966891 188.9362043782603 197.40321687422693
leaf_count=2099 7527 1243 30859 4254 107967 21641 4928 252 1674 855619 5053 7588 3249 9092 527 6267 18895 2706 6843 5838 10224 64672 865 9764 8306 724 71 8526 178477 13400 51892 7735 214 8151 7258 444 207 895 1055 7234 5885 15118 123 1715 353 1053 45284 1844 206 2710 1069 2073 1352 896 220080 304 317 157 2082 51033 52298 3581
internal_value=0.000510013 0.0205897 -0.0327981 -0.0376547 -0.0427257 -0.0510323 0.0396769 0.00710797 -0.0594959 -0.0641216 -0.0373241 0.003175 0.000348037 -0.0022529 0.0581567 0.0294811 -0.0239606 0.00473577 0.00943085 -0.0180967 -0.0219225 -0.0301461 0.0229516 0.0330612 0.0271415 0.0176616 -0.00402651 0.0260744 -0.0327207 0.00088284 -0.0614707 0.0274914 -0.0226376 0.0327462 0.0201472 0.00467822 -0.00916775 -0.00542352 0.00241387 -0.00183125 -0.00531618 -0.021279 0.00269901 -0.00746823 0.0169803 0.0276647 -0.0231912 0.0410433 0.0313833 -0.0262958 -0.00368177 0.0264383 0.0222352 -0.00229037 -0.0103006 -0.0215391 -0.0539736 0.0047473 -0.0209195 -0.0148394 0.000180249 -0.0109967
internal_weight=14169.4 8840.13 5329.24 4885.62 4410.6 3298.21 3659.33 5180.81 2512.67 2147.74 381.917 4330.62 3854.75 3599.84 1301.1 2358.23 785.543 183.718 475.018 1112.38 1017.55 747.865 94.838 2063.71 850.184 566.073 320.334 475.874 601.825 269.681 278.255 103.662 606.411 101.611 446.359 237.488 179.345 3153.48 1209.63 1064.91 975.977 326.243 649.734 433.554 158.374 142.973 180.128 482.153 334.734 114.481 214.177 1309.51 1054.02 142.704 1943.85 275.18 67.5025 22.6669 152.13 470.71 217.132 207.677
internal_count=1893768 337866 1555902 1525043 1465318 1259810 29956 307910 1029940 921973 66354 296568 280454 277205 4676 25280 229870 32498 59725 205508 198805 178441 6703 19013 11342 10099 52198 16114 197372 20364 56945 9409 168217 10857 10243 2985 2733 266962 45987 36895 35840 21003 14837 7603 1529 1176 45355 2577 2050 16110 1793 14085 12012 2248 220975 6074 2189 474 2526 103545 52512 3885
is_linear=0
shrinkage=0.05


Tree=2
num_leaves=63
num_cat=0
split_feature=12 8 4 8 31 34 34 24 31 20 18 34 4 34 8 2 29 8 4 31 4 24 28 8 23 20 4 34 34 26 28 12 20 4 12 18 28 18 34 29 1 28 33 28 16 28 2 20 34 29 1 2 4 29 28 34 8 20 8 31 31 16
split_gain=4295.2 793.607 572.467 524.57 402.418 396.294 227.752 155.98 150.328 120.063 118.317 105.783 94.551 75.7324 89.9987 74.8294 89.0586 66.8294 66.7643 61.9759 59.2024 57.7217 56.2444 56.9659 54.7834 54.7192 51.3249 51.2345 50.4611 61.5853 48.0136 47.9171 44.7003 41.986 41.3048 40.8158 41.5605 37.7261 37.0283 36.18 34.5166 40.778 34.4109 35.4664 33.7963 33.279 33.0712 32.9115 31.4596 32.6257 39.2968 38.306 38.0045 30.6376 43.1428 34.7278 30.2421 29.8968 29.7442 29.6365 32.9914 33.1068
threshold=40.500000000000007 65.500000000000014 15.500000000000002 7.5000000000000009 4.4691195487976083 0.55208998918533336 0.64848697185516369 12.500000000000002 1.0000000180025095e-35 8.5000000000000018 17.500000000000004 0.42252492904663091 15.500000000000002 0.63446760177612316 97.500000000000014 100.00000000000001 2.5000000000000004 98.500000000000014 27.500000000000004 20.033553123474125 4.5000000000000009 1.0000000180025095e-35 75.500000000000014 25.500000000000004 0.014185110572725536 60.000000000000007 81.500000000000014 0.69233587384223949 0.6275136172771455 11.500000000000002 38.500000000000007 4.5000000000000009 16.500000000000004 100.00000000000001 1.5000000000000002 8.5000000000000018 52.500000000000007 1.0000000180025095e-35 0.41582469642162329 7.5000000000000009 0.0081634009256958979 23.500000000000004 4.5000000000000009 32.500000000000007 17.500000000000004 62.500000000000007 27.500000000000004 16.500000000000004 0.57435846328735363 3.5000000000000004 0.0064309346489608296 83.500000000000014 30.500000000000004 6.5000000000000009 25.500000000000004 0.51353424787521373 50.500000000000007 18.500000000000004 3.5000000000000004 21.847002029418949 6.3538370132446298 3.5000000000000004
decision_type=2 2 2 2 2 2 2 2 2 2 2 2 2 2 2 2 2 2 2 2 2 2 2 2 2 2 2 2 2 2 2 2 2 2 2 2 2 2 2 2 2 2 2 2 2 2 2 2 2 2 2 2 2 2 2 2 2 2 2 2 2 2
left_child=3 8 15 7 5 9 12 24 11 39 37 26 -5 14 -12 27 -17 -11 -9 21 56 40 23 -23 -1 28 -2 32 53 -30 31 -27 -3 45 -25 38 -37 -7 -19 -4 41 -8 43 47 -40 46 -15 -18 -20 -50 -51 52 -52 -14 -55 -56 -13 -16 -28 60 -10 -62
right_child=1 2 4 6 -6 10 19 18 59 17 13 20 25 33 57 16 42 35 48 -21 -22 22 -24 34 -26 30 58 -29 29 -31 -32 -33 -34 -35 -36 36 -38 -39 44 -41 -42 -43 -44 -45 -46 -47 -48 -49 49 50 51 -53 -54 54 55 -57 -58 -59 -60 -61 61 -63
leaf_value=0.036345118981481073 0.070786168707315147 0.02953428578549739 -0.0048488230546758597 0.026316221604192225 0.0007453670727748373 -0.078542835699823801 0.064607731982644995 0.03733344343331562 0.055671304499367628 -0.045662216140721051 -0.0077730309189799522 0.048581135591734881 0.034608732768281039 0.0029859562573670735 0.010866975556585855 0.059595562487794108 0.092380296713235457 -0.077879047553517863 0.035989893576531096 0.047628041185558273 -0.008072590939715605 0.023398349371424324 0.051839744093087829 0.036045097436808227 0.057197994458106222 0.018681402584079864 0.03329146278239254 0.026756228447573957 0.06451933798269377 -0.10360081257124394 -0.0076053536253625521 -0.044071018022210071 -0.052762481363558517 0.0071228596673066844 0.0026538076388628131 -0.075351219654226073 -0.056206509313663756 0.021983327012207652 -0.10004862156316247 -0.085469975282267713 0.058613184882118322 -0.041150269018419353 0.050112791900037791 0.0027997734177427646 0.047886721232179436 0.00515299905773196 -0.054041706853598576 -0.10367386626188704 0.02530515000931018 0.0074014089189189019 0.014138719178620935 0.03438863570138613 -0.091672151030613547 0.045308336352931244 0.052130044472153525 -0.10340901198998248 -0.10207006014764874 -0.05089438588567749 -0.063864382992502161 0.052817894937571656 0.052615681152750608 0.001754973274716993
leaf_weight=403.04628633148968 8.2090079077752289 21.862885213224217 105.38061237987131 194.42394767841324 420.7213866468519 10.083471993450074 16.072023788932711 986.22599237551913 48.090609418926761 322.90557132894173 157.9463283267105 61.635415419237688 119.24909564119298 32.781104104826227 20.128047651844099 149.34851135616191 2.4353143339976695 16.933239828096703 107.2387781215366 234.57081364444457 1808.7601225571707 1263.9600949386368 119.85589557536878 105.51022549264599 1441.1503416937776 35.074040056904778 8.3909645562525821 61.485941951628774 7.7976884178351638 18.071576228365302 355.31047042267164 229.29322689725086 67.266477649449371 135.7060950002633 757.69010911392979 1411.0882029409986 354.74729533772916 125.41132621071301 4.8184457351453629 16.033124902518466 146.28693616064265 21.055474138818681 19.656983757857233 36.320390343898907 19.423222395125777 52.569147262373008 113.25254287174903 17.688593185506761 111.3086862321943 115.25530922412872 11.372090488672255 12.428113979054613 33.440956173464656 15.052615737775339 4.6926590325310853 15.254787567071615 3.521578283281996 738.99722722475417 128.80708175193286 78.089496968081221 38.334463527426124 193.50041176215746
leaf_count=2710 155 466 14636 6589 26840 477 72 9505 1020 91373 35313 1337 2214 8793 4530 1384 14 6682 1771 1843 190359 25781 1677 1946 5166 2909 655 4429 74 850 44816 48415 16242 50934 45988 656340 133545 9933 1165 2209 624 379 273 2648 2498 7842 46859 1795 1726 2444 159 204 1188 198 84 721 267 326568 29422 612 230 5870
internal_value=0.000554978 -0.0275886 -0.0400833 0.028419 -0.0455512 -0.050905 0.0154655 0.0431327 -0.00427953 -0.0638569 -0.02988 -0.00957363 -0.00495728 -0.0346855 -0.0421121 0.0189331 0.037163 -0.0666137 0.0304015 0.0230845 -0.00638583 0.0207157 0.0185142 0.0166365 0.0526406 -0.0125596 -0.0506561 -0.00835446 0.0116983 -0.0529249 -0.0196105 -0.0357456 -0.0325756 -0.014313 0.00673527 -0.0703577 -0.0715051 0.0145022 -0.0211466 -0.0154951 0.0476859 0.00463103 -0.00686079 -0.0267021 0.018482 -0.0289603 -0.0412403 -0.0799482 0.0129188 0.00420113 -0.00941689 -0.0432806 -0.0648208 0.0225364 -0.0185955 -0.0668183 0.0404388 -0.0492568 -0.0579224 0.025581 0.0179828 0.0101649
internal_weight=13693 6812.33 4434.99 6880.69 4058.93 3638.21 3659.22 3221.47 2377.34 2251.33 1386.88 2019.32 994.22 1251.38 917.072 376.065 225.45 2129.92 1377.27 2665 1873.92 2430.43 2247.02 2127.16 1844.2 799.796 145.407 150.615 180.118 25.8693 619.678 264.367 89.1294 334.309 863.2 1807.01 1765.84 135.495 41.1749 121.414 183.414 37.1275 76.1013 56.4443 24.2417 198.603 146.034 20.1239 391.044 283.805 172.496 57.2412 44.813 154.249 35.0001 19.9474 65.157 759.125 137.198 358.015 279.925 231.835
internal_count=1893768 1683715 1453788 210053 1426537 1399697 185180 24873 229927 908448 491249 222195 106870 480839 366411 27251 6114 891603 16997 78310 191963 76467 75392 73715 7876 100281 30232 21137 4141 924 96140 51324 16708 114428 47934 800230 789885 10410 10345 16845 1075 451 4730 4457 3663 63494 55652 1809 7492 5721 3995 1551 1347 3217 1003 805 1604 331098 30077 7732 7120 6100
is_linear=0
shrinkage=0.05


Tree=3
num_leaves=63
num_cat=0
split_feature=8 34 14 4 19 8 26 2 28 12 4 34 34 12 28 34 24 12 4 24 6 0 12 34 21 33 29 4 2 12 34 29 34 4 29 26 4 12 10 8 28 21 28 21 8 2 4 10 34 33 34 33 26 21 19 26 34 34 28 21 10 6
split_gain=3948.09 827.238 619.37 452.245 330.567 200.414 161.395 150.533 146.276 144.032 111.4 95.0504 93.5512 79.0027 106.449 61.7243 58.1216 57.0933 55.8289 53.8801 51.4427 77.6022 56.489 50.386 47.3361 44.8755 40.5167 47.0974 38.178 37.2997 41.5662 36.4878 35.9694 35.1018 47.6317 34.8654 34.6815 34.2043 34.0095 34.6077 33.1318 43.4162 32.6391 32.6354 31.7383 31.2094 31.0039 38.7631 30.9081 37.6301 30.5252 30.4146 30.3841 29.4004 28.6785 28.5075 87.5191 28.4891 28.3356 28.8213 27.9105 27.3711
threshold=45.500000000000007 0.60655862092971813 14.500000000000002 15.500000000000002 1.0000000180025095e-35 96.500000000000014 17.500000000000004 38.500000000000007 64.500000000000014 4.5000000000000009 16.500000000000004 0.51970726251602184 0.30267430841922766 18.500000000000004 48.500000000000007 0.54127910733222973 2.5000000000000004 71.500000000000014 1.0000000180025095e-35 14.500000000000002 29.500000000000004 26.500000000000004 20.500000000000004 0.42252492904663091 0.015038444194942715 9.5000000000000018 5.5000000000000009 18.500000000000004 11.500000000000002 21.500000000000004 0.53153505921363842 1.5000000000000002 0.75663304328918468 3.5000000000000004 2.5000000000000004 17.500000000000004 42.500000000000007 34.500000000000007 95.500000000000014 7.5000000000000009 34.500000000000007 1.0000000180025095e-35 72.500000000000014 0.015038444194942715 15.500000000000002 96.500000000000014 6.5000000000000009 34.500000000000007 0.58220982551574718 5.5000000000000009 0.31942756474018102 5.5000000000000009 6.5000000000000009 0.014815627597272398 0.015749008394777778 12.500000000000002 0.44529330730438238 0.45833921432495123 80.500000000000014 0.013072453904896976 29.500000000000004 13.500000000000002
decision_type=2 2 2 2 2 2 2 2 2 2 2 2 2 2 2 2 2 2 2 2 2 2 2 2 2 2 2 2 2 2 2 2 2 2 2 2 2 2 2 2 2 2 2 2 2 2 2 2 2 2 2 2 2 2 2 2 2 2 2 2 2 2
left_child=2 3 9 7 5 11 -4 -2 15 16 20 -5 -6 54 18 19 -1 58 -15 50 21 24 -23 -19 37 -11 27 28 -20 30 -10 -14 45 -9 -35 -29 -31 -8 39 -25 41 -40 -13 -28 -41 -16 -18 -48 49 -33 -7 -50 -47 -42 -3 56 -21 -49 59 61 -60 -12
right_child=1 13 6 4 12 8 10 33 29 25 17 42 31 14 32 -17 46 23 26 55 -22 22 -24 38 -26 -27 43 35 -30 36 -32 48 -34 34 -36 -37 -38 -39 40 44 53 -43 -44 -45 -46 52 47 57 51 -51 -52 -53 -54 -55 -56 -57 -58 -59 60 -61 -62 -63
leaf_value=0.059816962397334118 -0.079136477427574459 0.010666725786862489 0.035181798836352654 -0.046530770540520558 -0.081059186318499218 -0.085262367428629249 0.022933649742858605 0.054591685714977189 0.066459152504945607 0.014986212806085294 -0.038837102755503838 -0.017508220869474751 -0.05669896580021553 0.055753743196802132 -0.0081330905003222185 -0.050542368453186381 0.047190105855701638 -0.049855397194018561 -0.05603287915709592 -0.075789505457417777 0.049619103980300283 0.0025850331338202193 -0.068576802911695781 0.010823937246496641 0.055065805719131056 0.034049395323792211 -0.0050397449445520092 0.019180571712195515 0.021788756646104329 0.029239112971910227 -0.10119533310601372 0.0027735494523076919 0.032873019770695254 0.038999128585355827 -0.023992119156682246 -0.047568823147156207 -0.036513246975406331 -0.032542196040304699 -0.024488350398988314 -0.10067659845114799 0.0089391408130629225 0.040244567382132557 0.02732523587146557 -0.085811161528963106 -0.029199179179739063 -0.066735997188989413 0.032359673730934083 0.086574086900842187 0.0010314701327354368 0.043095150084585844 0.0093931299415881946 -0.10357107783069748 0.0185550043622663 -0.10410998059485005 0.046907995221316813 -0.071864635973219612 0.014898537445128562 -0.10466091788828343 -0.10339227671976976 0.018501071532051844 0.054886533210476075 0.0036928613875258811
leaf_weight=780.16716509871185 33.592338518647011 420.26873162295669 593.71179581980687 415.36400360369589 35.518346856348217 11.386319474317132 341.62152781023178 110.41513826185837 18.778418335597966 423.20191838894971 39.196484927320853 352.3066179275047 23.246087477309629 22.123759703710675 385.19302241993137 714.40980007511098 870.59487909823656 68.056212153751403 21.893638607813045 82.862318466417491 147.61112259724177 135.00928122270852 35.147563352715224 44.634216502774507 115.50325055373833 1141.172846426256 238.51488264289219 20.913358022691682 56.252700743032619 21.530074761249125 4.6032809158787122 238.28678744414356 100.99211010406725 83.136246178240981 46.963718858314678 303.02457629772834 292.64706008019857 30.24506879854016 196.19440056150779 18.725225390167907 447.99313778348733 29.842412724625319 45.881992271402851 13.197865746915339 91.030148363788612 10.932296979473902 313.42773773695808 2.5052357614040366 17.066799279069532 76.419778177980334 33.804039090289734 11.722304964438079 232.79186239570845 5.8260029207449398 62.735497570829466 1406.8347221827134 39.184234671993181 8.7483169499319029 2.9682915396988383 357.91658878140152 45.162195337936282 1085.5389953625854
leaf_count=2135 7291 20930 7664 108635 15350 5881 5975 1430 610 13834 2537 72679 6087 589 56310 308131 4804 17282 4316 33468 2399 2794 2667 1888 550 12179 66897 797 5482 2782 705 29857 3671 1492 5662 98753 77297 1579 32234 2398 41540 562 2959 807 11955 592 3177 4 1547 1875 8551 1050 43640 313 601 658560 2827 318 125 6100 559 58085
internal_value=0.000630504 -0.0294668 0.0251468 -0.0420386 -0.0464656 -0.0514813 0.0112171 0.0200099 -0.058199 0.040226 0.00682334 -0.0297974 -0.00357824 -0.0020716 -0.00806541 -0.0627312 0.0492013 0.00148856 -0.0223629 -0.0682633 0.0229448 0.0169565 -0.0121141 -0.00848763 0.027106 0.0288923 -0.0250063 -0.0348546 -1.39124e-05 -0.0274732 0.0334521 0.00392566 0.00517459 0.0338575 0.0162604 -0.0432595 -0.0320073 0.0184216 -0.00511292 -0.0262976 -0.000302054 -0.015942 -0.0123422 -0.00927477 -0.0413939 0.000726752 0.0422724 0.0290861 0.00802844 0.0125648 -0.0144566 -0.0415604 0.0147293 0.00748785 0.015374 -0.0698537 -0.0466732 -0.0620887 0.00736891 0.00614325 0.0451252 0.00221071
internal_weight=13376.5 6004.79 7371.75 4115.96 3841.85 3439.59 3831.93 274.107 2626.04 3539.82 3238.22 813.553 402.26 1888.83 1405.83 2288.48 1975.44 2433.08 675.921 1574.07 805.138 657.527 170.157 902.302 487.37 1564.37 653.797 402.084 78.1463 337.559 23.3817 366.742 729.909 240.515 130.1 323.938 314.177 371.867 834.246 154.39 679.856 226.037 398.189 251.713 109.755 628.917 1195.28 324.681 343.496 314.707 45.1904 28.7891 243.724 453.819 483.004 1528.88 122.047 11.2536 1530.78 1482.65 48.1305 1124.74
internal_count=1893768 1658111 235657 1354726 1338851 1283085 199206 15875 1098812 36451 191542 184273 55766 303385 281854 1017418 10438 175578 177641 709287 15964 13565 5461 108172 8104 26013 177052 109348 9798 81394 1315 40416 104213 8584 7154 99550 80079 7554 90890 16241 74649 32796 75638 67704 14353 100542 8303 3499 34329 31732 14432 2597 44232 41853 21531 694855 36295 322 67406 66722 684 60622
is_linear=0
shrinkage=0.05


Tree=4
num_leaves=63
num_cat=0
split_feature=8 5 12 31 34 24 24 18 28 24 8 34 5 8 28 8 12 8 31 6 8 34 34 28 28 22 18 34 12 12 29 15 15 12 8 10 2 0 29 15 28 29 5 8 34 12 5 24 2 22 31 16 34 20 22 28 10 23 6 34 15 34
split_gain=3406.95 717.576 665.878 531.913 345.336 197.873 172.693 130.2 129.447 126.815 99.4713 80.2657 75.2189 73.8388 73.3422 72.6734 67.3006 58.4434 51.1286 50.6502 49.4593 41.2328 38.6062 37.8858 37.135 42.026 34.6241 33.2687 33.2419 33.0734 33.0239 32.9105 32.722 31.5057 28.9524 28.874 31.4613 44.7951 28.5735 28.0815 30.7083 31.3164 30.543 27.7604 27.187 30.8768 39.2825 27.0372 31.6264 27.0021 26.9937 30.2355 26.3208 26.3149 26.1326 25.592 25.4053 25.068 25.0269 25.0128 24.3612 24.2458
threshold=58.500000000000007 0.010362972505390646 9.5000000000000018 4.7118330001831064 0.56199726462364208 18.500000000000004 8.5000000000000018 17.500000000000004 47.500000000000007 5.5000000000000009 22.500000000000004 0.63627076148986828 0.014185110572725536 7.5000000000000009 75.500000000000014 98.500000000000014 21.500000000000004 97.500000000000014 4.1148140430450448 20.500000000000004 20.500000000000004 0.55903211236000072 0.31942756474018102 70.500000000000014 65.500000000000014 37.500000000000007 7.5000000000000009 0.41349750757217413 45.500000000000007 1.5000000000000002 5.5000000000000009 0.010811126790940763 0.013423423748463394 35.500000000000007 15.500000000000002 35.500000000000007 5.5000000000000009 3.5000000000000004 5.5000000000000009 0.015749008394777778 48.500000000000007 4.5000000000000009 0.0096620614640414732 23.500000000000004 0.51552498340606701 63.500000000000007 0.011561079882085325 18.500000000000004 39.500000000000007 21.500000000000004 12.834894657135012 6.5000000000000009 0.67093047499656688 18.500000000000004 47.500000000000007 77.500000000000014 66.500000000000014 0.0085107926279306429 26.500000000000004 0.62411922216415416 1.0000000180025095e-35 0.44172987341880804
decision_type=2 2 2 2 2 2 2 2 2 2 2 2 2 2 2 2 2 2 2 2 2 2 2 2 2 2 2 2 2 2 2 2 2 2 2 2 2 2 2 2 2 2 2 2 2 2 2 2 2 2 2 2 2 2 2 2 2 2 2 2 2 2
left_child=2 3 9 4 6 44 22 -6 10 20 35 17 14 31 47 33 24 -9 21 32 29 23 -2 34 25 -17 -18 -12 -19 -1 -20 52 59 -8 -10 36 37 -7 -29 40 41 56 -42 -32 -4 -46 60 -3 54 -40 51 -5 -11 -30 -49 -55 -13 -54 -53 -14 -47 -28
right_child=1 12 5 50 7 8 15 11 18 13 27 39 19 -15 -16 16 26 28 30 -21 -22 -23 -24 -25 -26 -27 61 38 53 -31 43 -33 -34 -35 -36 -37 -38 -39 49 -41 42 -43 -44 -45 45 46 -48 48 -50 -51 -52 58 57 55 -56 -57 -58 -59 -60 -61 -62 -63
leaf_value=0.058176780108284809 -0.084092110413136065 0.013777282789276854 0.055405323448036205 -0.058288134654347193 0.020406864447433542 0.024552857671473624 0.015145368079828959 -0.015264638073908389 -0.0010588188152070158 0.031014010656911367 -0.065175432309359391 -0.023938129787963724 -0.095910131316758851 0.016695667244187841 0.046044582342560217 0.034730212099745132 -0.016809031906735498 -0.016087369154362048 0.039528783731363287 0.037103020985985273 0.015380818939286042 0.012476340360174811 0.011322414531187848 0.013209566302838274 0.037759644970408852 -0.079683667500576622 -0.074283158519836773 -0.028299500918234539 0.011344954456500501 0.042964340523592964 -0.015597808669166813 0.040393401017006426 0.019673049620598373 -0.044011484802386119 -0.040949138743614388 -0.0053322230147479829 0.018078790548615994 -0.072245167502350924 0.021265299845565407 0.054133382582472848 0.0028573874966326615 -0.0092573160804861714 -0.093901889756887624 0.026777990402132343 0.026091956572246406 0.0023561646028134086 0.035214485435905329 -0.016696923222321563 -0.0022645793772622415 -0.015953275465257849 0.037653085557201649 -0.10241038537725873 -0.10711245667253538 -0.054343806195007352 -0.052760893824335089 0.013084729476466647 -0.075364357593971892 0.0020035958538658963 0.014204689086177912 -0.0090953019211917618 -0.060722152395440668 -0.062133003962361079
leaf_weight=757.73064770596102 11.753962957765905 76.839774281252176 71.172492026118562 16.1631080720108 139.86157102650031 23.27602054993622 23.883395605836995 194.6741990710143 81.786336125922389 134.28108802926727 42.653196236351505 48.521754463668913 9.1443937709555012 721.97604989202227 59.19530997867696 11.827482290565966 35.941488369833678 78.89162916992791 235.45532182184979 249.22271235741209 104.54270598152652 828.28224050137214 108.12556440092158 116.22506321570836 23.298178605502471 24.971334719331935 630.40416796412319 386.27970371884294 16.581401083851233 676.08028269000351 63.444172674790025 1038.5561764307786 155.46694934577681 390.56936046737246 102.487950595445 481.066171289247 349.78848241618834 24.566412867279723 64.071606579935178 15.294964059488846 192.95805871300399 98.376922256196849 8.5157304906751943 98.887403809465468 1067.2667027567513 31.808059099363163 41.019659953424707 119.91916254337411 161.56171261682175 203.55443697486771 106.53752460423857 4.6834515929222098 5.7634988380596033 538.30141127784736 86.438495324284304 14.449777399189768 47.550859410548583 60.684337705839425 260.8758286118973 89.52142775291577 29.504825878655538 1177.5698777275393
leaf_count=1808 6149 3492 868 893 10461 340 3285 39674 4629 1513 12756 12093 3138 17031 1770 1722 8368 21963 3718 8523 1105 45083 11518 5875 720 12406 295508 60151 3644 3613 1750 7225 4654 115513 20860 39917 11706 1290 3487 864 40011 35198 2586 2197 15455 1157 675 17471 34746 35428 3327 810 153 254692 26377 3287 21690 930 22925 6636 1529 555405
internal_value=0.00076328 -0.0305025 0.0216061 -0.0395522 -0.045202 0.00852686 -0.0565506 -0.0253512 0.00177653 0.0378359 -0.00827867 -0.0304542 0.0074155 0.0294063 -0.00623956 -0.0595763 -0.0637064 -0.0392894 0.0121524 0.0210868 0.0485829 0.00672036 0.0019672 -0.00914514 -0.0116363 -0.04291 -0.0654035 -0.0223905 -0.0465045 0.0510037 0.0275667 0.0368113 0.00538004 -0.0406025 -0.0232446 0.00290804 0.0128774 -0.0251516 -0.0195997 -0.0123443 -0.0149124 -0.0290866 -0.00123236 0.0102162 0.0254021 0.0235764 -0.00265962 -0.0131983 -0.0188322 -0.00704288 0.0162143 0.00810695 0.0182776 -0.0507193 -0.0318033 -0.0525811 -0.0493914 -0.00746082 0.012148 -0.0171413 -0.0279982 -0.0663695
internal_weight=13070.1 5227.89 7842.21 4220.58 3832.32 4342.6 2438.34 1393.98 3101.82 3499.61 1575.26 1254.12 1007.31 1961.26 503.954 2318.47 1904.01 842.898 1526.57 503.355 1538.35 1128.78 119.88 300.499 60.097 36.7988 1843.92 696.559 648.224 1433.81 397.787 1239.29 254.133 414.453 184.274 878.697 397.631 47.8424 653.906 411.218 395.923 194.45 201.474 162.332 1240.77 1169.6 102.333 444.759 367.919 267.626 388.26 281.722 200.729 569.333 206.358 552.751 96.0726 66.4478 265.559 98.6658 61.3129 1807.97
internal_count=1893768 1591519 302249 1484712 1456757 268871 1010594 446163 249187 33378 165075 435702 106807 26852 83856 992927 874129 323260 84112 22951 6526 76447 17667 31364 14848 14128 859281 111822 283586 5421 7665 9821 14428 118798 25489 53253 13336 1630 99066 112442 111578 68981 42597 3947 19684 18816 3361 82086 78594 38915 27955 24628 2596 261623 43848 257979 33783 1083 23735 9774 2686 850913
is_linear=0
shrinkage=0.05


Tree=5
num_leaves=63
num_cat=0
split_feature=33 9 9 4 31 34 20 19 19 24 34 0 6 9 9 12 34 12 4 6 34 9 9 29 31 12 19 6 2 12 34 31 4 12 34 10 31 24 33 31 34 33 5 31 0 16 20 24 31 24 22 19 22 27 34 12 4 6 27 9 9 22
split_gain=3385.91 651.533 449.11 414.304 391.569 257.782 147.933 115.287 112.359 105.833 79.7862 70.2882 67.4757 61.3566 60.6426 59.2594 55.9724 55.3582 49.0559 46.8368 46.0517 45.5071 42.1667 40.8692 39.5652 39.244 40.9359 40.0275 37.9595 36.789 35.6586 33.6392 32.8459 32.8353 31.9895 35.002 31.9131 31.1382 31.729 28.4542 31.5241 26.9865 26.8179 26.0874 26.0534 36.6703 25.9977 29.0054 25.7614 31.3037 25.6829 25.2737 25.1108 24.8632 24.7986 24.6046 24.3679 24.3287 23.6474 23.0628 23.0287 25.0278
threshold=7.5000000000000009 0.0078432578593492525 0.013793759513646366 16.500000000000004 3.6878877878189091 0.56707811355590831 6.5000000000000009 0.015038444194942715 0.013423423748463394 60.000000000000007 0.5353926718235017 5.5000000000000009 98.500000000000014 0.0098524559289217013 0.0093898782506585139 43.500000000000007 0.67093047499656688 100.00000000000001 42.500000000000007 89.500000000000014 0.6443043351173402 0.0063092110212892303 0.0062696540262550124 3.5000000000000004 15.445202827453615 6.5000000000000009 1.0000000180025095e-35 91.500000000000014 58.500000000000007 84.500000000000014 0.52662974596023571 8.1367983818054217 1.5000000000000002 15.500000000000002 0.56707811355590831 66.500000000000014 7.1125173568725595 6.5000000000000009 4.5000000000000009 4.1148140430450448 0.49162484705448156 2.5000000000000004 0.014389234129339458 4.1148140430450448 96.500000000000014 3.5000000000000004 4.5000000000000009 3.5000000000000004 10.43224620819092 7.5000000000000009 1.5000000000000002 0.014599318150430919 5.5000000000000009 0.016001024283468727 0.47134104371070867 4.5000000000000009 88.500000000000014 2.5000000000000004 0.016001024283468727 0.016261236742138866 0.0067340831737965354 11.500000000000002
decision_type=2 2 2 2 2 2 2 2 2 2 2 2 2 2 2 2 2 2 2 2 2 2 2 2 2 2 2 2 2 2 2 2 2 2 2 2 2 2 2 2 2 2 2 2 2 2 2 2 2 2 2 2 2 2 2 2 2 2 2 2 2 2
left_child=1 3 8 12 5 6 56 11 13 -3 14 59 20 33 -11 60 17 19 -16 -7 -1 37 -17 -14 25 50 27 -27 -10 32 39 34 -13 -2 -15 57 43 38 -19 52 -41 -25 -43 -29 -34 -46 54 -48 58 -50 -12 -28 -20 -38 -30 -9 -5 -36 -6 -4 61 -8
right_child=2 9 7 4 48 16 15 55 28 10 24 29 23 31 18 22 -18 21 30 -21 -22 -23 -24 41 -26 26 51 36 46 -31 -32 -33 44 -35 35 -37 53 -39 -40 40 -42 42 -44 -45 45 -47 47 -49 49 -51 -52 -53 -54 -55 -56 -57 -58 -59 -60 -61 -62 -63
leaf_value=-0.05228770814606222 0.0063580723095470783 0.035649728156112205 0.037316143169331649 0.07265384922822174 0.0026589593972242611 -0.041405764861738109 0.039707703200708003 0.053438334439976087 0.025880024002387866 -0.045641239223485827 -0.10954766344241623 0.043550335326736932 0.044051569207242652 -0.069059435962192356 0.04641064719427776 -0.064193546090717438 0.0013551837225077366 0.034218556711286242 0.070485969307243504 -0.0022110803071470615 0.0099827641559968594 -0.010171168595053882 -0.044078645635690625 -0.04001529896613238 0.053645517521808739 -0.021564668497549316 0.053192541576457336 0.00012950447534510541 0.081180890693353422 -0.074829538710565538 -0.069100652730263168 0.028231991783995311 0.026184191102596628 -0.01677737959795075 0.026599997476453488 0.038034879917333037 -0.10472976816659679 -0.048464525755183799 -0.10633341251471391 0.051320027687800224 -0.10526901363090174 -0.098537129352371813 0.040585163307509227 0.043592736852553771 0.048470273397502622 0.0042405628568842682 0.058175294003914524 -0.014833630110729988 -0.11044468973910126 0.033151439000442706 0.029429390463504526 -0.061081908125296104 -0.017119603391808416 0.024203146942317823 -0.074621969900021665 0.039397327656993664 -0.0063313420060730503 0.0001733121003691808 -0.1017903940240454 0.057267051264026626 0.020338201878651291 -0.042844610584988035
leaf_weight=49.946791527094319 231.18510824057739 160.95285928528756 532.51531215663999 10.917375729419289 176.93763204221614 115.14089700113982 9.9089461176190508 892.51726278243586 999.79666184494272 172.31184567674063 3.4146498895715913 194.53335268283263 162.33577021374367 14.037131585180758 34.17453756951727 1820.236939929775 144.95734834042378 21.113319050753493 8.3364504894707334 225.49032827466726 73.210898560239002 106.04392679478042 304.06117254169658 27.943987546255812 35.11819527996704 284.1782447732985 44.321343602379784 632.02802880760282 2.9318720605224398 9.3972042223904264 29.221001514932141 207.80940339458175 888.30383726826403 455.60713156755082 100.42544659390114 82.209916700376198 12.307265194132926 537.30238029011525 4.9583250803407273 28.199119897559289 3.6275765148457131 3.8845803462900212 31.9898323523812 36.519367587286979 54.689958851784468 327.42926407768391 19.688732694368809 44.0192596539855 3.9154979377053669 123.67802434507757 125.6039393490646 5.4314291584305456 434.98641841125209 5.3708512722514561 19.814704737160355 479.6952540630009 92.500966139137745 655.90774185815826 5.5901143439114085 198.97794622834772 20.299306439410429 125.03065246273763
leaf_count=13915 10121 3130 4057 171 19535 33852 1152 2652 17046 46890 198 1118 1891 1434 949 877479 40870 916 111 58560 8779 23928 95888 3674 303 33629 873 71356 7 818 5037 3707 13395 52055 1979 3043 862 254869 542 483 282 975 694 537 279 6502 223 2030 271 4764 2691 302 63330 95 1026 3315 13000 31695 964 648 2468 45338
internal_value=-0.00015752 -0.0263347 0.0253746 -0.0376303 -0.0423632 -0.0470854 -0.0564816 0.0371507 0.0105038 -0.00327553 -0.0065814 0.0300719 0.0145078 0.00265302 -0.0198233 -0.0591351 -0.0276995 -0.0318693 -0.0115627 -0.0154598 -0.0152711 -0.0402192 -0.0613144 0.0307246 0.00136688 -0.000230724 -0.00351664 -0.00578453 0.0231315 0.0237851 -0.0154907 0.0101937 0.0244177 -0.00898962 0.00579704 0.00705013 0.000750313 -0.0458752 0.00748828 -0.0121938 0.0334722 -0.00317541 0.0255206 0.00250368 0.021488 0.0105708 -0.00865389 0.00772952 0.0115088 0.0287449 0.0257512 0.0407174 -0.0154722 -0.0655582 -0.0545401 0.0485299 0.00200674 0.00368223 -0.000539918 0.0427431 -0.0293134 -0.0367826
internal_weight=12665 6253.5 6411.49 4197.4 3848.08 3537.96 2382.96 3578.06 2833.43 2056.1 1895.15 2205.85 349.312 1747.18 710.857 2279.54 1155.01 1010.05 538.545 340.631 123.158 669.418 2124.3 226.154 1184.29 1149.18 1020.16 970.404 1086.25 1474.35 504.371 1060.39 1464.96 686.792 852.58 838.543 686.226 563.374 26.0716 475.15 31.8267 63.8184 35.8744 668.547 1270.42 382.119 86.4546 63.708 310.121 127.594 129.019 49.7528 443.323 17.6781 22.7466 1372.21 103.418 756.333 182.528 731.493 155.239 134.94
internal_count=1892703 1735553 157150 1504495 1474567 1449033 1035496 32784 124366 231058 227928 26817 29928 104034 117082 1022325 413537 372667 70192 92412 22694 280255 973367 7234 110846 110543 107654 106479 20332 22112 69243 41858 21294 62176 38151 36717 72850 256327 1458 64206 765 5343 1669 71893 20176 6781 3286 2253 25534 5035 2889 1175 63441 957 1033 5967 13171 33674 20499 4705 48958 46490
is_linear=0
shrinkage=0.05


end of trees

feature_importances:
biencoder_cosine=43
rank_biencoder_nv_embed_top100=35
rank_biencoder_stella_top100=35
popularity=33
rank_biencoder_last2turns_top100=30
pmi_sum=18
rank_metadata_qwen3=17
turn_number=17
rank_decay_descending=12
rank_biencoder_large_top100=11
score_pmi_leg=11
rank_cf_bpr=10
rank_e5_large_top100=10
n_legs_containing=10
rank_biencoder_personalized_top100=9
rank_biencoder_current_only_top100=8
rank_biencoder_mxbai_top100=8
score_biencoder_nv_embed_top100=8
score_biencoder_mxbai_top100=7
score_cf_bpr=6
score_biencoder_last2turns_top100=5
score_biencoder_top100=5
rank_bm25_norepeat=5
score_decay_descending=5
rank_pmi_leg=5
score_biencoder_current_only_top100=3
rank_biencoder_top100=2
score_e5_large_top100=2
score_biencoder_personalized_top100=1
score_biencoder_stella_top100=1

parameters:
[boosting: gbdt]
[objective: lambdarank]
[metric: ndcg]
[tree_learner: serial]
[device_type: cpu]
[data_sample_strategy: bagging]
[data: ]
[valid: ]
[num_iterations: 500]
[learning_rate: 0.05]
[num_leaves: 63]
[num_threads: 44]
[seed: 0]
[deterministic: 0]
[force_col_wise: 0]
[force_row_wise: 0]
[histogram_pool_size: -1]
[max_depth: -1]
[min_data_in_leaf: 10]
[min_sum_hessian_in_leaf: 0.001]
[bagging_fraction: 0.8]
[pos_bagging_fraction: 1]
[neg_bagging_fraction: 1]
[bagging_freq: 5]
[bagging_seed: 3]
[bagging_by_query: 0]
[feature_fraction: 0.8]
[feature_fraction_bynode: 1]
[feature_fraction_seed: 2]
[extra_trees: 0]
[extra_seed: 6]
[early_stopping_round: 0]
[early_stopping_min_delta: 0]
[first_metric_only: 0]
[max_delta_step: 0]
[lambda_l1: 0]
[lambda_l2: 0]
[linear_lambda: 0]
[min_gain_to_split: 0]
[drop_rate: 0.1]
[max_drop: 50]
[skip_drop: 0.5]
[xgboost_dart_mode: 0]
[uniform_drop: 0]
[drop_seed: 4]
[top_rate: 0.2]
[other_rate: 0.1]
[min_data_per_group: 100]
[max_cat_threshold: 32]
[cat_l2: 10]
[cat_smooth: 10]
[max_cat_to_onehot: 4]
[top_k: 20]
[monotone_constraints: ]
[monotone_constraints_method: basic]
[monotone_penalty: 0]
[feature_contri: ]
[forcedsplits_filename: ]
[refit_decay_rate: 0.9]
[cegb_tradeoff: 1]
[cegb_penalty_split: 0]
[cegb_penalty_feature_lazy: ]
[cegb_penalty_feature_coupled: ]
[path_smooth: 0]
[interaction_constraints: ]
[verbosity: -1]
[saved_feature_importance_type: 0]
[use_quantized_grad: 0]
[num_grad_quant_bins: 4]
[quant_train_renew_leaf: 0]
[stochastic_rounding: 1]
[linear_tree: 0]
[max_bin: 255]
[max_bin_by_feature: ]
[min_data_in_bin: 3]
[bin_construct_sample_cnt: 200000]
[data_random_seed: 1]
[is_enable_sparse: 1]
[enable_bundle: 1]
[use_missing: 1]
[zero_as_missing: 0]
[feature_pre_filter: 1]
[pre_partition: 0]
[two_round: 0]
[header: 0]
[label_column: ]
[weight_column: ]
[group_column: ]
[ignore_column: ]
[categorical_feature: ]
[forcedbins_filename: ]
[precise_float_parser: 0]
[parser_config_file: ]
[objective_seed: 5]
[num_class: 1]
[is_unbalance: 0]
[scale_pos_weight: 1]
[sigmoid: 1]
[boost_from_average: 1]
[reg_sqrt: 0]
[alpha: 0.9]
[fair_c: 1]
[poisson_max_delta_step: 0.7]
[tweedie_variance_power: 1.5]
[lambdarank_truncation_level: 20]
[lambdarank_norm: 1]
[label_gain: ]
[lambdarank_position_bias_regularization: 0]
[eval_at: ]
[multi_error_top_k: 1]
[auc_mu_weights: ]
[num_machines: 1]
[local_listen_port: 12400]
[time_out: 120]
[machine_list_filename: ]
[machines: ]
[gpu_platform_id: -1]
[gpu_device_id: -1]
[gpu_device_id_list: ]
[gpu_use_dp: 0]
[num_gpu: 1]

end of parameters

pandas_categorical:null
