tree
version=v4
num_class=1
num_tree_per_iteration=1
label_index=0
max_feature_idx=26
objective=lambdarank
feature_names=rank_bm25_norepeat score_bm25_norepeat rank_cf_bpr score_cf_bpr rank_current_utterance_top100 score_current_utterance_top100 rank_decay_descending score_decay_descending rank_item2vec_top100 score_item2vec_top100 rank_metadata_qwen3 score_metadata_qwen3 rank_pmi_leg score_pmi_leg popularity turn_number n_prior_accepts pmi_sum is_in_all_legs n_legs_containing rank_std best_rank worst_rank reciprocal_rank_sum score_ratio n_legs_ratio cf_boosted_score
feature_infos=[0:101] [0:0.016393441706895828] [0:101] [0:0.016393441706895828] [0:101] [0:0.016393441706895828] [0:101] [0:0.016393441706895828] [0:101] [0:0.016393441706895828] [0:101] [0:0.016393441706895828] [0:101] [0:0.016393441706895828] [0:93] [1:8] [0:7] [0:61.390533447265625] [0:1] [1:7] [0:49] [0:99] [0:99] [0.0062893079593777657:0.11558258533477783] [1:2.6065573692321777] [0.1428571492433548:1] [0:0.04098360612988472]
tree_sizes=3562 3547 3538 3562 3540 3554 3550 3550 3536 3559 3546 3545 3554 3532 3531 3555 3546

Tree=0
num_leaves=31
num_cat=0
split_feature=23 17 8 21 21 12 0 14 14 14 17 2 0 23 23 0 14 21 15 14 14 21 10 23 21 4 8 8 0 15
split_gain=4115.14 320.507 241.389 111.846 106.438 125.54 50.9019 34.3718 28.4906 27.6211 23.2102 27.685 44.7568 31.8317 22.1315 22.9284 17.9517 16.659 16.6043 16.5678 16.5008 28.7263 15.0086 14.3518 14.211 13.3093 12.7031 12.5248 12.3719 12.2253
threshold=0.020821087993681434 3.9495228528976445 100.00000000000001 4.5000000000000009 27.500000000000004 60.000000000000007 60.000000000000007 54.500000000000007 21.500000000000004 47.500000000000007 9.4822950363159197 60.000000000000007 60.000000000000007 0.040741609409451492 0.045951748266816146 60.000000000000007 53.500000000000007 13.500000000000002 1.5000000000000002 76.500000000000014 76.500000000000014 72.500000000000014 13.500000000000002 0.031299682334065444 1.0000000180025095e-35 100.00000000000001 2.5000000000000004 78.500000000000014 15.500000000000002 1.5000000000000002
decision_type=2 2 2 2 2 2 2 2 2 2 2 2 2 2 2 2 2 2 2 2 2 2 2 2 2 2 2 2 2 2
left_child=1 2 9 14 5 -4 -7 18 17 26 11 -5 13 28 15 23 22 -8 -6 29 21 -11 -10 -2 -24 -19 -1 -3 -13 -9
right_child=3 27 4 10 7 6 8 19 16 20 -12 12 -14 -15 -16 -17 -18 25 -20 -21 -22 -23 24 -25 -26 -27 -28 -29 -30 -31
leaf_value=-0.0085127331377531507 -0.015389229330669735 0.0051597430939519856 -0.038311636063997782 0.022030035445472388 -0.01405927723831564 -0.029314535868111839 0.015381929926954458 0.00074527460010000287 0.012326725404893841 -0.019905223714158073 0.029833679270970359 -0.023802603243615494 0.019168967068053457 0.014081548387643913 0.033355933041831216 0.028510163933913875 0.0024011112409869323 -0.013355473388376941 -0.025247197201254318 0.012041298016118087 -0.032913357464424864 -0.035756129930849992 0.016670129842941989 0.015779843950432759 -0.010713402123051352 0.010770612278528718 -0.036743953075669238 0.023229897190984127 -0.00070719356223798019 -0.016777899399873165
leaf_weight=7.4417731786961658 6.6147816697193766 21.665136649389751 48.520109166158363 209.39329494147387 67.58388797781663 29.883643277862575 47.298837379086763 19.125454591121525 12.223942293319849 192.29204069070693 71.408257998700719 20.782303805885022 101.51853157150617 27.249485333566554 683.84199371136492 118.23748539498774 83.792314694641391 19.527761514327722 386.1342382462899 10.290134994225808 145.43541729867866 63.553591900432366 6.9558052555657914 26.357748898502905 200.92390172669548 15.475997104891574 257.4732352525898 61.338696400955087 16.590099171167822 86.049835726167657
leaf_count=4002 3690 5997 63512 35069 37287 13760 13773 8049 3404 130255 5524 10217 16917 5953 37032 12151 36819 11642 239829 4896 98165 52650 1399 6174 90455 4458 187163 15022 5373 52784
internal_value=0.000109924 -0.0195359 -0.0214116 0.0274286 -0.0153329 -0.00819663 -0.00459664 -0.0211298 -0.00260806 -0.0308044 0.0192642 0.0171752 0.0109492 -0.00202857 0.0317678 0.0244005 -0.00543813 0.0077576 -0.0236197 -0.0112099 -0.0272928 -0.0239744 -0.0084289 0.00919906 -0.00971213 -0.00263032 -0.0359934 0.0186547 -0.013888 -0.0135956
internal_weight=3064.98 1782.99 1699.98 1281.99 1033.79 464.602 416.082 569.184 386.199 666.196 446.942 375.534 166.14 64.6219 835.052 151.21 303.896 82.3026 453.718 115.465 401.281 255.846 220.104 32.9725 207.88 35.0038 264.915 83.0038 37.3724 105.175
internal_count=1213421 1075321 1054302 138100 582067 239222 175710 342845 161950 472235 79053 73529 38460 21543 59047 22015 132077 29873 277116 65729 281070 182905 95258 9864 91854 16100 191165 21019 15590 60833
is_linear=0
shrinkage=0.02


Tree=1
num_leaves=31
num_cat=0
split_feature=23 8 4 17 10 17 17 21 23 0 14 10 15 10 17 23 24 0 14 6 2 10 6 4 2 10 15 14 8 14
split_gain=4730.8 485.897 279.108 241.722 175.252 167.97 157.563 141.2 133.722 156.913 136.266 91.5239 87.4921 81.3158 77.6899 64.4279 59.9057 68.2547 57.1981 57.0867 78.3688 57.7854 56.7422 70.6944 65.5979 70.3636 76.286 54.8454 53.1324 64.1458
threshold=0.015154076274484398 100.00000000000001 7.5000000000000009 5.7192628383636483 1.5000000000000002 17.23970985412598 3.9495228528976445 60.500000000000007 0.01950798369944096 60.000000000000007 26.500000000000004 9.5000000000000018 5.5000000000000009 18.500000000000004 4.315704584121705 0.02964897453784943 1.0149814486503603 6.5000000000000009 61.500000000000007 15.500000000000002 16.500000000000004 15.500000000000002 60.000000000000007 27.500000000000004 13.500000000000002 15.500000000000002 1.5000000000000002 47.500000000000007 24.500000000000004 76.500000000000014
decision_type=2 2 2 2 2 2 2 2 2 2 2 2 2 2 2 2 2 2 2 2 2 2 2 2 2 2 2 2 2 2
left_child=1 6 4 7 -2 8 27 22 14 10 11 -10 15 -11 19 -12 -14 18 -18 -4 -21 -22 -3 -24 -25 -26 -27 -1 29 -29
right_child=2 3 5 -5 -6 -7 -8 -9 9 13 12 -13 16 -15 -16 -17 17 -19 -20 20 21 -23 23 24 25 26 -28 28 -30 -31
leaf_value=-0.034842357656501635 0.02499300932662785 0.0010158290137107654 0.013239457316075062 0.011466002251089475 0.012214007950097382 0.017418755504750118 0.0069342214348789453 -0.022170048661272271 0.017021361204116146 0.01778821850276506 -0.02409129317388263 -0.0024667123721071786 0.0032152400513203272 0.0081267249772368731 0.0091135219791791539 0.0055068193267920722 -0.011868047316125317 -0.00075134329353718904 -0.039295197558672043 0.0086777980541427029 0.012241916175765866 -0.029008833998421028 -0.0053731712906417862 0.0021168995003149073 0.0031939125622535897 -0.0040147373387955758 -0.020745846291846171 -0.0066057923279601669 -0.028782246332070004 -0.03059998522805905
leaf_weight=452.9083522958681 659.87380101485178 141.55251872050576 26.322766030905768 154.98435311287176 1241.2073906190926 609.61963156948332 49.794161764904857 646.92325655405875 442.20762882346753 634.93501424405258 29.14505211240612 122.67122389178257 275.7985319433501 780.66102206823416 83.075360149960034 1225.4412816172699 173.4165354660945 213.17268075537868 36.519539125962183 34.78500431869179 14.603188541252164 124.64756346913055 423.55565625627059 80.459912908961996 65.744892414601054 129.39439687330741 721.12601694115438 110.75380135793239 623.58183127222583 74.742683452088386
leaf_count=181274 3132 20265 2226 8514 31436 5646 5752 189153 5331 13057 7083 7949 7603 31861 5056 26642 4264 11576 1442 3850 1021 42689 83307 10761 7140 29948 201500 28489 211504 23950
internal_value=0.000202115 -0.0180418 0.0101702 -0.0126142 0.0166615 0.00761028 -0.0278034 -0.0143092 0.00618821 0.00714459 0.00414596 0.0127888 0.00164047 0.0124711 -0.00705746 0.004799 -0.0040252 -0.00874596 -0.0168123 -0.0137844 -0.0179354 -0.0246122 -0.0110398 -0.0122426 -0.0151515 -0.0166707 -0.0182105 -0.0291801 -0.0259689 -0.0163968
internal_weight=10403.6 3675.52 6728.1 2363.74 1901.08 4827.02 1311.78 2208.76 4217.4 3933.97 2518.37 564.879 1953.49 1415.6 283.434 1254.59 698.907 423.109 209.936 200.359 174.036 139.251 1561.83 1420.28 996.725 916.265 850.52 1261.99 809.078 185.496
internal_count=1213421 1001557 211864 550588 34568 177296 450969 542074 171650 116808 71890 13280 58610 44918 54842 33725 24885 17282 5706 49786 47560 43710 352921 332656 249349 238588 231448 445217 263943 52439
is_linear=0
shrinkage=0.02


Tree=2
num_leaves=31
num_cat=0
split_feature=19 8 2 17 12 21 17 6 4 20 6 8 21 0 4 17 20 6 17 12 17 12 22 8 4 12 22 4 8 4
split_gain=4473.7 484.142 393.535 239.179 244.748 267.909 190.301 95.3503 82.4516 55.9467 54.4971 42.0984 37.8287 37.5999 35.8964 31.4519 31.4239 29.1057 28.8964 129.155 42.3897 39.7915 34.024 25.3047 26.196 24.6802 24.3099 32.9437 24.2002 41.3301
threshold=1.5000000000000002 100.00000000000001 6.5000000000000009 4.315704584121705 60.000000000000007 27.500000000000004 3.9495228528976445 8.5000000000000018 1.0000000180025095e-35 7.5011901855468759 60.000000000000007 40.500000000000007 12.500000000000002 60.000000000000007 60.500000000000007 27.076602935791019 1.9296791553497317 9.5000000000000018 23.12738132476807 3.5000000000000004 3.9495228528976445 6.5000000000000009 90.500000000000014 67.500000000000014 100.00000000000001 1.0000000180025095e-35 16.500000000000004 18.500000000000004 29.500000000000004 37.500000000000007
decision_type=2 2 2 2 2 2 2 2 2 2 2 2 2 2 2 2 2 2 2 2 2 2 2 2 2 2 2 2 2 2
left_child=1 6 8 4 -3 13 11 16 -2 12 -10 -1 15 -6 -7 -9 -4 -11 19 22 23 -20 -19 -21 -25 -5 -12 -28 -14 -30
right_child=2 3 7 25 5 14 -8 9 10 17 26 -13 28 -15 -16 -17 -18 18 21 20 -22 -23 -24 24 -26 -27 27 -29 29 -31
leaf_value=-0.023907326714177151 0.024975931139938814 -0.037181941940590088 0.01711372914771216 -0.021880747381578507 -0.022660028665615541 -0.014800339924145665 0.0079762121375813958 0.0066854895353062336 0.016366829988272668 -0.035727399552767457 0.011642921399554768 -0.031644071487863287 0.01102629768686008 -0.0037415532977947254 -0.022027892372497717 0.019842403054394539 0.0092145206359109579 -0.036324661507108592 0.014927235311697123 -0.013784662619888493 0.0076365924935633727 -0.034306064763032655 0.011118612477731963 -0.0027880655355474004 0.01842953892818135 0.0081100765043021737 -0.03589192225135434 0.0034942716968924177 0.0025609633264530589 -0.015152186097589561
leaf_weight=509.80591350607574 396.70515656517819 163.77276031719521 276.66640955582261 10.516024423763154 42.982255252078176 539.40666937327478 59.791180449072272 1286.3992191031575 1968.4265390688088 8.3910990699660015 227.3685066907201 706.9262346541509 57.620806510094553 999.44926781428512 592.75135318865068 76.577605249243788 771.04168835433666 48.682564740069211 75.626374624203891 73.974568373872899 231.42527580587193 6.2176873183343551 6.3521970682777456 207.4029419447761 25.197852654149756 242.74937195866369 8.1588174807839078 115.87556915311143 157.6369641800411 77.879713235306554
leaf_count=181653 1481 63525 4982 886 13363 153750 6292 43693 22699 622 3824 287145 2022 160789 189102 542 16993 1848 462 5502 6947 177 102 12643 916 12983 272 2690 7948 7568
internal_value=0.00019129 -0.0166335 0.0108553 -0.0116588 -0.0136583 -0.0118695 -0.0267148 0.0063034 0.0165256 0.00405344 0.0150695 -0.0284263 0.00603921 -0.0045445 -0.0186023 0.00744017 0.0113167 -0.000758552 -0.000268591 -0.00181428 0.00118963 0.0107939 -0.0307123 -0.00367951 -0.000411928 0.00677578 0.00777106 0.000621169 -0.000471093 -0.00332719
internal_weight=9971.78 3868.15 6103.63 2591.63 2338.36 2174.59 1276.52 3387.09 2716.53 2339.38 2319.83 1216.73 1656.11 1042.43 1132.16 1362.98 1047.71 683.271 674.879 593.035 538.001 81.8441 55.0348 306.575 232.601 253.265 351.403 124.034 293.137 235.517
internal_count=1213421 1069488 143933 594398 580529 517004 475090 112967 30966 90992 29485 468798 61773 174152 342852 44235 21975 29219 28597 27958 26008 639 1950 19061 13559 13869 6786 2962 17538 15516
is_linear=0
shrinkage=0.02


Tree=3
num_leaves=31
num_cat=0
split_feature=23 17 9 13 22 23 14 21 15 20 15 14 17 13 23 0 14 14 21 14 14 0 21 14 9 22 14 21 23 15
split_gain=4500.22 436.023 363.698 194.475 231.798 181.596 82.7051 77.0227 71.8921 59.3998 45.4676 49.9264 36.9508 39.6301 37.7475 58.0153 36.6201 36.0796 33.7945 37.4549 32.4807 31.9922 29.7823 29.1431 27.3627 35.5674 38.0791 35.2835 35.0615 33.0705
threshold=0.01950798369944096 3.9495228528976445 1.0000000180025095e-35 1.0000000180025095e-35 26.500000000000004 0.079464733600616469 30.500000000000004 10.500000000000002 1.5000000000000002 2.9966629743576054 4.5000000000000009 61.500000000000007 10.499359607696535 0.012739370577037336 0.036381024867296226 60.000000000000007 47.500000000000007 56.500000000000007 24.500000000000004 82.500000000000014 50.500000000000007 60.000000000000007 4.5000000000000009 63.500000000000007 0.011299795936793091 37.500000000000007 55.500000000000007 2.5000000000000004 0.021462114527821544 2.5000000000000004
decision_type=2 2 2 2 2 2 2 2 2 2 2 2 2 2 2 2 2 2 2 2 2 2 2 2 2 2 2 2 2 2
left_child=1 2 3 4 10 6 7 -2 20 -7 11 22 14 -14 15 -8 -4 -10 19 -18 -6 -12 -1 -23 25 -17 27 -27 -28 -26
right_child=5 -3 16 -5 8 9 12 -9 17 -11 21 -13 13 -15 -16 24 18 -19 -20 -21 -22 23 -24 -25 29 26 28 -29 -30 -31
leaf_value=-0.0010713711279560453 0.014765947493881951 0.0053086716230402835 -0.033017301148448822 -0.036308107459975147 -0.013565474102715459 0.020832874398314747 -0.014540360573648744 -0.0019768907973495686 -0.02319460405995245 0.012475506695204393 -0.02914495098611981 0.0042635848316280355 -0.021167020525328418 0.012931881770671248 0.0078000895114906108 0.009114455671235042 -0.012494307356011695 -0.013017359361802918 -0.028043518600321539 -0.030973323336626356 0.0039776840000026563 0.00095328275249972839 -0.014966351163781897 -0.019231518236781139 0.011744685906506029 0.02010805385609107 0.021333709821062675 -0.019131529832983465 -0.0061506657354788068 -0.01286699590893541
leaf_weight=75.018317089066841 1219.0658710498828 321.83811776200309 411.95388877997175 149.93116587912664 122.50246496661566 816.0696853811387 71.639674260048196 120.31526834401302 756.59326966875233 597.50437656603754 14.984397024381904 83.251124250469729 13.079963663127272 531.17505100811832 1910.4940074317856 401.58943846286274 144.05910741188563 177.59193611284718 543.08222720958292 64.380085359327495 63.342076035449281 436.6851829518564 359.50983196735615 29.609359483700246 30.702130801742896 9.9499883591197413 35.747889931779355 58.309223111020401 36.664082053583115 69.297923931619152
leaf_count=8064 21391 20515 190734 63494 34873 4407 14534 8988 251028 4887 5419 10981 565 7744 50636 12468 45722 49909 212426 22420 11732 70484 66507 8205 954 262 1216 5106 2762 4988
internal_value=0.000196053 -0.016931 -0.0190178 -0.0143432 -0.0127718 0.0110561 0.00909025 0.0132601 -0.0190167 0.017313 -0.0057567 -0.00986498 0.0073234 0.0120714 0.00633376 0.00240146 -0.0281123 -0.021278 -0.0253806 -0.0183321 -0.00758618 -0.00132142 -0.01258 -0.000362569 0.00431397 0.00608769 -0.00254239 -0.013175 0.00749618 -0.00524942
internal_weight=9675.94 3754.33 3432.49 2269.02 2119.09 5921.6 4508.03 1339.38 1120.03 1413.57 999.058 517.779 3168.65 544.255 2624.39 713.9 1163.48 934.185 751.521 208.439 185.845 481.279 434.528 466.295 642.261 542.261 140.671 68.2592 72.412 100
internal_count=1213421 1072513 1051998 580696 517202 140908 131614 30379 347542 9294 169660 85552 101235 8309 92926 42290 471302 300937 280568 68142 46605 84108 74571 78689 27756 21814 9346 5368 3978 5942
is_linear=0
shrinkage=0.02


Tree=4
num_leaves=31
num_cat=0
split_feature=19 17 9 10 12 4 4 4 12 10 0 24 15 15 20 6 0 2 15 20 0 15 9 4 4 15 10 9 9 4
split_gain=4101.75 400.22 323.204 176.18 166.711 104.528 110.716 72.5668 61.0992 57.4135 64.2507 52.9518 52.5854 44.8256 39.6328 39.4172 39.0264 37.4546 44.6533 36.6337 36.2112 42.9844 31.4682 29.948 29.8369 29.8169 29.548 27.3082 43.0228 26.1869
threshold=1.5000000000000002 3.9495228528976445 1.0000000180025095e-35 3.5000000000000004 60.000000000000007 100.00000000000001 27.500000000000004 1.5000000000000002 17.500000000000004 8.5000000000000018 12.500000000000002 1.0419600605964663 1.5000000000000002 5.5000000000000009 2.9325678348541264 14.500000000000002 4.5000000000000009 17.500000000000004 3.5000000000000004 1.9296791553497317 60.000000000000007 2.5000000000000004 0.0098524559289217013 9.5000000000000018 9.5000000000000018 1.5000000000000002 15.500000000000002 0.0088890646584332007 0.012422839645296337 3.5000000000000004
decision_type=2 2 2 2 2 2 2 2 2 2 2 2 2 2 2 2 2 2 2 2 2 2 2 2 2 2 2 2 2 2
left_child=1 2 4 7 -1 6 13 19 -5 16 11 -11 -8 25 -13 24 -10 27 -19 -2 -7 -22 -4 -15 -12 -6 -16 -9 -29 -28
right_child=3 -3 22 8 5 20 12 17 9 10 15 14 -14 23 26 -17 -18 18 -20 -21 21 -23 -24 -25 -26 -27 29 28 -30 -31
leaf_value=-0.03547277377490389 0.023604364134718524 0.005198835969017465 -0.030561437135533307 0.011645444232576217 0.0057869395981777604 -0.022239274236058492 -0.0089323539069017469 0.01534774634714689 0.0028329642518639809 0.002727120131465738 0.018635132027021526 -0.037842670834695884 -0.020979892139648983 0.0068555274835182404 -0.00090090017763859594 0.0030539069986792438 0.012563797864791648 0.012095644431620318 -0.0087173620009890831 0.010638116940903273 -0.014227458912910331 0.0010372560277287042 -0.023458768172405869 -0.007343954316387161 0.0075651009995810342 -0.015243089185055379 0.0019791279488985763 -0.009999152161169601 0.011809794978826839 -0.029597881551072316
leaf_weight=137.80379502661526 477.03977541811764 305.58194645098411 631.79286168143153 1217.427854037378 29.467686789750587 39.930220080073923 177.0610343888402 1090.493635062594 218.58421647897922 247.35204133472871 129.78955513448454 19.92523199133575 872.73058347217739 102.0161856849445 85.393355862703174 691.83144388883375 685.92908144695684 105.21991090383381 66.394919539103284 110.37464776821434 94.975448630517349 317.905664882157 460.21927448199131 139.27084924886003 399.50316064874642 255.56592872203328 14.603375731036065 43.447182935662568 195.37814100272954 34.40459037059918
leaf_count=63493 2137 20214 287145 22199 5134 13362 45975 11445 5064 10775 1618 3069 296870 13178 3874 40516 15759 1538 2277 668 14254 47626 181653 28959 15136 51625 503 713 1290 5352
internal_value=0.000233929 -0.0166665 -0.0187184 0.0105624 -0.0142335 -0.0127732 -0.0152061 0.0152185 0.00796189 0.00618279 0.0039263 -0.00300347 -0.0189603 -0.00769258 -0.0121597 0.00620802 0.0102202 0.0128661 0.004028 0.0211936 -0.00428583 -0.00249516 -0.0275941 -0.00132864 0.0103134 -0.0130493 -0.00808597 0.0140017 0.00780881 -0.0202972
internal_weight=9397.41 3564.32 3258.74 5833.09 2166.73 2028.92 1576.11 2088.35 3744.74 2527.32 1622.8 401.679 1049.79 526.321 154.327 1221.12 904.513 1500.93 171.615 587.414 452.811 412.881 1092.01 241.287 529.293 285.034 134.401 1329.32 238.825 49.008
internal_count=1213421 1069488 1049274 143933 580476 516983 441741 20068 123865 101666 80843 23573 342845 98896 12798 57270 20823 17263 3815 2805 75242 61880 468798 42137 16754 56759 9729 13448 2003 5855
is_linear=0
shrinkage=0.02


Tree=5
num_leaves=31
num_cat=0
split_feature=23 23 4 4 16 14 2 2 23 16 14 6 1 20 11 14 16 1 14 14 16 11 16 14 14 14 21 4 4 14
split_gain=3772.62 322.795 188.991 96.4017 82.3507 71.3894 68.809 64.544 60.0665 54.3768 37.1523 59.7977 41.0917 39.5763 36.5351 32.4566 40.7427 33.7896 67.28 31.5759 29.9548 33.5392 29.5009 29.408 28.5525 27.3277 24.885 57.4076 37.9822 32.3217
threshold=0.016405773349106315 0.011561079882085325 5.5000000000000009 81.500000000000014 1.5000000000000002 24.500000000000004 17.500000000000004 13.500000000000002 0.081700004637241377 1.0000000180025095e-35 65.500000000000014 14.500000000000002 0.012739370577037336 1.0099019408226015 0.013606071937829258 45.500000000000007 1.0000000180025095e-35 0.016001024283468727 72.500000000000014 51.500000000000007 6.5000000000000009 1.0000000180025095e-35 2.5000000000000004 1.0000000180025095e-35 16.500000000000004 71.500000000000014 2.5000000000000004 40.500000000000007 24.500000000000004 57.500000000000007
decision_type=2 2 2 2 2 2 2 2 2 2 2 2 2 2 2 2 2 2 2 2 2 2 2 2 2 2 2 2 2 2
left_child=1 3 5 9 14 23 15 22 -7 -1 11 13 -12 -8 -3 16 24 -17 -19 -5 21 -9 25 -2 -4 -6 27 -13 29 -28
right_child=2 4 6 19 7 8 10 20 -10 -11 12 26 -14 -15 -16 17 -18 18 -20 -21 -22 -23 -24 -25 -26 -27 28 -29 -30 -31
leaf_value=-0.0061156986925217562 0.015282923664063947 -0.021112454104285847 -0.027550585620326983 -0.030279374880514305 -0.029538220920410366 0.0086911899328574356 0.018137464842838246 -0.011845335611541162 0.018470511635515309 -0.019775256489848802 0.01271844816243807 -0.037164330006860646 -0.01579908557682402 0.0043294949125263146 0.0072716770087430495 0.0082284421369490067 0.012014262287897617 0.002822628896789589 -0.038692871890804517 -0.023102410442200089 -0.0023290501207776058 0.002452208708686628 0.012818044539192251 0.026523888448764958 0.0030715687414884312 0.018830435929590359 0.0057946491458411723 0.0083524353084185252 -0.0085299609017404007 -0.035091610867344712
leaf_weight=143.71313072287012 148.01588966231793 294.17902696575038 13.191170847509055 508.63320104335435 13.315741335740315 577.32700501079671 106.57699837419204 865.95255603350233 450.45651093451306 654.79077717848122 249.43878234340809 11.004290999844669 21.082864224910736 371.59932508901693 18.746482538292184 1102.8808873422677 1498.8959062402137 166.43300669558812 16.218149606138468 534.10537040559575 206.70128347654827 70.419915128499269 80.263645451283082 284.30310754361562 84.739235691493377 6.0651210250798604 146.87681380985305 143.88861675304361 298.31260954542086 7.1599046313203862
leaf_count=35172 1835 83304 1136 234232 2703 10944 2366 210947 2344 224538 9197 696 2829 16133 1570 26876 25942 2269 659 209107 41040 9378 8313 1821 3877 288 6700 8548 27357 782
internal_value=-0.0002616 -0.0169422 0.00968277 -0.02261 -0.0102223 0.0158892 0.00754093 -0.007899 0.012993 -0.0173301 0.00381897 0.00215921 0.0104386 0.00744265 -0.0193879 0.00928921 0.011198 0.00690974 -0.00104338 -0.0266308 -0.00924587 -0.0107665 0.00747004 0.022724 -0.00126979 -0.0141222 -0.00200337 0.00488824 -0.00437317 0.0036672
internal_weight=9095.29 3396.89 5698.4 1841.24 1555.64 1460.1 4238.3 1242.72 1027.78 798.504 1355.94 1085.42 270.522 478.176 312.926 2882.36 1596.83 1285.53 182.651 1042.74 1143.07 936.372 99.6445 432.319 97.9304 19.3809 607.242 154.893 452.349 154.037
internal_count=1212903 1060592 152311 703049 357543 16944 135367 272669 13288 259710 74608 62582 12026 18499 84874 60759 30955 29804 2928 443339 261365 220325 11304 3656 5013 2991 44083 9244 34839 7482
is_linear=0
shrinkage=0.02


Tree=6
num_leaves=31
num_cat=0
split_feature=23 17 8 10 21 4 17 20 10 1 14 4 15 10 4 2 6 4 15 15 14 24 1 8 21 23 21 14 14 17
split_gain=3466.16 491.92 261.931 181.112 113.018 78.804 38.8928 36.3999 35.553 45.5973 47.4376 42.1074 35.384 34.7843 38.0356 43.5155 54.2107 79.1955 47.4688 44.0085 31.4032 31.1337 30.6666 46.9101 32.6709 31.9129 29.8949 29.6735 28.9043 59.3019
threshold=0.016405773349106315 1.0000000180025095e-35 100.00000000000001 5.5000000000000009 33.500000000000007 3.5000000000000004 7.7167694568634042 2.4962186813354497 14.500000000000002 0.014389234129339458 30.500000000000004 45.500000000000007 7.5000000000000009 13.500000000000002 9.5000000000000018 60.000000000000007 60.000000000000007 100.00000000000001 3.5000000000000004 1.5000000000000002 22.500000000000004 1.0628955960273745 0.012903762981295587 21.500000000000004 5.5000000000000009 0.027751412242650989 1.0000000180025095e-35 75.500000000000014 60.500000000000007 5.9931764602661142
decision_type=2 2 2 2 2 2 2 2 2 2 2 2 2 2 2 2 2 2 2 2 2 2 2 2 2 2 2 2 2 2
left_child=1 2 -1 5 13 7 8 26 9 10 -5 -10 21 -4 -15 18 -17 19 -16 -18 -20 -11 25 -24 -25 -13 -2 -6 -7 -30
right_child=3 -3 4 6 27 28 -8 -9 11 12 -12 22 -14 14 15 16 17 -19 20 -21 -22 -23 23 24 -26 -27 -28 -29 29 -31
leaf_value=-0.0270241008035066 0.022952437123872765 0.011642228866742566 0.003621541371912606 0.016206488855186479 -0.020494620085961767 0.011713414899494422 0.0092218702939509019 0.0098212329170854866 0.0054036449251266263 0.005042262980403475 0.0057448683868462436 -0.0060881116466278938 -0.021228562607482179 -0.0018890847607853879 -0.01963275026813175 -0.0033335286795412667 0.0054337391513877096 -0.027487879026942066 0.018321806374164966 -0.01462715216029749 -0.0038552903905381642 -0.015661194223318103 0.024292271413483172 -0.03826399522246219 -0.0099154061437651143 0.0054922817471577028 0.013793568520967525 0.001568707235865176 -0.010085319451616153 0.011008869184711556
leaf_weight=1028.2444144915789 478.36540720239282 227.30673677264713 66.997332398314029 280.69007046043407 866.06652661948465 1443.5422118564602 1004.6339911844116 174.77069759112783 586.69274847069755 253.01123371184804 458.2348167183809 183.7903021768434 26.111683140043169 151.47327854059404 47.523975685238838 134.92569164012093 49.53464215178974 204.68611092655919 38.801773760467768 338.20885545969941 70.285027361242101 31.795762547757477 10.865646126680074 22.693573826225474 56.394880225183442 195.29328481806442 213.82418925873935 24.774630570085719 77.74026092980057 164.07651738962159
leaf_count=465480 1757 19398 6034 6128 310125 19161 20311 1244 25188 8058 17526 21188 1713 26538 10255 22324 8989 81912 2207 89017 12945 2238 205 3971 8514 7439 2553 5368 3450 1667
internal_value=-0.000220622 -0.0166853 -0.0188201 0.00922676 -0.0145756 0.0131757 0.00598231 0.0180839 0.00443202 0.00703728 0.00973808 0.00183519 0.00060153 -0.0102752 -0.011179 -0.0127647 -0.0148225 -0.0174257 -0.00316123 -0.0120518 0.00410963 0.00267723 -0.00262614 -0.0130556 -0.0184509 -0.0001182 0.02015 -0.0198777 0.0106405 0.00420558
internal_weight=8911.36 3248.83 3021.52 5662.53 1993.28 2552.32 3110.21 866.96 2105.57 1049.84 738.925 1055.73 310.919 1102.44 1035.44 883.966 727.355 592.43 156.611 387.743 109.087 284.807 469.038 89.9541 79.0885 379.084 692.19 890.841 1685.36 241.817
internal_count=1212903 1060592 1041194 152311 575714 29832 122479 5554 102168 35663 23654 66505 12009 260221 254187 227649 202242 179918 25407 98006 15152 10296 41317 12690 12485 28627 4310 315493 24278 5117
is_linear=0
shrinkage=0.02


Tree=7
num_leaves=31
num_cat=0
split_feature=23 23 6 8 4 21 4 15 14 15 3 4 8 15 14 8 15 14 15 24 21 3 14 15 10 14 6 0 14 6
split_gain=3363.87 306.202 168.521 114.251 80.6814 73.6976 65.6004 57.6263 47.6206 46.1842 41.954 36.1005 35.0286 32.8071 26.069 24.753 41.164 24.7118 24.4116 23.6637 22.7437 21.965 28.6214 26.6891 21.6572 28.691 42.4778 21.2296 34.2443 42.3783
threshold=0.016405773349106315 0.011561079882085325 1.5000000000000002 85.500000000000014 81.500000000000014 7.5000000000000009 2.5000000000000004 2.5000000000000004 61.500000000000007 1.5000000000000002 0.013423423748463394 63.500000000000007 100.00000000000001 6.5000000000000009 51.500000000000007 24.500000000000004 6.5000000000000009 42.500000000000007 2.5000000000000004 1.1288018226623537 9.5000000000000018 0.013423423748463394 70.500000000000014 1.5000000000000002 60.000000000000007 54.500000000000007 60.000000000000007 8.5000000000000018 30.500000000000004 4.5000000000000009
decision_type=2 2 2 2 2 2 2 2 2 2 2 2 2 2 2 2 2 2 2 2 2 2 2 2 2 2 2 2 2 2
left_child=1 4 6 17 9 11 -2 8 -5 -1 13 21 15 24 -6 16 -8 -3 -13 -14 -15 -4 23 -23 -9 26 -26 -20 -29 -30
right_child=2 3 5 7 14 -7 12 10 -10 -11 -12 18 19 20 -16 -17 -18 -19 27 -21 -22 22 -24 -25 25 -27 -28 28 29 -31
leaf_value=-0.0066286080862271368 0.021498148490174531 -0.031393995237063259 0.0075383163228423195 -0.020628643099028655 -0.029403400106091441 0.0024594220479811375 0.010303923662007221 0.0014253752539160243 0.0037383093382893796 -0.019550319164486768 0.0067098479526033492 0.012025519781436393 0.014087007676194148 0.0056952514473933248 -0.022672773216198875 -0.020054572337743805 -0.035783772528365641 -0.017497380070810351 0.0024957918810465953 -0.031802509881548272 -0.0055792046157607314 0.0023656481886982269 0.022023169659732417 0.012445852592462016 0.00030005398218612794 -0.0026587158766762189 -0.017121479460493704 0.014791142257517272 -0.01585074846895463 0.0065328474616464524
leaf_weight=136.96828746201936 493.76531077828258 69.653023085789755 574.62970865494572 177.30455354251899 480.90229051560163 954.76300143112894 72.979386475402862 66.462699074996635 38.618296729400754 618.1309504408855 110.49017594812904 285.90707519510761 558.28805996174924 120.55699364258908 507.21623936598189 17.587440819013864 7.6640743804164222 225.70278071449138 546.53061057138257 3.5956805218011132 172.90642340993509 119.44305654917844 111.35163009446114 939.3343866460491 69.483939989935607 130.62837113346905 281.68127561896108 200.15073904022574 34.665507328696549 663.32430865522474
leaf_count=35172 2353 34269 15921 48899 234232 59331 543 8269 5283 224538 11304 7340 6033 16449 209107 529 169 81735 17178 375 37407 3744 1026 10200 10561 24012 79355 4341 1649 21579
internal_value=-0.000210736 -0.016534 0.00916415 -0.00977633 -0.0221973 0.00738711 0.0159727 -0.00695262 -0.0162642 -0.0172209 -0.00482418 0.0087392 0.0118104 -0.00634676 -0.0259769 0.000760665 0.00551477 -0.0208762 0.0066821 0.0137338 -0.000937169 0.0107734 0.0123526 0.0113139 -0.00923171 -0.0107059 -0.0136776 0.00561564 0.00750701 0.00539722
internal_weight=8790.69 3206.71 5583.98 1463.49 1743.22 4430.1 1153.88 1168.13 215.923 755.099 952.21 3475.34 660.115 841.72 988.119 98.2309 80.6435 295.356 1730.58 561.884 293.463 1744.76 1170.13 1058.78 548.256 481.794 351.165 1444.67 898.141 697.99
internal_count=1212903 1060592 152311 357543 703049 142309 10002 241539 54182 259710 187357 82978 7649 176053 443339 1241 712 116004 52087 6408 53856 30891 14970 13944 122197 113928 89916 44747 27569 23228
is_linear=0
shrinkage=0.02


Tree=8
num_leaves=31
num_cat=0
split_feature=23 23 2 8 8 23 0 15 15 20 14 2 23 14 15 10 14 15 24 14 23 23 20 20 8 12 14 15 20 10
split_gain=3215.36 291.133 177.623 108.678 63.044 55.9848 70.2501 50.1515 43.7281 40.3828 40.3761 34.8312 33.5177 31.9873 30.1885 27.9156 34.9654 33.3988 33.2324 27.9355 31.9589 47.6044 27.523 39.7438 21.9333 31.1527 21.8444 21.7982 21.6825 21.4976
threshold=0.016405773349106315 0.011561079882085325 2.5000000000000004 85.500000000000014 97.500000000000014 0.028906305320560936 18.500000000000004 2.5000000000000004 1.5000000000000002 0.80824831128120433 61.500000000000007 13.500000000000002 0.082010246813297286 76.500000000000014 7.5000000000000009 7.5000000000000009 62.500000000000007 2.5000000000000004 1.2430501580238345 44.500000000000007 0.069449715316295638 0.063262253999710097 4.4979007244110116 11.505432128906252 27.500000000000004 12.500000000000002 42.500000000000007 2.5000000000000004 22.506109237670902 12.500000000000002
decision_type=2 2 2 2 2 2 2 2 2 2 2 2 2 2 2 2 2 2 2 2 2 2 2 2 2 2 2 2 2 2
left_child=1 4 9 26 -1 6 -4 10 -6 12 29 -9 -2 -10 -13 19 18 -18 -17 -7 21 22 -21 -24 25 -8 -3 -11 -22 -5
right_child=2 3 5 7 8 15 24 11 13 27 -12 14 -14 -15 -16 16 17 -19 -20 20 28 -23 23 -25 -26 -27 -28 -29 -30 -31
leaf_value=-0.026490205331063946 0.01405275321034016 -0.030821132973667884 -0.021126432013522579 0.0028142965674544766 -0.0092071111002535039 0.011760921968561535 -0.029788845617601169 0.0054170428565842501 -0.021250596188035379 0.018503969803437558 0.0024833568169006933 -0.0083015776563350671 0.023990571710928058 0.002012700130090759 0.0012943267511032076 0.0048157268357745626 0.020329199660632728 0.0075854862714623116 -0.023163819253199179 0.0083722785409719308 0.010872214579035849 -0.022357881516806382 -0.026583742415444731 0.0085016015770365792 0.0048121548289738088 0 -0.017490216153622919 0.010751757506788555 -0.014562188487249455 -0.022194217271681881
leaf_weight=726.50223680399358 278.06043570348993 67.026278030825779 49.441122821066529 14.698727428214623 166.99623807502212 1012.0247845945414 16.508678512182087 113.18942697974853 784.1005438240245 182.76807469828054 38.879310384974815 652.16957624861971 280.77719372417778 24.044788881205022 163.3388720076764 1297.8620058962842 113.72299115126953 303.02548467181623 16.207676737802103 147.07649752288125 352.3903019533027 30.745794623158872 24.197031139861792 25.630045928061008 565.30582218477502 70.868994497926906 220.36080484418198 770.06788730493281 13.033408008050172 154.35818605497479
leaf_count=345555 3189 34269 11815 1318 47939 14552 1431 11304 304348 1319 5283 149489 1015 5207 26564 45847 1995 8055 1221 4753 4389 1083 1643 782 32294 7928 81735 8679 321 47581
internal_value=-0.000191601 -0.016413 0.00894546 -0.00972771 -0.0219975 0.00675243 0.00161301 -0.00693536 -0.0186246 0.0147939 -0.0157983 -0.00493393 0.0190833 -0.0205543 -0.00637793 0.00783274 0.00606113 0.0111081 0.00445176 0.0097369 0.00626575 0.000369717 0.0040237 -0.008685 0.00336827 -0.00589929 -0.0207024 0.0122587 0.00992233 -0.0200043
internal_weight=8675.38 3125.66 5549.71 1424.02 1701.64 4038.04 702.125 1136.63 975.142 1511.67 207.936 928.698 558.838 808.145 815.508 3335.92 1730.82 416.748 1314.07 1605.1 593.073 227.649 196.904 49.8271 652.683 87.3777 287.387 952.836 365.424 169.057
internal_count=1212903 1060592 152311 357543 703049 138109 53468 241539 357494 14202 54182 187357 4204 309555 176053 84641 57118 10050 47068 27523 12971 8261 7178 2425 41653 9359 116004 9998 4710 48899
is_linear=0
shrinkage=0.02


Tree=9
num_leaves=31
num_cat=0
split_feature=23 17 9 4 13 22 20 21 14 21 20 15 14 17 3 17 4 9 11 20 14 13 6 1 23 21 15 21 15 15
split_gain=3068.62 476.463 213.057 145.124 134.34 178.068 80.7942 54.1286 49.068 41.4676 28.1029 26.5996 34.1423 27.3549 34.8504 23.4526 23.3442 22.8269 22.5951 34.9214 22.4592 21.8137 24.6398 22.1865 21.6731 21.9154 21.5893 20.8158 26.9975 21.9551
threshold=0.020821087993681434 1.0000000180025095e-35 1.0000000180025095e-35 5.5000000000000009 1.0000000180025095e-35 33.500000000000007 2.0525951385498051 7.5000000000000009 23.500000000000004 1.0000000180025095e-35 19.953193664550785 2.5000000000000004 71.500000000000014 20.13523101806641 0.012739370577037336 11.293105602264406 10.500000000000002 0.0081634009256958979 0.016001024283468727 2.631425261497498 74.500000000000014 0.013245614245533945 16.500000000000004 1.0000000180025095e-35 0.049727849662303931 10.500000000000002 3.5000000000000004 19.500000000000004 1.5000000000000002 6.5000000000000009
decision_type=2 2 2 2 2 2 2 2 2 2 2 2 2 2 2 2 2 2 2 2 2 2 2 2 2 2 2 2 2 2
left_child=1 2 4 6 5 8 9 11 27 -2 -4 12 15 14 -13 16 -5 -15 -19 -20 -7 22 23 -9 25 -25 -22 29 -29 -1
right_child=3 -3 10 7 -6 20 -8 21 -10 -11 -12 13 -14 17 -16 -17 -18 18 19 -21 26 -23 -24 24 -26 -27 -28 28 -30 -31
leaf_value=-0.00092055581524797783 0.022361443909781939 0.011647427648864464 -0.025956875250207619 -0.00094300280626688938 -0.033265234178783104 -0.020017521868688787 0.0087937793199022903 0.010268220775806167 -0.0094569784212676453 0.01304096904572271 0.0072189602253130728 0.0015610669008928617 0.023635348230106927 0.019885336622177778 0.0077999084098208582 -0.033221953015666064 0.012170315139493768 0.010669388228398125 0.013641871022156245 -0.036803076044901122 0.01153003570101992 0.010001713036466946 -0.0023081555922508531 -0.031078726213380637 0.003465224056304356 0.00022148200833993527 -0.024658033768388331 0.015396420920583461 -0.018990533160553817 0.013103461217340177
leaf_weight=133.33022530807648 482.95653617056087 232.32814965699799 979.62550828862004 61.864308124873787 136.52890883455984 811.62111575144809 577.42489050421864 169.47840311028995 704.87486086465651 327.78505982854404 9.8343993737362307 456.50435293361079 87.792593630030751 110.7969162533991 1685.6847039200366 3.9939077123999587 419.96454344328959 280.77868180442601 10.557472215034069 9.5560033814981562 17.585682454402562 135.98002163600177 374.48142967175227 14.972924835514275 170.25940355134662 20.027169681154191 9.2142002859618497 11.149706962401977 36.783289207378402 65.875976819777861
leaf_count=20735 1939 21144 470421 2122 63447 310718 8210 6542 160794 4803 1323 23033 828 586 31931 113 7204 2471 57 181 2482 4662 30158 2430 8542 2292 3861 1803 11790 6281
internal_value=-0.00018211 -0.0158719 -0.0180681 0.00896605 -0.0141789 -0.0127046 0.0145412 0.00703372 -0.00677142 0.0186163 -0.0256182 0.00826967 0.0121729 0.00738778 0.00647268 0.0100531 0.010484 0.0121173 0.00919394 -0.010838 -0.0194232 0.00266031 0.00131366 0.00493483 0.000493025 -0.0136044 -0.00127945 0.000887347 -0.0107997 0.00374938
internal_weight=8549.61 3148.75 2916.42 5400.86 1926.96 1790.44 1388.17 4012.69 952.014 810.742 989.46 3127.49 573.615 2553.88 2142.19 485.823 481.829 411.689 300.892 20.1135 838.421 885.199 749.219 374.738 205.259 35.0001 26.7999 247.139 47.933 199.206
internal_count=1212903 1074799 1053655 138104 581911 518464 14952 123152 201403 6742 471744 68526 10267 58259 54964 9439 9326 3295 2709 238 317061 54626 49964 19806 13264 4722 6343 40609 13593 27016
is_linear=0
shrinkage=0.02


Tree=10
num_leaves=31
num_cat=0
split_feature=23 17 8 10 23 21 0 4 17 17 14 15 2 14 14 6 0 8 24 17 6 23 20 14 14 10 15 14 4 15
split_gain=3098.53 368.799 196.515 180.144 75.5712 75.4759 70.9162 63.0478 43.5412 42.1435 33.4408 29.8812 29.5223 43.0927 37.5272 28.9242 31.8073 40.5337 62.2184 40.0812 35.6891 29.5536 32.4232 28.3574 26.1823 28.8507 34.8833 25.7335 30.3141 25.679
threshold=0.016131097450852398 1.0000000180025095e-35 100.00000000000001 1.5000000000000002 0.02964897453784943 33.500000000000007 16.500000000000004 2.5000000000000004 32.684661865234382 8.84729051589966 15.500000000000002 3.5000000000000004 2.5000000000000004 28.500000000000004 58.500000000000007 7.5000000000000009 60.000000000000007 72.500000000000014 1.1565563678741457 4.6319932937622079 11.500000000000002 0.043508073315024383 25.532321929931644 74.500000000000014 54.500000000000007 14.500000000000002 4.5000000000000009 29.500000000000004 58.500000000000007 2.5000000000000004
decision_type=2 2 2 2 2 2 2 2 2 2 2 2 2 2 2 2 2 2 2 2 2 2 2 2 2 2 2 2 2 2
left_child=1 2 -1 7 6 10 -5 -2 15 -8 -4 -9 -13 -14 -15 27 19 18 20 21 -18 29 -23 -7 25 -12 -27 -6 -29 -17
right_child=3 -3 5 4 8 23 9 11 -10 -11 24 12 13 14 -16 16 17 -19 -20 -21 -22 22 -24 -25 -26 26 -28 28 -30 -31
leaf_value=-0.026019445168915214 0.020764533742109605 0.0096918378445574986 -0.0036177776294585452 -0.023465005733936256 0.013616127995035294 -0.019917651468226456 0.00018100796511979562 0.016822953642083131 0.019265859109171963 0.010968626789862178 0.0024067466824567018 0.01127868066491787 0.012485502580448046 -0.023188346837055219 0.010855941942191187 0.0059403152537409621 -0.021139806868341313 0.012858740355024083 -0.024260695291442445 0.0099972399814153394 0.0077641881021461622 0.0035226376620210663 -0.035677095108013659 0.00077645038554134194 -0.0066454029315149397 -0.021248354289563415 -0.011102014039845379 0.010927471375243214 0.0038343977446467377 -0.013432086012156721
leaf_weight=934.91995553835295 521.40869438555092 197.37388844136149 199.21658030245453 42.485435602720827 471.02574380440637 787.29276743042283 606.6979685559636 269.75691461842507 133.94473407231271 189.46965206041932 35.440441618673503 333.56673819175921 51.528271350078285 39.627684302162379 18.204457096289843 38.477582296705805 17.018125935923308 460.13227167190053 27.789700411725789 282.85960893286392 336.50671609910205 605.17873347201385 7.557274021441116 27.139539378462359 207.54562450991943 270.32090589904692 282.64533111790661 567.24463265575469 423.18329378822818 89.001558371237479
leaf_count=462038 2500 18391 41611 11360 5999 309383 51528 2128 627 6503 4080 3125 497 1438 575 1889 535 7600 1647 4086 6953 21894 741 6309 47978 84336 76549 8391 12313 10521
internal_value=-8.55574e-05 -0.016667 -0.0185662 0.00873239 0.00679507 -0.0147022 0.00140392 0.0154678 0.00810048 0.00276126 -0.0109827 0.0115662 0.00832954 -0.000668396 -0.0124355 0.00764456 0.00598447 0.00886547 0.00402053 0.00360663 0.00631145 0.00115169 0.00297856 -0.0192255 -0.0128167 -0.0149752 -0.0160951 0.00975561 0.00790573 -0.00756854
internal_weight=8474.56 2941.9 2744.52 5532.67 4298.57 1809.6 838.653 1234.09 3459.92 796.168 995.169 712.684 442.927 109.36 57.8321 3325.98 1864.52 841.447 381.315 1023.07 353.525 740.215 612.736 814.432 795.952 588.407 552.966 1461.45 990.428 127.479
internal_count=1213525 1050675 1032284 162850 152587 570246 69391 10263 83196 58031 254554 7763 5635 2510 2013 82569 55866 16735 9135 39131 7488 35045 22635 315692 212943 164965 160885 26703 20704 12410
is_linear=0
shrinkage=0.02


Tree=11
num_leaves=31
num_cat=0
split_feature=23 17 8 10 12 21 5 17 23 14 14 15 7 10 14 14 24 0 0 26 15 8 17 5 14 23 15 17 5 14
split_gain=3052.59 319.392 184.373 173.144 108.401 131.511 71.5131 64.4086 55.48 34.1434 26.1008 54.5448 43.9093 43.7235 27.3193 25.8858 25.6303 25.3393 25.2203 23.7759 21.6023 20.2076 19.7403 18.7746 18.6088 19.7469 21.307 26.5364 28.9469 20.5558
threshold=0.016131097450852398 1.0000000180025095e-35 100.00000000000001 3.5000000000000004 60.000000000000007 33.500000000000007 0.016001024283468727 17.487378120422367 0.023543708957731727 15.500000000000002 65.500000000000014 4.5000000000000009 0.013245614245533945 6.5000000000000009 29.500000000000004 74.500000000000014 1.2123106122016909 6.5000000000000009 60.000000000000007 1.0000000180025095e-35 3.5000000000000004 10.500000000000002 10.679388999938967 0.0070176301524043092 49.500000000000007 0.043508073315024383 3.5000000000000004 13.776699066162111 0.015268065501004459 63.500000000000007
decision_type=2 2 2 2 2 2 2 2 2 2 2 2 2 2 2 2 2 2 2 2 2 2 2 2 2 2 2 2 2 2
left_child=1 2 -1 6 -4 9 24 8 -5 -6 12 -12 19 -13 16 23 21 -8 -11 -10 -17 -14 -3 -7 -2 -26 -27 29 -29 -28
right_child=3 22 4 7 5 15 17 -9 10 18 11 13 14 -15 -16 20 -18 -19 -20 -21 -22 -23 -24 -25 25 26 27 28 -30 -31
leaf_value=-0.025718894076027558 0.012525227951964289 0.0034001794294762195 -0.032789448154650194 -0.0041146777140294776 0.00013093612832940343 -0.025330606786711396 0.020424533012859476 0.012654318107513978 -0.0026709432039923463 -0.028089212380854371 0.014775138966489989 -0.037766836658391582 -0.031375795282887808 0.0031814508244230916 0.0050983323082043905 0.012235457703843827 -0.03289359477087276 -0.0047908806904026656 -0.0090015804945504461 0.0039450161781928988 -0.02410396069991359 0.011891202389966746 0.017249922839723035 -0.017925041005555701 -0.032215985089558724 0.013294047562648542 0.003044699991541595 0.015276883707544897 -0.033180253483330917 -0.014270611019923664
leaf_weight=922.03141473676078 1020.6235080247279 152.70840095751919 122.59951426857151 245.78610843967181 171.54904489172623 192.92560747521929 529.70173324551433 511.09960212884471 336.81226122705266 28.316575313452631 317.65166174457408 10.265115669928489 3.4045152859762302 139.71653337217867 884.05607872735709 18.448333008564081 4.2968062371946862 15.950079245492814 654.66140969359549 607.24435578123666 8.8612016607075912 472.08652299712412 56.003616861999035 581.95697836112231 4.0139067093841723 160.64701752411202 94.062634240370244 79.201237067114562 4.3038807781413189 37.517076888820156
leaf_count=462038 10754 15999 58794 33029 29564 86049 2644 4937 27166 11459 6757 923 118 6530 29961 2439 381 152 154737 23018 3870 9803 2392 223334 609 1652 2055 585 58 1718
internal_value=-5.98409e-05 -0.0166106 -0.0184523 0.00873274 -0.0146733 -0.0133125 0.0135235 0.00608982 0.00497486 -0.00783479 0.00578169 0.0100939 0.00490307 0.000134023 0.00719749 -0.0191281 0.0110426 0.0196764 -0.0098358 0.00158219 0 0.011512 0.00719055 -0.0198017 0.0111123 0.00728683 0.00779854 0.00364216 0.0123926 -0.0019477
internal_weight=8388.5 2910.06 2701.35 5478.44 1779.32 1656.72 1946.02 3532.42 3021.32 854.527 2775.53 467.633 2307.9 149.982 1363.84 802.192 479.788 545.652 682.978 944.057 27.3095 475.491 208.712 774.883 1400.37 379.746 375.732 215.085 83.5051 131.58
internal_count=1213525 1050675 1032284 162850 570246 511452 20227 142623 137686 195760 104657 14210 90447 7453 40263 315692 10302 2796 166196 50184 6309 9921 18391 309383 17431 6677 6068 4416 643 3773
is_linear=0
shrinkage=0.02


Tree=12
num_leaves=31
num_cat=0
split_feature=23 17 8 10 13 23 5 23 0 8 15 13 2 2 17 13 20 20 6 0 5 10 0 6 2 0 24 20 20 15
split_gain=2963.5 304.409 172.936 165.244 99.2971 122.514 68.9359 60.5733 64.9043 37.8674 34.4183 30.157 31.5436 28.1963 26.1454 38.5464 24.6922 33.8841 21.119 19.9944 19.135 26.6311 35.8778 26.6788 24.8003 21.4535 37.4891 25.3442 18.6053 17.9885
threshold=0.016131097450852398 1.0000000180025095e-35 100.00000000000001 2.5000000000000004 1.0000000180025095e-35 0.011696306522935631 0.015038444194942715 0.02964897453784943 18.500000000000004 4.5000000000000009 1.5000000000000002 0.014599318150430919 3.5000000000000004 1.5000000000000002 9.4822950363159197 0.014815627597272398 3.0934510231018071 7.5880022048950204 1.0000000180025095e-35 60.000000000000007 0.013793759513646366 10.500000000000002 9.5000000000000018 9.5000000000000018 11.500000000000002 60.000000000000007 1.123132646083832 7.8175268173217782 6.4941320419311532 7.5000000000000009
decision_type=2 2 2 2 2 2 2 2 2 2 2 2 2 2 2 2 2 2 2 2 2 2 2 2 2 2 2 2 2 2
left_child=1 2 -1 6 5 10 -2 8 -5 -10 -4 12 -9 16 15 -11 -13 -18 -8 -7 21 22 23 -14 -25 26 27 28 -22 -21
right_child=3 -3 4 7 -6 19 18 11 9 14 -12 13 20 -15 -16 -17 17 -19 -20 29 25 -23 -24 24 -26 -27 -28 -29 -30 -31
leaf_value=-0.025403009892404821 0.01021736892546214 0.0061622599352362476 -0.0094015112016757035 -0.019292194147019527 -0.032229680594554611 -0.021744560990607349 0.022337736774356128 0.010916178216045958 -0.018769126144427693 0.0029084892999595114 -0.020017780284045623 -0.036638354952740891 0.0052879508917517319 0.012080976392069665 0.01066440139973222 -0.023934844727819843 0.013193078405875597 -0.036030331548592774 0.015364758098039579 -0.0077328524822680321 0.0063621466073352896 0.00045542997272989336 0.011972925795439009 0.0011051571323692745 -0.022118614953392571 0.013821060432327717 -0.023979372138461841 -0.025072830784704618 0.023278925062057008 0.0016285349274652206
leaf_weight=907.10298202838749 870.18998259189539 219.62807141849771 150.04804487130605 54.71417619753629 119.00804004003294 35.416317040333524 334.45961395744234 511.1938514825888 29.474458955228329 529.51731317641679 750.05805355194025 7.0654865726828566 237.14393168711103 712.00584450783208 176.45938950753771 21.291213833261281 24.801333101466302 6.1398692745715371 398.53099954640493 604.67105862195604 400.13330599828623 536.37603749684058 269.31349999294616 44.795491146622226 29.923551473766565 182.49516553571448 15.460418000817297 8.7953829225152713 27.151685378048569 94.225310545880347
leaf_count=462038 11004 18391 47430 14029 58794 13270 1325 7901 8595 35439 304490 151 6230 8798 5495 5748 197 142 2924 129526 10697 28560 6501 1513 3458 2590 1001 315 237 16736
internal_value=-4.23999e-05 -0.0164371 -0.018305 0.00865875 -0.0146195 -0.013317 0.0140492 0.00639542 0.00153994 0.00307227 -0.0182627 0.00770157 0.00654193 0.0111842 0.00398475 0.00182576 -0.00544417 0.00254052 0.0185753 -0.00723549 0.00525868 0.00367537 0.00663778 0.00200062 -0.00833839 0.00803608 0.00566822 0.00677636 0.00749363 -0.00646737
internal_weight=8307.59 2880.16 2660.53 5427.43 1753.43 1634.42 1603.18 3824.25 811.457 756.742 900.106 3012.79 2262.78 750.013 727.268 550.809 38.0067 30.9412 732.991 734.313 1751.59 1117.55 581.176 311.863 74.719 634.036 451.541 436.08 427.285 698.896
internal_count=1213525 1050675 1032284 162850 570246 511452 15253 147597 69306 55277 351920 78291 69003 9288 46682 41187 490 339 4249 159532 61102 46262 17702 11201 4971 14840 12250 11249 10934 146262
is_linear=0
shrinkage=0.02


Tree=13
num_leaves=31
num_cat=0
split_feature=23 17 8 6 12 21 23 0 4 23 15 8 0 23 22 21 4 8 0 21 15 4 24 4 2 17 8 2 17 21
split_gain=2867.9 286.272 164.218 159.179 92.4074 117.77 66.6129 57.956 56.2929 31.4137 31.3424 31.1738 29.368 44.844 26.4259 24.2909 25.7737 22.7102 18.7951 18.6099 17.3883 20.2778 16.9345 22.9473 19.1115 16.529 23.0785 22.1039 29.8772 32.8101
threshold=0.016131097450852398 1.0000000180025095e-35 100.00000000000001 1.5000000000000002 60.000000000000007 25.500000000000004 0.02964897453784943 18.500000000000004 2.5000000000000004 0.07693017274141313 1.5000000000000002 4.5000000000000009 15.500000000000002 0.043508073315024383 1.5000000000000002 12.500000000000002 16.500000000000004 6.5000000000000009 60.000000000000007 17.500000000000004 7.5000000000000009 23.500000000000004 1.0959451794624331 3.5000000000000004 1.5000000000000002 34.98578071594239 84.500000000000014 9.5000000000000018 8.84729051589966 1.0000000180025095e-35
decision_type=2 2 2 2 2 2 2 2 2 2 2 2 2 2 2 2 2 2 2 2 2 2 2 2 2 2 2 2 2 2
left_child=1 2 -1 8 -4 18 7 -5 -2 12 -7 -9 13 -8 -14 25 -17 -13 -6 -19 21 -20 -15 -24 -25 26 27 28 29 -16
right_child=3 -3 4 6 5 10 9 11 -10 -11 -12 17 14 22 15 16 -18 19 20 -21 -22 -23 23 24 -26 -27 -28 -29 -30 -31
leaf_value=-0.02509411856751383 0.020543314102830137 0.0055392267941739536 -0.031706050202883203 -0.018603094626401286 -0.021468801565185262 -0.009654334785116658 -0.008288522247334007 -0.017539767464261734 0.011401493573431296 0.01135411226997435 -0.019833338459162738 0.025188989807613017 -0.034893692274148014 0.0063292964461025836 0.010301591619048431 -0.034612007799208533 0.0026220024780032897 0.0041376582164051982 -0.01207486842287488 -0.008391243919460268 0.0014277036950812927 -0.00458145421061923 -0.035739318774255791 -0.034344483836217632 0.0053765572436772499 0.020860955105858989 0.011699352738573901 0.0080675757234826111 0.0071461656340991069 -0.028921757587466207
leaf_weight=892.24723123526201 471.96696955431253 221.36252468032762 116.14075746154413 52.0406549484469 34.682199401315302 149.29479026608169 95.672639161464758 27.368071394739673 644.45098276739009 847.21181658026762 737.09220057562925 18.428184738382697 4.4652807936072341 1198.799683385645 11.852838035672901 7.1364425553474566 85.226431022165343 654.99546911916696 252.08628908765968 50.098761693807319 94.683905690908432 344.47718493704451 7.3617464215494683 4.5268367487005881 38.220755114685744 53.994702841155231 709.15512512903661 325.58374568633735 47.190317227970809 25.5571906757541
leaf_count=462038 2378 18391 58794 14058 13270 47430 11183 8595 7824 8309 304490 393 138 33178 148 899 5086 39936 65535 6186 16736 63991 513 291 1357 203 12761 7418 775 1221
internal_value=-2.32636e-05 -0.0162724 -0.018117 0.00855959 -0.0145017 -0.0132423 0.00679599 0.00160037 0.0152829 0.00799962 -0.0181339 0.00302612 0.00690803 0.00483867 0.00909152 0.0092757 -0.000573383 0.00382994 -0.00724997 0.00323399 -0.00650369 -0.00776616 0.00585171 -0.00543515 0.000435596 0.0100525 0.00951122 0.00570411 -0.00335629 -0.0164977
internal_weight=8223.37 2842.07 2620.7 5381.3 1728.46 1612.32 4264.89 802.931 1116.42 3461.96 886.387 750.89 2614.74 1344.58 1270.16 1265.7 92.3629 723.522 725.93 705.094 691.247 596.563 1248.91 50.1093 42.7476 1173.33 1119.34 410.184 84.6003 37.41
internal_count=1213525 1050675 1032284 162850 570246 511452 152648 69168 10202 83480 351920 55110 75171 46522 28649 28511 5985 46515 159532 46122 146262 129526 35339 2161 1648 22526 22323 9562 2144 1369
is_linear=0
shrinkage=0.02


Tree=14
num_leaves=31
num_cat=0
split_feature=23 17 8 4 12 21 2 20 21 15 21 10 15 8 12 4 0 4 4 7 18 15 0 7 15 20 20 23 23 20
split_gain=2783.75 334.934 160.67 142.725 99.8613 125.603 62.2698 50.0737 29.7466 28.6501 26.4637 22.7958 21.208 21.0199 19.8457 17.934 17.7912 33.607 24.3669 18.8263 17.0872 16.3001 21.3863 37.9399 29.8545 24.5728 20.7091 31.8961 19.7272 18.0102
threshold=0.020821087993681434 1.0000000180025095e-35 100.00000000000001 1.5000000000000002 60.000000000000007 25.500000000000004 4.5000000000000009 2.0525951385498051 7.5000000000000009 1.5000000000000002 5.5000000000000009 18.500000000000004 5.5000000000000009 5.5000000000000009 8.5000000000000018 43.500000000000007 11.500000000000002 68.500000000000014 86.500000000000014 1.0000000180025095e-35 1.0000000180025095e-35 5.5000000000000009 5.5000000000000009 0.013986697886139156 7.5000000000000009 1.8782234191894533 4.1713280677795419 0.042727913707494743 0.044127866625785835 1.4848659634590151
decision_type=2 2 2 2 2 2 2 2 2 2 2 2 2 2 2 2 2 2 2 2 2 2 2 2 2 2 2 2 2 2
left_child=1 2 15 7 -4 10 11 -2 21 -7 12 16 -6 -9 -15 -1 17 -5 -19 -18 -21 -8 23 -23 -25 29 -24 -28 -29 -26
right_child=3 -3 4 6 5 9 8 13 -10 -11 -12 -13 -14 14 -16 -17 19 18 -20 20 -22 22 26 24 25 -27 27 28 -30 -31
leaf_value=0.0062369394095843998 0.021076705124071744 0.0057936140646967079 -0.031359280844273474 0.0133325389483292 -0.0059863845503522681 -0.0098556653239068436 0.0083235231775708272 -0.032444227423550707 0.0025374027074725951 -0.019636154152335234 -0.0087616038584475107 0.00088956186293778728 0.0087719190337334722 0.02156176611733274 0.0077247472380980913 -0.024698743073089006 0.0065337998570871546 -0.022642704867853074 0.0071342895095293382 0.019420072454666308 -0.012553494744321584 -0.036465930433000088 0.0099816729858305461 0.0055088807689900052 -0.031607403778760881 -0.038265520499466195 0.0088774797298941995 -0.035430496143998721 -0.002411518666420883 0.018702666229684792
leaf_weight=7.0891442988067856 458.6511825483758 268.03309647622518 124.27958458894864 628.65983018581755 88.452183129731566 148.50103223632323 1355.2311898680637 3.6331893764436236 829.03025157097727 723.61204963177443 619.83278933854308 89.953130773734301 67.962377289775759 52.583847362548113 199.386729931226 906.46427760808729 71.053564035333693 10.239446570165454 541.30086253257468 221.60320791904815 6.1705398121848694 11.077431178186087 293.00412142579444 98.420897176023573 3.2321409694850463 11.806999349500982 151.91068978863768 6.6642356757074586 139.77872946835123 7.6768763978034258
leaf_count=834 2460 21079 63244 5918 15435 47430 34880 66 54472 304490 142959 2848 8493 164 3177 471507 1252 248 8275 1612 66 1644 7562 2458 217 823 5511 549 3745 107
internal_value=-4.95281e-06 -0.015501 -0.0176279 0.0088147 -0.0140991 -0.0127783 0.00748615 0.0171168 0.00574854 -0.0179862 -0.00690907 0.0106995 0.000428405 0.00994911 0.0106941 -0.0244499 0.0112938 0.0101671 0.00653788 0.0156882 0.0184941 0.00702635 0.00458589 -0.0026594 0.000688941 -0.0194616 0.0062109 0.00248009 -0.0041578 0.00222636
internal_weight=8145.3 2954.23 2686.19 5191.07 1772.64 1648.36 4476.81 714.255 2907.83 872.113 776.247 1568.98 156.415 255.604 251.971 913.553 1479.03 1180.2 551.54 298.827 227.774 2078.8 723.572 132.214 121.137 22.716 591.358 298.354 146.443 10.909
internal_count=1213525 1075471 1054392 138054 582051 518807 132187 5867 111968 351920 166887 20219 23928 3407 3341 472341 17371 14441 8523 2930 1678 57496 22616 5249 3605 1147 17367 9805 4294 324
is_linear=0
shrinkage=0.02


Tree=15
num_leaves=31
num_cat=0
split_feature=23 23 10 4 4 8 6 12 0 23 15 15 10 23 0 4 24 24 22 15 0 20 23 4 20 8 8 24 6 12
split_gain=2648.75 215.077 172.728 154.717 65.9512 46.671 42.8379 34.7245 31.2038 42.8257 30.5379 28.63 29.5288 29.488 28.2895 27.7885 21.6794 21.3324 20.8259 20.6383 21.5871 28.9416 43.3353 22.7963 20.5764 19.4967 54.8959 48.6503 24.7812 19.383
threshold=0.015877500176429752 0.011561079882085325 15.500000000000002 5.5000000000000009 81.500000000000014 85.500000000000014 1.0000000180025095e-35 17.500000000000004 60.000000000000007 0.043508073315024383 1.5000000000000002 4.5000000000000009 18.500000000000004 0.013540237210690977 60.000000000000007 5.5000000000000009 1.1674041152000429 1.1407350301742556 90.500000000000014 6.5000000000000009 4.5000000000000009 1.0000000180025095e-35 0.080649357289075865 11.500000000000002 4.6395585536956796 62.500000000000007 9.5000000000000018 1.0154442787170412 2.5000000000000004 9.5000000000000018
decision_type=2 2 2 2 2 2 2 2 2 2 2 2 2 2 2 2 2 2 2 2 2 2 2 2 2 2 2 2 2 2
left_child=1 4 3 6 10 -3 -2 15 9 16 -1 12 -7 -13 17 -4 24 -9 -17 25 21 -21 -23 -22 -5 26 -11 -28 -27 -14
right_child=2 5 7 8 -6 11 -8 14 -10 19 -12 13 29 -15 -16 18 -18 -19 -20 20 23 22 -24 -25 -26 28 27 -29 -30 -31
leaf_value=-0.0066971756905599327 0.022177370532687053 -0.017391514375812104 -0.025037851905599116 -0.0061658001605440814 -0.024472285488745894 0.0021331781833983819 0.013969783238061235 -0.0033774078736725282 0.012046194049481792 0.010721227315248091 -0.018011632316592099 -0.0099762642237060124 -0.028242065191789456 -0.00029182070447862266 0.0023083903230080799 0.0071093399885822544 0.017110116175636261 -0.020979642921407204 -0.022601565787943378 0.015059272163072358 -0.017339617001090105 -0.010794350515332172 0.0095253370905431321 0.008912554378161212 -0.0353274134919149 0.01328596293994295 -0.028727111704975831 0.00067304301309951161 0.0073546368704851687 -0.011774283596899866
leaf_weight=118.71394683199469 373.69589219335467 241.06309990701266 10.254072275478391 68.694486885447986 862.04848555475473 57.563908698386513 841.88834977964871 214.90801466547418 570.8211246135179 191.77657630480826 536.51511342125013 214.12543341913261 30.961563992546871 303.97725898155477 636.27981098846067 641.07239381468389 12.351288505829869 30.798026600852609 8.5985845832619798 37.291498094797134 12.98570261755958 124.68034452060238 62.040795277804136 258.46307340567 10.476052038604392 469.99616986233741 28.595278503373265 93.393174357246608 724.13550162129104 368.38313669024501
leaf_count=35118 1456 107601 300 9534 443851 7391 9140 19889 10447 1626 224635 57677 13489 53194 48561 25218 557 5777 475 332 443 4434 611 7071 1996 4983 935 1813 18867 95575
internal_value=0.000255522 -0.0157946 0.00834675 0.0105962 -0.0208184 -0.00951293 0.0165108 0.00267984 0.00789324 0.00675547 -0.0159781 -0.00754715 -0.0111965 -0.00430964 8.01484e-05 0.00614592 -0.00655737 -0.00566796 0.0066789 0.00736762 0.00380787 -0.000780004 -0.00401741 0.00759031 -0.010442 0.00853265 0.00406699 -0.00637992 0.00969997 -0.0131234
internal_weight=8156.55 2733.35 5423.2 3881.29 1517.28 1216.07 1215.58 1541.91 2665.7 2094.88 655.229 975.011 456.909 518.103 881.986 659.925 91.5218 245.706 649.671 2003.36 495.461 224.013 186.721 271.449 79.1705 1507.9 313.765 121.988 1194.13 399.345
internal_count=1212996 1038531 174465 74245 703604 334927 10596 100220 63649 53202 259753 227326 116455 110871 74227 25993 12087 25666 25693 41115 12891 5377 5045 7514 11530 28224 4374 2748 23850 109064
is_linear=0
shrinkage=0.02


Tree=16
num_leaves=31
num_cat=0
split_feature=23 17 8 10 13 21 5 21 14 14 10 10 5 1 14 22 20 14 10 1 17 20 1 10 1 1 8 20 8 17
split_gain=2582.48 400.739 164.231 162.187 92.1103 125.516 58.9068 49.2096 46.0083 30.322 25.5631 26.3308 24.128 27.7486 24.6112 22.0547 22.0383 45.5239 28.739 28.7679 26.3607 23.7011 26.1295 20.6833 19.8116 19.429 19.1368 18.7723 18.5757 18.5352
threshold=0.020821087993681434 3.9495228528976445 100.00000000000001 1.5000000000000002 1.0000000180025095e-35 18.500000000000004 0.015749008394777778 3.5000000000000004 22.500000000000004 37.500000000000007 16.500000000000004 17.500000000000004 0.013606071937829258 0.016261236742138866 28.500000000000004 60.500000000000007 3.933190226554871 52.500000000000007 60.000000000000007 0.013423423748463394 9.7217559814453143 4.3265156745910653 0.013245614245533945 14.500000000000002 0.015038444194942715 0.012579114176332952 4.5000000000000009 6.6916196346282968 1.5000000000000002 22.934515953063968
decision_type=2 2 2 2 2 2 2 2 2 2 2 2 2 2 2 2 2 2 2 2 2 2 2 2 2 2 2 2 2 2
left_child=1 2 -1 6 5 8 9 10 -4 -2 12 -12 13 28 -14 -7 20 18 19 -18 23 22 -19 24 -9 -10 -22 -15 -5 -13
right_child=3 -3 4 7 -6 15 -8 16 25 -11 11 29 14 27 -16 -17 17 21 -20 -21 26 -23 -24 -25 -26 -27 -28 -29 -30 -31
leaf_value=-0.024205821297484255 0.015170620846689636 0.0083167610534615067 0.0033948520743532569 0.017602942503580025 -0.030268963037487419 -0.01407183959124835 0.020245066475881417 0.0082810680662591916 -0.0076560790226593593 0.0067989991391034493 -0.024031979783450154 0.0029043103462555535 0.01795935596028362 -0.037267467420754909 0.0099300777213491894 -0.020191459278538153 0.0058979784410475005 -0.036661523173307738 -0.0090568922805420501 -0.008157790799303604 -0.030385335490849971 0.0083215938071631319 0.0094081122346331269 0.00060331615800610669 -0.0040437958356579814 -0.025827233093545347 0.015263759537799373 0.0012694141256298691 0.0076188751315406211 0.012520871015991404
leaf_weight=889.7327796833124 376.58469569217414 270.74032777827233 173.2574643966509 81.224705941509455 123.23847846314311 555.89296984189423 515.23196862079203 537.33660393231548 434.85889205324929 326.99346353346482 11.589116942603139 323.20324539300054 244.35578592820093 7.7722218977287438 427.83980279718526 436.03591230930761 185.29109889245592 9.1702448017895239 165.67881942959502 83.699200890143402 2.8424529233016065 336.7991652560886 8.8140097316354495 294.68608213821426 56.944107169518247 24.251772995106876 141.86462084716186 11.56198874581605 935.99610928504262 106.45408108085394
leaf_count=472066 2685 21000 24114 570 63146 199937 2498 20957 94962 4971 546 12259 1829 513 5443 189309 6652 827 13653 5036 96 13728 377 22541 2827 10221 1911 238 17295 789
internal_value=0.000261286 -0.014825 -0.0172037 0.00871273 -0.0136257 -0.0123439 0.0150953 0.00675099 -0.0053643 0.0112979 0.00880177 0.00448724 0.00991146 0.00797768 0.0128742 -0.0167816 0.00432792 0.00180491 -0.00252901 0.00150295 0.00624929 0.00711248 -0.0146714 0.00494634 0.00709193 -0.00867433 0.014151 -0.0151947 0.00843457 0.00531514
internal_weight=8099.94 2908.01 2637.27 5191.93 1747.54 1624.3 1218.81 3973.12 632.368 703.578 2150 441.246 1708.75 1036.56 672.196 991.929 1823.13 789.453 434.669 268.99 1033.67 354.783 17.9843 888.967 594.281 459.111 144.707 19.3342 1017.22 429.657
internal_count=1212996 1074755 1053755 138241 581689 518543 10154 128087 129297 7656 39482 13594 25888 18616 7272 389246 88605 40273 25341 11688 48332 14932 1204 46325 23784 105183 2007 751 17865 13048
is_linear=0
shrinkage=0.02


end of trees

feature_importances:
popularity=61
reciprocal_rank_sum=48
turn_number=47
rank_current_utterance_top100=41
pmi_sum=37
rank_item2vec_top100=35
best_rank=33
rank_bm25_norepeat=30
rank_metadata_qwen3=29
rank_std=28
rank_decay_descending=19
rank_cf_bpr=17
rank_pmi_leg=14
score_ratio=12
score_bm25_norepeat=10
score_item2vec_top100=8
score_pmi_leg=8
worst_rank=8
score_current_utterance_top100=7
n_prior_accepts=5
score_cf_bpr=3
score_decay_descending=3
score_metadata_qwen3=3
n_legs_containing=2
is_in_all_legs=1
cf_boosted_score=1

parameters:
[boosting: gbdt]
[objective: lambdarank]
[metric: ndcg]
[tree_learner: serial]
[device_type: cpu]
[data_sample_strategy: bagging]
[data: ]
[valid: ]
[num_iterations: 500]
[learning_rate: 0.02]
[num_leaves: 31]
[num_threads: -1]
[seed: 0]
[deterministic: 0]
[force_col_wise: 0]
[force_row_wise: 0]
[histogram_pool_size: -1]
[max_depth: -1]
[min_data_in_leaf: 30]
[min_sum_hessian_in_leaf: 0.001]
[bagging_fraction: 0.8]
[pos_bagging_fraction: 1]
[neg_bagging_fraction: 1]
[bagging_freq: 5]
[bagging_seed: 3]
[bagging_by_query: 0]
[feature_fraction: 0.7]
[feature_fraction_bynode: 1]
[feature_fraction_seed: 2]
[extra_trees: 0]
[extra_seed: 6]
[early_stopping_round: 0]
[early_stopping_min_delta: 0]
[first_metric_only: 0]
[max_delta_step: 0]
[lambda_l1: 0.1]
[lambda_l2: 1]
[linear_lambda: 0]
[min_gain_to_split: 0]
[drop_rate: 0.1]
[max_drop: 50]
[skip_drop: 0.5]
[xgboost_dart_mode: 0]
[uniform_drop: 0]
[drop_seed: 4]
[top_rate: 0.2]
[other_rate: 0.1]
[min_data_per_group: 100]
[max_cat_threshold: 32]
[cat_l2: 10]
[cat_smooth: 10]
[max_cat_to_onehot: 4]
[top_k: 20]
[monotone_constraints: ]
[monotone_constraints_method: basic]
[monotone_penalty: 0]
[feature_contri: ]
[forcedsplits_filename: ]
[refit_decay_rate: 0.9]
[cegb_tradeoff: 1]
[cegb_penalty_split: 0]
[cegb_penalty_feature_lazy: ]
[cegb_penalty_feature_coupled: ]
[path_smooth: 0]
[interaction_constraints: ]
[verbosity: -1]
[saved_feature_importance_type: 0]
[use_quantized_grad: 0]
[num_grad_quant_bins: 4]
[quant_train_renew_leaf: 0]
[stochastic_rounding: 1]
[linear_tree: 0]
[max_bin: 255]
[max_bin_by_feature: ]
[min_data_in_bin: 3]
[bin_construct_sample_cnt: 200000]
[data_random_seed: 1]
[is_enable_sparse: 1]
[enable_bundle: 1]
[use_missing: 1]
[zero_as_missing: 0]
[feature_pre_filter: 1]
[pre_partition: 0]
[two_round: 0]
[header: 0]
[label_column: ]
[weight_column: ]
[group_column: ]
[ignore_column: ]
[categorical_feature: ]
[forcedbins_filename: ]
[precise_float_parser: 0]
[parser_config_file: ]
[objective_seed: 5]
[num_class: 1]
[is_unbalance: 0]
[scale_pos_weight: 1]
[sigmoid: 1]
[boost_from_average: 1]
[reg_sqrt: 0]
[alpha: 0.9]
[fair_c: 1]
[poisson_max_delta_step: 0.7]
[tweedie_variance_power: 1.5]
[lambdarank_truncation_level: 20]
[lambdarank_norm: 1]
[label_gain: ]
[lambdarank_position_bias_regularization: 0]
[eval_at: ]
[multi_error_top_k: 1]
[auc_mu_weights: ]
[num_machines: 1]
[local_listen_port: 12400]
[time_out: 120]
[machine_list_filename: ]
[machines: ]
[gpu_platform_id: -1]
[gpu_device_id: -1]
[gpu_use_dp: 0]
[num_gpu: 1]

end of parameters

pandas_categorical:null
