tree
version=v4
num_class=1
num_tree_per_iteration=1
label_index=0
max_feature_idx=22
objective=lambdarank
feature_names=rank_biencoder_large_top100 score_biencoder_large_top100 rank_biencoder_top100 score_biencoder_top100 rank_bm25_norepeat score_bm25_norepeat rank_cf_bpr score_cf_bpr rank_decay_descending score_decay_descending rank_e5_large_top100 score_e5_large_top100 rank_metadata_qwen3 score_metadata_qwen3 rank_pmi_leg score_pmi_leg popularity turn_number n_prior_accepts pmi_sum is_in_all_legs n_legs_containing biencoder_cosine
feature_infos=[0:101] [0:0.016393441706895828] [0:101] [0:0.016393441706895828] [0:101] [0:0.016393441706895828] [0:101] [0:0.016393441706895828] [0:101] [0:0.016393441706895828] [0:101] [0:0.016393441706895828] [0:101] [0:0.016393441706895828] [0:101] [0:0.016393441706895828] [0:93] [1:8] [0:7] [0:57.740737915039062] [0:1] [1:8] [-0.31808251142501831:0.94890081882476807]
tree_sizes=6991 6982 6936 6928 7000 6997 6991

Tree=0
num_leaves=63
num_cat=0
split_feature=21 0 16 21 21 19 10 10 10 14 2 19 14 21 18 16 16 14 0 0 12 6 10 8 0 8 10 19 18 18 7 0 0 16 2 0 10 18 10 6 16 2 19 14 10 7 4 12 16 12 16 16 18 19 16 0 2 2 2 2 6 18
split_gain=3762.26 531.444 396.352 210.923 186.117 115.749 89.9097 78.1228 73.8187 67.1671 63.3376 59.4668 34.9004 32.9878 48.7155 34.6275 31.0224 28.6302 24.5931 24.5878 24.5575 22.9075 21.8226 21.5414 19.8446 19.7854 19.4673 18.4277 17.8297 16.2645 16.1399 15.1728 19.1137 14.6134 14.3564 14.2363 13.3968 13.4289 13.04 14.6345 12.6205 12.3855 11.9456 15.0731 11.0131 11.9537 10.497 10.3352 9.64477 10.2428 9.2777 9.13272 9.03985 8.73197 8.55724 8.54249 8.39893 11.4167 10.9348 8.32436 8.10968 11.6742
threshold=2.5000000000000004 19.500000000000004 53.500000000000007 4.5000000000000009 1.5000000000000002 1.0000000180025095e-35 13.500000000000002 25.500000000000004 44.500000000000007 17.500000000000004 25.500000000000004 8.2623300552368182 13.500000000000002 3.5000000000000004 1.0000000180025095e-35 54.500000000000007 61.500000000000007 60.000000000000007 35.500000000000007 15.500000000000002 7.5000000000000009 5.5000000000000009 21.500000000000004 8.5000000000000018 24.500000000000004 4.5000000000000009 44.500000000000007 4.5457341670989999 4.5000000000000009 2.5000000000000004 0.016261236742138866 58.500000000000007 88.500000000000014 59.500000000000007 4.5000000000000009 65.500000000000014 5.5000000000000009 1.0000000180025095e-35 53.500000000000007 9.5000000000000018 58.500000000000007 6.5000000000000009 10.664512634277346 3.5000000000000004 39.500000000000007 1.0000000180025095e-35 60.000000000000007 15.500000000000002 75.500000000000014 60.000000000000007 44.500000000000007 66.500000000000014 3.5000000000000004 8.6267762184143084 39.500000000000007 31.500000000000004 26.500000000000004 94.500000000000014 24.500000000000004 47.500000000000007 18.500000000000004 3.5000000000000004
decision_type=2 2 2 2 2 2 2 2 2 2 2 2 2 2 2 2 2 2 2 2 2 2 2 2 2 2 2 2 2 2 2 2 2 2 2 2 2 2 2 2 2 2 2 2 2 2 2 2 2 2 2 2 2 2 2 2 2 2 2 2 2 2
left_child=2 6 4 9 11 8 20 36 29 54 55 17 -9 15 30 22 31 -1 24 -18 -2 -8 50 -24 -14 -5 -19 60 48 -4 -15 -10 -33 59 -22 -28 -6 -38 47 46 -30 52 43 -7 45 -31 -40 -20 49 -17 -12 -46 -41 -42 -3 -11 58 -58 -37 -23 -27 -62
right_child=1 3 5 25 7 42 21 12 16 10 13 -13 18 14 -16 28 19 26 38 -21 34 33 23 -25 -26 27 35 -29 40 44 -32 32 -34 -35 -36 56 37 -39 39 41 53 -43 -44 -45 51 -47 -48 -49 -50 -51 -52 -53 -54 -55 -56 -57 57 -59 -60 -61 61 -63
leaf_value=-0.10000000000000001 0.089143916479986318 -0.0097607595252099267 0.041220380224412212 0.07614693447265812 0.050919309974901454 -0.10000000000000001 0.076173998721691533 0.057950045754280512 -0.016643623039381435 0.038919727796081265 -0.013874165768879558 0.046522489982162775 -0.045842241161113233 -0.090499331236041952 0.028810346199178372 -0.10000000000000001 0.056224735070589608 -0.045217009685687454 0.10000000000000001 -0.020630216338236321 0.082375399049275877 0.0384660394013496 0.030098355912075145 -0.038931741170969578 0.0090132290539043699 0.041287222225397192 -0.055672245901481614 0.067587233748267569 0.015946817598624704 -0.032556089120382201 0.063047178497414522 -0.10000000000000001 -0.045409772291976271 0.063300084928647582 0.06447518344949478 -0.063217169560541409 -0.10000000000000001 0.0089942840617163646 -0.09999999999999995 -0.10000000000000001 -0.078438145721852467 -0.059449573658287375 0.066760832951475987 0.033581667674881778 0.054475783101382118 0.092376491233977384 0.045438774689548878 -0.032951553702620845 0.060353362943610205 0.016967706725831401 0.03407345964350364 -0.10000000000000001 0.058570971738233606 0.043631294724018624 0.058097969786404094 0.015263265337056554 -0.081895049863869349 -0.069300851286867346 0.00097831458662501732 0.006129317658127964 -0.041594753082141528 0.035223988966732303
leaf_weight=74.713314428779995 384.31953075857018 5.032511261466424 49.423141524268431 95.548849424667424 19.930641376849962 2.1935780585044986 58.510447691078298 8.8214928715024126 35.972918261410086 76.533017651760019 26.017676281917375 11.040883244015275 29.730770280395518 12.674748203367923 86.617946125275921 1.9460555464756897 10.90932136174524 86.304425040347269 1.49462330341339 225.91434511574334 193.54626932076644 164.0946989460208 12.029342523077501 186.78987097070785 37.011478923101095 77.990805991736124 147.71336890646489 68.43808781192638 8.735158920579126 22.302923804280002 1.978597316658125 18.77438292754232 109.87035351367376 57.873056165088201 265.90104972732661 34.848721346395905 2.9878841369645661 52.161987826286349 1.5800850144587455 1.1811377392150451 10.986653267056679 204.65324332292948 31.484061800758354 56.630614059162326 9.6012722409795952 2.0944556915201238 5.7750064607243976 66.447380023659207 13.272744434187187 48.959953343583038 16.479112295055529 1.0626965303672467 3.759722329035867 1.690407346934079 60.461797761498019 76.114011645462597 275.71292107575573 518.04990528579219 8.1930418413248827 22.64907741418574 7.9272129947494276 13.149927959369959
leaf_count=56785 8187 1186 10430 6543 3279 1429 2625 1321 13028 9353 6326 3132 15195 8314 15958 1186 2202 47078 28 92788 7333 21461 3373 50225 10190 8007 77440 4524 1737 10556 373 10690 51787 4533 19019 21595 2108 14134 754 791 4489 86166 3077 12696 1291 35 1067 21872 1189 7825 2086 623 729 106 5679 16574 140215 263639 2610 5501 1653 1545
internal_value=0.000338476 0.048792 -0.0456106 0.0202457 -0.0584711 -0.0100774 0.0714263 -0.030613 -0.0197381 0.00488329 -0.000529287 -0.0689617 -0.0402776 -0.0103878 0.0145469 -0.0181122 -0.0286782 -0.0700748 -0.0427419 -0.0170899 0.0798173 0.0480697 -0.0278036 -0.0347551 -0.0154225 0.0579909 -0.0679868 0.0476343 0.00921204 0.0227425 -0.0697664 -0.0453496 -0.0533767 0.0413474 0.0720158 -0.0699829 0.0157861 0.00308924 -0.049142 -0.0551283 -0.0302967 -0.057561 0.0419042 0.0286004 -0.00330422 -0.0218309 0.0141943 -0.0300268 0.0223935 0.0124962 0.00471863 0.0390818 0.0206638 -0.0621609 0.0528838 0.027124 -0.072509 -0.0736754 -0.0509975 0.0345441 0.0338504 0.00633209
internal_weight=4224.61 2056.27 2168.35 909.374 1592.11 576.234 1146.89 435.535 485.926 646.32 580.825 1156.58 360.455 428.178 101.271 326.907 401.441 1145.54 351.633 236.824 843.767 303.127 241.316 198.819 66.7422 263.055 1070.82 167.506 85.591 84.4845 14.6533 164.618 128.645 244.617 459.447 984.518 75.0805 55.1499 284.891 216.949 21.4122 209.594 90.3083 58.8242 35.0613 24.3974 7.35509 67.942 64.1788 50.906 42.4968 10.664 4.94086 12.6771 65.4943 152.647 836.805 793.763 43.0418 186.744 99.0679 21.0771
internal_count=1207670 226910 980760 158251 770128 210632 68659 157634 193430 135979 129114 612494 138113 103187 24645 78542 170495 609362 136792 94990 34539 34120 62010 53598 25385 22272 552577 15729 16532 22935 8687 75505 62477 31495 26352 505499 19521 16242 111407 89507 6332 87686 17202 14125 12505 10591 1821 21900 10200 9011 8412 1914 1520 4595 6865 25927 428059 403854 24205 26962 11205 3198
is_linear=0
shrinkage=0.05


Tree=1
num_leaves=63
num_cat=0
split_feature=22 10 6 22 12 16 16 22 14 21 22 22 8 16 14 0 10 14 4 10 10 6 12 16 14 12 22 6 12 10 16 12 10 22 22 2 2 17 22 22 14 14 0 2 2 22 2 2 8 8 14 14 22 16 10 12 10 12 6 22 2 8
split_gain=3414.69 882.02 365.452 331.897 239.916 233.449 194.144 143.859 132.074 123.063 118.799 99.171 94.0548 88.0195 67.951 61.3059 58.6124 56.6281 53.318 51.6111 45.8394 44.725 44.3226 43.416 52.2959 41.7836 41.7635 41.6241 40.4709 40.241 57.6475 47.1309 39.816 47.6552 46.0904 39.1967 37.5205 44.1859 36.5321 36.3903 49.9371 34.6987 34.1858 41.9204 33.4801 39.3809 50.1572 33.427 32.689 32.58 32.4809 35.0066 32.0984 31.7895 31.7402 31.6287 89.7704 60.6569 78.6682 37.2034 52.5154 43.9311
threshold=0.46781998872756964 4.5000000000000009 15.500000000000002 0.55062922835350048 18.500000000000004 73.500000000000014 51.500000000000007 0.23348873108625415 14.500000000000002 2.5000000000000004 0.37671718001365667 0.28969860076904302 1.5000000000000002 71.500000000000014 12.500000000000002 1.0000000180025095e-35 31.500000000000004 6.5000000000000009 1.5000000000000002 15.500000000000002 56.500000000000007 12.500000000000002 1.0000000180025095e-35 73.500000000000014 13.500000000000002 1.5000000000000002 0.38311275839805609 14.500000000000002 7.5000000000000009 42.500000000000007 52.500000000000007 9.5000000000000018 13.500000000000002 0.63834947347641002 0.59264525771141063 18.500000000000004 8.5000000000000018 6.5000000000000009 0.33668214082717901 0.190193846821785 13.500000000000002 3.5000000000000004 21.500000000000004 8.5000000000000018 1.5000000000000002 0.65604615211486828 22.500000000000004 5.5000000000000009 6.5000000000000009 60.000000000000007 11.500000000000002 4.5000000000000009 0.45555029809474951 36.500000000000007 11.500000000000002 1.5000000000000002 11.500000000000002 7.5000000000000009 9.5000000000000018 0.58880847692489635 24.500000000000004 15.500000000000002
decision_type=2 2 2 2 2 2 2 2 2 2 2 2 2 2 2 2 2 2 2 2 2 2 2 2 2 2 2 2 2 2 2 2 2 2 2 2 2 2 2 2 2 2 2 2 2 2 2 2 2 2 2 2 2 2 2 2 2 2 2 2 2 2
left_child=2 4 7 6 12 10 9 17 18 16 25 -7 36 29 -12 -6 -3 -1 22 52 -20 -22 -5 24 -8 -4 38 -17 44 32 -31 -32 55 34 -34 -18 -2 -38 -9 -27 53 -25 43 -26 -14 -46 -47 -42 -36 -29 51 -37 -16 -41 -44 56 -10 59 -59 -57 61 -61
right_child=1 3 5 8 15 11 23 26 13 -11 14 -13 28 -15 19 27 35 -19 20 -21 21 -23 -24 41 42 39 -28 49 -30 30 31 -33 33 -35 48 50 37 -39 -40 40 47 -43 54 -45 45 46 -48 -49 -50 -51 -52 -53 -54 -55 -56 57 -58 58 -60 60 -62 -63
leaf_value=0.044752065758071106 0.067484080538008306 -0.0012324595321892562 0.042260922265048011 0.014548709216613949 0.042195405897908975 -0.097787304274397052 0.029891250360568267 0.0023520987101810628 0.03187416280003133 -0.0068474078623360947 0.0032465790353606175 0.018355279261786039 0.047965796125720425 0.033505308051126836 -0.00077585366825676412 0.044260193388902865 0.0034173543195514934 -0.081935259790671941 0.037249908180672579 -0.058532003007242518 -0.030514737585737053 0.024061097745966525 -0.071561180300638835 -0.10167837397192372 0.015900308965450635 -0.091885177721489047 0.022367672719176369 0.036329810201808477 0.054345139669028909 -0.0087797513396276009 -0.033205332705737688 0.01871713988279327 0.01634650266063227 0.021855378434109975 0.020323601261423345 -0.10258777571542554 0.040562764685928239 -0.10284697379415508 -0.055650258420421185 -0.095181628665069462 0.027719660846424878 0.034692155944705504 0.047065784297620657 -0.086433884405521383 0.049165041051242704 0.021847622038342729 -0.073337263285935414 -0.076850345178744867 -0.027466053946661469 0.0035530654022080674 -0.052658096036734374 0.057960403632105764 -0.10055088802092829 -0.014618388704716165 -0.0081421693321926929 0.037110557943231703 -0.10267404942850052 0.04238911626752731 0.00071514722151730099 -0.010764265581304125 -0.10316855949209341 -0.071128900887463112
leaf_weight=10.030920192366464 579.98147870460525 79.316195157822222 7.3653737710556006 42.176059087039903 202.96186084672809 21.57877180702053 110.85029080417007 94.566590490052477 171.66899208910763 417.77536685165251 52.798982098116539 123.98335815174505 269.40584003459662 285.3799853308592 61.052450813585892 86.230782989645377 36.05896581383422 73.11448897246737 651.08006947650574 841.88096200383734 51.33564784238115 139.68684866186231 23.144119057804346 4.8219970057252786 15.41831520013511 299.28858581208624 187.35350396228023 86.171774508897215 328.4769170708023 981.32049342989922 49.163456690497696 393.67744279862382 237.40783390670549 832.48447049222887 46.741043548798189 4.5860268804244724 60.989710322581232 5.8898388650268307 38.078152530593798 15.579513427801428 7.7362536909058681 142.88460317952558 28.260496316011995 28.516405752627179 140.92180737154558 388.76973800477572 14.350928556639699 629.19433422549628 152.62636566592846 630.85914795217104 525.33290713187307 13.077014100505037 9.2870114475954306 57.205990410409868 330.49659566080663 27.214525473071262 13.361948539968578 130.35428292315919 862.6561220883159 239.75509797502309 19.551690696272999 34.474129224196076
leaf_count=181 1242 13032 689 275 1299 5704 2189 8884 722 25830 3162 12432 881 11944 6214 728 5946 19010 7370 229008 958 3692 316 258 287 97950 8255 770 2518 151544 1381 46930 16981 32858 590 354 256 91 4352 4701 1499 8411 1068 2961 600 1722 171 187593 16042 12483 159019 370 1396 5285 51846 179 132 1407 21402 1585 325 390
internal_value=0.000144443 0.0133715 -0.0517041 0.00403091 0.0371746 -0.0599772 -0.0149713 -0.00805598 0.0101614 -0.0280731 -0.064467 0.00113779 0.0481616 0.00663653 -0.0519023 0.0176429 -0.041542 -0.0666513 0.0275556 -0.0550943 0.0309311 0.00939431 -0.0159616 0.00635109 -0.000519978 -0.0763968 0.00716889 0.0114392 0.0395324 0.00480758 -0.00202205 0.0129528 0.00832111 0.0148377 0.00146229 -0.0470635 0.0633949 0.0279332 -0.0142986 -0.077263 -0.0710967 0.0302402 -0.00889138 -0.050521 0.0335509 0.0264128 0.0184591 -0.0755802 -0.0162619 0.00749213 -0.0504158 0.0162757 -0.0139493 -0.0318627 -0.00379325 0.00280336 0.0221578 7.7976e-05 0.00618576 -0.0188167 -0.0239975 -0.0183529
internal_weight=12447.8 9917.67 2530.1 7122.66 2795.01 2126.95 1737.4 403.144 5385.26 1076.15 1981.39 145.562 1788.79 4477.84 965.019 1006.22 658.371 83.1454 907.423 912.22 842.103 191.022 65.3202 661.249 513.542 1016.37 319.998 803.262 1141.93 4192.46 1424.16 442.841 2768.3 1269.26 436.775 579.055 646.861 66.8795 132.645 1009 709.716 147.707 402.692 43.9347 813.448 544.042 403.121 636.931 199.367 717.031 542.996 17.663 70.3395 72.7855 358.757 1499.04 185.031 1314.01 993.01 320.995 293.781 274.229
internal_count=1207670 611355 596315 588594 22761 555633 271571 40682 317023 204551 537497 18136 7481 304412 239780 15280 178721 19191 12611 236618 12020 4650 591 67020 58351 297717 21491 13981 5892 292468 199855 48311 92613 66471 33613 165689 1589 347 13236 297028 199078 8669 56162 3248 3374 2493 1893 189092 16632 13253 159743 724 7610 9986 52914 26142 854 25288 22809 2479 2300 1975
is_linear=0
shrinkage=0.05


Tree=2
num_leaves=63
num_cat=0
split_feature=21 12 16 2 21 10 21 16 2 0 16 6 0 0 10 6 0 16 16 16 21 17 5 0 16 17 2 21 17 16 5 2 10 2 12 5 16 17 0 11 0 5 10 16 6 5 16 17 16 17 10 13 6 9 16 5 8 17 16 17 16 17
split_gain=3205.82 643.221 549.877 273.646 268.205 161.324 101.5 79.6994 79.5515 72.4278 67.3742 78.287 56.1308 55.6318 51.2982 47.8549 46.6919 50.8994 42.6406 39.2865 38.9579 37.2898 37.0221 33.7153 33.2726 31.3317 29.9432 29.6078 28.9807 33.8499 33.9265 29.5963 34.0729 26.5993 38.5122 24.9655 35.7499 26.6339 24.804 30.7363 24.4301 23.1892 26.2248 24.8484 23.0921 22.7891 35.4648 22.4844 25.6905 22.2346 21.8696 21.8368 21.482 42.6172 35.2837 22.4945 22.0239 21.3432 26.9428 26.7937 26.5887 21.2032
threshold=2.5000000000000004 7.5000000000000009 50.500000000000007 12.500000000000002 1.5000000000000002 17.500000000000004 1.5000000000000002 73.500000000000014 19.500000000000004 58.500000000000007 48.500000000000007 13.500000000000002 87.500000000000014 2.5000000000000004 53.500000000000007 8.5000000000000018 2.5000000000000004 71.500000000000014 34.500000000000007 81.500000000000014 3.5000000000000004 3.5000000000000004 0.013072453904896976 29.500000000000004 85.500000000000014 1.5000000000000002 9.5000000000000018 4.5000000000000009 3.5000000000000004 27.500000000000004 0.016261236742138866 4.5000000000000009 6.5000000000000009 12.500000000000002 9.5000000000000018 0.015504807699471714 75.500000000000014 6.5000000000000009 1.0000000180025095e-35 0.014599318150430919 18.500000000000004 0.013986697886139156 69.500000000000014 47.500000000000007 14.500000000000002 0.016261236742138866 48.500000000000007 3.5000000000000004 26.500000000000004 7.5000000000000009 93.500000000000014 0.013423423748463394 5.5000000000000009 0.013245614245533945 30.500000000000004 0.015749008394777778 11.500000000000002 5.5000000000000009 11.500000000000002 3.5000000000000004 67.500000000000014 1.5000000000000002
decision_type=2 2 2 2 2 2 2 2 2 2 2 2 2 2 2 2 2 2 2 2 2 2 2 2 2 2 2 2 2 2 2 2 2 2 2 2 2 2 2 2 2 2 2 2 2 2 2 2 2 2 2 2 2 2 2 2 2 2 2 2 2 2
left_child=2 3 4 13 -1 8 7 21 16 -9 11 41 -5 45 -6 -16 17 26 25 38 57 -4 -8 -22 -12 -14 -3 44 -15 -30 52 -32 -33 34 -28 36 -29 -37 39 -10 -13 -7 -43 -44 -20 46 -2 -27 -49 -48 -23 -25 54 -54 -31 -55 -57 58 -18 -60 -59 -19
right_child=1 5 6 12 14 10 22 9 19 -11 24 40 18 28 15 -17 20 61 27 -21 23 50 -24 51 -26 47 33 35 29 30 31 32 -34 -35 -36 37 -38 -39 -40 -41 -42 42 43 -45 -46 -47 49 48 -50 -51 -52 -53 53 55 -56 56 -58 60 59 -61 -62 -63
leaf_value=-0.059197263562798245 0.059830779423100569 0.037421892840853975 -0.042912603271671027 0.024605449031748806 -0.0099766165877807067 0.025163135490462327 0.0070428019239496507 -0.10173650980652973 0.030743485930093406 0.009653308830160072 0.008349496648672879 -0.0040260151775049473 -0.057981815324380293 0.051175577595547708 0.027689862369147118 -0.039468869735882789 0.026616072532058738 0.034457170226046593 0.014939410311040664 0.059499461047877712 0.025403546197003864 -0.00088908456389595483 -0.090985526607193279 -0.0042769544603620969 -0.10229530416810317 0.064182747760811718 0.070297362307614436 -0.10402783249195652 0.051170580401172353 -0.10348047283767428 -0.10556145113930702 0.05120093541114621 -0.10312116576789448 0.023770870341955366 -0.078675885057142556 -0.00016825050373002365 0.024541220412598926 -0.081421387999542905 0.0022802487385509785 -0.081398443580653901 -0.021345506178748627 0.014352426916442063 -0.073735207189562987 0.065074118717899934 -0.057766034815164083 0.071531518743118777 0.031477912157968406 0.029327475418850359 -0.067032272450020886 -0.10371993161231106 -0.026565883579049543 -0.103385644347778 -0.10277531066955246 0.028194161410207686 0.041126331925486578 -0.10402457795244309 0.059246749083943201 0.019760190147304631 0.00061793374660655152 -0.035455719128641067 -0.10282895209320873 -0.10365023880011635
leaf_weight=1852.7038242048584 459.83179823355749 633.41250208951533 301.32638512435369 681.787666143151 341.38147653633496 178.60997334728017 563.45636952051427 15.530452569480984 8.9722342549357581 241.84504956135061 1111.2567571158288 296.35712433204753 10.184420744422821 449.90859310748056 28.218499779934064 442.08898922777735 62.184327722294256 3.90192100778222 72.463564852019772 29.265687494073063 754.84697513328865 111.02323418087326 9.7990821043495071 22.531161705264825 6.8364074639976016 36.725854663411155 5.8128625871613648 23.238597847579516 178.98434312478639 4.3096845825202754 8.7385104461573082 12.513038879260423 5.0084140202961853 52.009081040741876 17.102347301552072 45.49632356595248 7.0462411078624418 12.957858691923319 685.83167297497857 19.154894895851612 650.5815934559796 41.590977329295129 20.031201077625159 3.8425039622234172 12.859221013728527 271.48788029747084 99.742098630871624 38.202827300410718 8.4463807428255659 3.1367252580821505 327.69595465739258 7.377703412435948 7.7918668580241492 77.667893236503005 198.92276463122107 6.5983765213750303 3.0065782666206342 226.04358496377245 170.98208545218222 73.645947545999661 4.5114504452794781 9.6578743532299978
leaf_count=578954 1592 4206 68670 9292 43858 7128 55479 2239 135 22839 47148 14697 1452 2852 1507 102028 1168 25 7109 205 8255 23267 3819 679 338 593 20 1104 1046 108 149 51 146 584 409 763 105 399 21077 290 67325 823 3149 173 2796 538 612 1460 1120 67 78100 249 261 821 1308 145 5 5659 3981 2850 287 156
internal_value=0.000183501 0.0191317 -0.0348641 0.0386824 -0.0486971 0.00863176 -0.0113987 -0.0210346 0.0167288 0.00293187 -0.00114186 -0.009417 0.0169885 0.0502039 -0.0247302 -0.0354393 0.0218223 0.0320493 -0.00241623 0.00272033 0.0162383 -0.0293697 0.00536713 0.0233406 0.00767298 0.0248063 0.0338863 -0.0170486 0.0419535 0.0337136 0.0240865 -0.0303978 0.00708878 0.00399587 -0.0408861 -0.0372693 -0.0741142 -0.0181801 0.000392916 -0.0456264 -0.0159251 0.0158327 -0.0096239 -0.0513937 0.00398178 0.0596337 0.0538935 0.0349191 0.0118804 0.0273558 -0.0200681 -0.0287244 0.0288829 0.00926428 0.0380598 0.0192674 -0.0529168 0.00586627 -0.00277177 -0.0102421 0.0173614 -0.0639089
internal_weight=12068.5 7833.41 4235.07 2737.06 2664.39 5096.35 1570.68 997.421 2787.24 257.376 2309.11 1191.01 949.409 1787.65 811.689 470.307 2044.02 721.897 267.621 743.224 1322.12 740.046 573.255 784.756 1118.09 93.5595 708.337 174.062 953.45 503.541 324.557 26.26 17.5215 74.9243 22.9152 88.739 30.2848 58.4542 713.959 28.1271 946.939 244.075 65.4647 23.8737 85.3228 834.199 562.711 83.3751 46.6492 102.879 438.719 29.9089 298.297 95.0647 203.232 87.2728 9.60495 537.367 306.812 244.628 230.555 13.5598
internal_count=1207670 226910 980760 35894 726347 191016 254413 195115 50235 25078 140781 93295 26193 9701 147393 103535 28528 5400 16901 21707 23128 170037 59298 9183 47486 4625 5219 12276 6892 4040 2994 346 197 1013 429 2371 1209 1162 21502 425 82022 11273 4145 3322 9905 2809 2271 3173 2580 679 101367 928 2648 1232 1416 971 150 13945 7999 6831 5946 181
is_linear=0
shrinkage=0.05


Tree=3
num_leaves=63
num_cat=0
split_feature=21 10 19 21 21 16 13 0 10 19 19 14 2 14 16 14 2 10 6 16 10 17 0 16 2 2 13 16 6 8 16 0 13 17 0 13 2 2 2 16 2 0 2 13 10 8 16 14 6 16 13 8 16 2 16 10 16 10 8 8 2 10
split_gain=3053.1 638.165 496.313 318.523 256.756 210.107 181.723 97.4498 74.8148 60.9778 53.6183 51.4474 46.8323 46.7379 46.5206 45.4369 42.0274 41.6864 41.6128 39.0965 36.025 35.108 34.1684 31.836 28.373 26.5972 29.1505 27.2266 38.6092 29.2235 25.8741 24.8584 24.655 24.5075 31.1391 23.9747 29.2559 23.8877 23.452 26.5335 38.8879 23.494 36.2075 36.3442 23.2683 31.4903 25.6809 23.1134 39.1362 22.8055 32.0398 26.3195 24.8317 22.4085 27.7368 30.0635 26.7771 24.2362 26.2544 22.2806 22.1425 21.9066
threshold=2.5000000000000004 4.5000000000000009 4.5457341670989999 1.5000000000000002 3.5000000000000004 61.500000000000007 0.015038444194942715 29.500000000000004 24.500000000000004 19.411363601684574 31.385763168334964 7.5000000000000009 2.5000000000000004 60.000000000000007 57.500000000000007 60.000000000000007 10.500000000000002 22.500000000000004 2.5000000000000004 43.500000000000007 9.5000000000000018 1.5000000000000002 80.500000000000014 75.500000000000014 12.500000000000002 1.5000000000000002 0.013072453904896976 46.500000000000007 13.500000000000002 10.500000000000002 47.500000000000007 35.500000000000007 0.016261236742138866 3.5000000000000004 55.500000000000007 0.013986697886139156 10.500000000000002 30.500000000000004 29.500000000000004 63.500000000000007 64.500000000000014 9.5000000000000018 44.500000000000007 1.0000000180025095e-35 3.5000000000000004 15.500000000000002 21.500000000000004 2.5000000000000004 8.5000000000000018 48.500000000000007 0.012903762981295587 1.5000000000000002 85.500000000000014 32.500000000000007 10.500000000000002 23.500000000000004 47.500000000000007 52.500000000000007 11.500000000000002 16.500000000000004 1.5000000000000002 93.500000000000014
decision_type=2 2 2 2 2 2 2 2 2 2 2 2 2 2 2 2 2 2 2 2 2 2 2 2 2 2 2 2 2 2 2 2 2 2 2 2 2 2 2 2 2 2 2 2 2 2 2 2 2 2 2 2 2 2 2 2 2 2 2 2 2 2
left_child=2 6 3 5 11 13 22 10 -5 12 18 -3 -9 -1 31 -7 33 -13 53 -15 -18 23 25 -22 -8 -2 44 -28 35 -30 32 -10 -26 34 -14 -29 -37 -33 -20 41 -41 -40 -43 -44 -27 -46 59 48 -23 51 -51 -19 -52 57 -55 -56 -57 -6 -59 -47 -12 -21
right_child=1 4 -4 8 7 15 24 9 14 -11 60 17 16 19 -16 -17 20 49 38 61 21 47 -24 -25 30 26 27 28 29 -31 -32 37 -34 -35 -36 36 -38 -39 39 40 -42 42 43 -45 45 46 -48 -49 -50 50 52 -53 -54 54 55 56 -58 58 -60 -61 -62 -63
leaf_value=-0.08424546234213065 0.038345446226265262 0.032435399148503026 0.021454177403081337 0.0028357209631510549 0.042266017725503507 -0.088388027911099509 0.056622678881549149 0.05395629488364994 -0.014680819856936325 0.04028391868435318 -0.10142551765042812 0.001758777195180495 -0.10195944428752664 -0.059502374633148107 -0.0073947027021113061 -0.015057540721934395 -0.069610677957596054 0.055750162356120764 0.021345312854541304 -0.029657388428396353 -0.037347387784495305 0.0089672870074492938 -0.10330187425811291 0.064411817826200243 0.012928556236717157 0.020786132990736259 0.043383588095276954 0.059079129517048301 0.0085572635652097963 -0.10511651033613503 0.052605626469079028 -0.011327633050368583 -0.10764039993937982 -0.091424267404209822 0.029838181866315667 0.021021275118569084 -0.10439850354747496 -0.042328434045846811 0.019753760268939748 0.048707721294732997 -0.060440193518064934 -0.056158502978746416 -0.065160725982080045 0.021743559960724631 -0.10534842853482761 0.089933851157058903 0.012529010059064536 0.0082522857514376897 -0.10371915833237744 -0.0033238969055020165 -0.095467757188081329 -0.021457318582587349 0.077939800028299824 0.066004894918071585 -0.1051325646038756 -0.062928417133549339 0.041379471119514358 -0.10485759487858899 0.044874798360197581 -0.10477289374259612 0.064192191093720805 -0.050483829139830287
leaf_weight=144.53012859309092 416.95249347132631 87.454434250947088 359.86066146264784 297.52264607953839 379.80374333169311 22.250331152928993 1049.5738137345761 41.435357724549249 146.16210160136689 115.83346431702375 2.0617262609302989 822.2016304563731 6.6207448104396471 1338.4936934780562 244.513381205732 417.36189207271673 17.295842592138797 11.25702470121905 1197.9240530180978 182.33500055735931 77.017574974102899 19.81755111599341 4.9878685981966546 8.5382954780943674 38.955409572925419 526.54149341362063 251.77840794879012 35.009914204478264 11.989029008895161 10.699977254960684 49.44932473404333 72.163930683629587 4.757952823303639 19.144558701431379 13.870544555364177 27.227192076854408 5.6072266967967144 447.33163422998041 57.2233419069089 52.76991293206811 9.6535029560327512 42.244720800314099 15.453790040686725 54.314775812672451 7.4082903377711764 1.7721149865537871 73.812576606404036 767.80220493243542 12.606408816762267 512.33225994836539 15.21186815784313 567.86422175751068 2.3886497281491748 13.137872036546467 7.8852719319984308 9.3531997778918612 17.981238815467805 5.9160750263836235 5.7955430615693313 8.5979919447563571 95.484650889411569 410.60704217688181
leaf_count=56337 2468 1729 23671 24061 2544 6986 3346 527 27450 1297 35 32627 327 435783 28869 77156 730 420 19009 47517 10093 484 419 169 362 8260 1444 155 118 237 284 14481 105 1165 279 221 123 105324 1248 555 311 1890 903 1377 170 5 1624 29182 617 27449 4127 66571 89 65 197 204 191 191 61 428 478 133125
internal_value=0.000262373 0.0189753 -0.0346178 -0.0400373 0.00877325 -0.0501703 0.0395226 0.0178878 -0.0189307 0.00596952 0.0245527 -0.00507432 0.00193074 -0.0568199 -0.0260458 -0.0187691 -0.000355951 -0.0067729 0.022667 -0.0547676 0.00185576 0.00325122 0.0273273 -0.027192 0.0542754 0.0278003 0.0232224 0.0349279 0.011412 -0.0450505 0.0278309 -0.0328969 -0.000194694 -0.0507483 -0.0127457 0.0302946 -0.000397016 -0.0380221 0.0185291 0.00396631 0.0318285 -0.00631074 -0.0196261 0.00249419 0.0167402 -0.00651938 0.00217782 0.00650604 -0.0348451 -0.0130979 -0.00560262 -0.0199566 -0.0719338 0.0361153 0.00400428 -0.0191236 0.00568777 0.0400815 -0.0307619 -0.0715001 0.0606917 -0.0440795
internal_weight=11693.9 7610.82 4083.13 3723.27 5085.7 2515.58 2525.12 3066.99 1207.69 1099.98 1967 2018.71 984.149 2075.97 910.171 439.612 942.714 1931.26 1869.46 1931.44 903.078 885.782 1382.38 85.5559 1142.74 1377.4 960.444 342.312 90.5333 22.689 93.1627 665.658 43.7134 39.6358 20.4913 67.8443 32.8344 519.496 1429.58 231.66 62.4234 169.237 112.013 69.7686 618.132 91.591 84.1827 800.226 32.424 1109.05 529.933 579.121 17.6005 439.873 48.3576 35.2197 27.3344 391.515 11.7116 10.3701 97.5464 592.942
internal_count=1207670 226910 980760 957089 207141 756904 19769 74129 200185 44870 29259 133012 43573 672762 176124 84142 43046 131283 28746 616425 41275 40545 15672 10262 4097 15253 12785 2298 854 355 751 147255 467 1771 606 499 344 119805 25293 6284 866 5418 4170 2280 10487 2227 2057 30283 1101 98656 31665 66991 4216 3453 657 592 395 2796 252 433 513 180642
is_linear=0
shrinkage=0.05


Tree=4
num_leaves=63
num_cat=0
split_feature=21 22 21 19 22 10 10 16 16 10 10 21 13 6 6 22 19 2 22 22 2 16 14 13 16 22 19 2 16 2 10 8 14 2 16 22 6 10 13 10 10 16 16 16 22 22 16 13 22 19 16 22 22 17 2 17 8 17 16 16 2 2
split_gain=2943.05 670.213 556.778 337.306 205.927 191.258 148.726 126.152 121.266 86.7602 80.2031 70.1549 65.9122 64.4516 61.8417 58.4909 56.3708 50.1589 45.464 39.7183 37.4036 34.3974 33.1919 32.9934 32.456 31.8869 29.4237 28.4167 27.0604 26.4098 26.1902 25.8378 25.6451 24.7013 23.9537 23.3255 22.7731 24.8881 22.6089 26.4885 22.2462 21.6161 22.1933 21.3294 21.4701 22.0339 20.904 20.1644 19.9839 19.5624 23.051 19.5241 19.4289 24.2518 19.2064 19.1803 19.1488 19.2231 46.7333 21.4788 20.9591 18.7029
threshold=2.5000000000000004 0.53214266896247875 5.5000000000000009 4.7534446716308603 0.37887088954448706 2.5000000000000004 6.5000000000000009 69.500000000000014 45.500000000000007 45.500000000000007 25.500000000000004 3.5000000000000004 0.015749008394777778 2.5000000000000004 13.500000000000002 0.43238584697246557 17.348538398742679 100.00000000000001 0.62288540601730358 0.66662985086441051 5.5000000000000009 48.500000000000007 1.5000000000000002 0.012579114176332952 76.500000000000014 0.55392271280288707 12.832728862762453 20.500000000000004 61.500000000000007 1.5000000000000002 90.500000000000014 5.5000000000000009 8.5000000000000018 10.500000000000002 78.500000000000014 0.5261124074459077 60.000000000000007 94.500000000000014 0.015504807699471714 17.500000000000004 86.500000000000014 21.500000000000004 38.500000000000007 74.500000000000014 0.7506452500820161 0.65604615211486828 32.500000000000007 1.0000000180025095e-35 0.82888737320899974 14.297802448272707 70.500000000000014 0.70499780774116527 0.60280665755271923 3.5000000000000004 27.500000000000004 4.5000000000000009 4.5000000000000009 5.5000000000000009 48.500000000000007 28.500000000000004 43.500000000000007 33.500000000000007
decision_type=2 2 2 2 2 2 2 2 2 2 2 2 2 2 2 2 2 2 2 2 2 2 2 2 2 2 2 2 2 2 2 2 2 2 2 2 2 2 2 2 2 2 2 2 2 2 2 2 2 2 2 2 2 2 2 2 2 2 2 2 2 2
left_child=1 3 5 4 -1 23 12 9 25 -6 11 18 -4 41 -11 24 38 21 20 28 -7 27 -23 29 -15 33 -5 36 30 -2 -10 -29 -32 -3 -26 -33 -17 -38 49 -40 -27 -12 -43 44 45 -20 47 -37 -41 -8 -51 -48 -19 -54 -34 -9 -22 58 59 -58 -60 -57
right_child=2 8 6 26 7 10 16 55 19 14 13 -13 -14 15 -16 17 -18 52 43 -21 56 22 -24 -25 34 40 -28 31 -30 -31 32 35 54 -35 -36 46 37 -39 39 48 -42 42 -44 -45 -46 -47 51 -49 -50 50 -52 -53 53 -55 -56 61 57 -59 60 -61 -62 -63
leaf_value=-0.072123211840190674 0.039534475874270447 0.047040549682344855 0.035024923398548319 -0.0054358988725091983 -0.022570641167691551 0.018465665465459694 0.014229163491245393 0.0086486356144644134 0.0094415313188508047 0.025409083064292383 -0.036375007790204562 0.02202623050106494 0.054883687131810001 -0.04512913569914264 -0.055319150701495012 -0.051338823983636123 0.044445777566634155 0.024192008239672973 0.017724576352568546 0.039628088428961594 0.082878103555151669 -0.076143996744865092 0.00099471096050388324 0.050601566350591168 0.077993279143031571 -0.002333765570255367 0.03063694267566941 0.032603202463096809 0.015456748537762395 0.016980959926855957 0.033053442059007378 -0.055887007687491025 0.019315093953243961 -0.050680590463281917 -0.041832145858704317 -0.007084091720915584 -0.0031390467191403943 0.05029554902574819 0.039380967436345671 0.017607163736800321 -0.025687899857164881 0.056832619619603036 0.016168924627160373 0.045817926294486305 0.021886857441528084 -0.0058473924593962466 -0.04561623791420661 -0.098187635470508156 -0.10331450368303914 -0.10134877072369025 0.026988922643993246 -0.0071777530807539281 -0.10169059814818211 0.0029364195826617205 -0.036934825252563336 0.045090531276257478 -0.036127297486686895 -0.0072354323904037735 -0.034443553161472559 -0.08733357608769246 0.018046633147017984 -0.048384439854412903
leaf_weight=936.771984378458 200.6202181559056 6.8769256146624675 812.77018491178751 185.51757100224495 282.81622519087978 74.161257597152144 691.39632874319796 124.95860980846919 142.53016302280594 24.248820659006014 12.920222192071376 721.69001638120972 859.88328750920482 138.46642937441356 1094.0827597160824 19.837320537306368 259.98257524357177 179.7659670598805 143.34050184860826 98.222037427127361 4.318658576346933 14.260259651578961 631.34140106895939 160.70620414288715 9.9601718857884425 186.57036141050048 81.304078684886917 18.983117240481079 314.99226035666652 367.70409523614217 19.19575642934069 59.876581687713042 17.66530800727196 108.40357651375234 7.175413869554176 173.30614856514148 136.07099284080323 25.946772518800572 229.59555725101382 251.2446318238508 224.87111268471926 53.089506199816242 91.188071384327486 37.584113592747599 176.939126401674 321.48620656575076 118.94887662678957 6.2943082288838914 3.4638412604108444 7.9743712623603624 6.2340795136988163 45.737849669996649 6.6135237626731387 34.074866141425446 107.67103146505542 6.4730100799351922 42.833876196993515 110.45981724490412 35.449058425612748 39.238631089217961 41.028477857355028 30.87991474266164
leaf_count=311460 1294 652 5574 16931 51501 2077 13810 11425 19447 3210 754 12990 2873 23529 343949 1023 1911 9025 5422 9180 26 480 29264 800 138 32480 2097 621 30270 5932 391 9020 2944 33816 1079 18502 10841 853 1997 3483 69898 1225 4057 438 4169 11996 16666 672 72 381 92 3807 627 1818 33285 629 2950 7212 2059 3947 1404 7195
internal_value=0.000332578 -0.0342433 0.019035 -0.0478823 -0.0535852 0.00728214 0.0350744 -0.0424779 -0.00348545 -0.0473119 0.00246996 0.0100798 0.045234 -0.00498916 -0.0535687 -0.00794365 0.023354 -0.00486004 0.00168352 0.010147 -0.013027 -0.00873644 -0.000709154 0.0305987 -0.037096 -0.0216098 0.00555597 -0.0173024 0.00533729 0.0249424 -0.00576674 -0.0244063 -0.0207644 -0.0448511 0.0278172 -0.027084 -0.000772872 0.00541838 0.0187456 0.0270647 -0.0150978 0.0255834 0.0311319 0.00920801 0.007064 0.00142159 -0.0220747 -0.0102769 0.0159627 0.0130357 -0.0450395 -0.0349409 0.0171302 -0.0140697 -0.0290068 -0.000748649 -0.0215718 -0.0232486 -0.0344048 -0.0606089 -0.00628375 -0.0321859
internal_weight=11378 3994.05 7383.96 2767.05 2500.23 4261.42 3122.54 1563.46 1227 1401.15 3532.39 1748.53 1672.65 1783.86 1118.33 1626.66 1449.89 1471.06 1026.84 700.277 347.49 1250.6 645.602 729.031 155.602 526.722 266.822 605.002 602.055 568.324 287.062 423.147 144.532 115.281 17.1356 404.164 181.855 162.018 1189.91 484.304 411.441 157.198 144.278 679.35 641.766 464.827 344.287 179.6 254.708 705.605 14.2085 164.687 220.454 40.6884 125.336 162.312 273.329 269.01 158.55 82.0725 76.4775 37.3529
internal_count=1207670 980760 226910 748397 729369 196717 30193 417909 232363 398660 188691 54690 8447 134001 347159 127965 21746 103219 41700 95517 19675 91749 29744 8026 24746 136846 19028 62005 86337 7226 56067 49288 36620 34468 1217 48667 12717 11694 19835 5552 102378 6036 5282 22025 21587 17418 39647 19174 3555 14283 473 20473 11470 2445 36229 19249 17598 17572 10360 6897 3463 7824
is_linear=0
shrinkage=0.05


Tree=5
num_leaves=63
num_cat=0
split_feature=21 22 10 16 12 14 16 22 22 12 16 16 0 22 12 21 10 22 21 22 5 22 14 8 16 22 0 6 10 0 16 0 16 22 22 17 2 7 17 14 2 16 21 8 2 10 0 10 5 6 16 6 2 22 12 16 16 10 10 0 1 6
split_gain=2805.23 551.073 506.817 205.833 144.145 134.579 90.8864 89.9425 80.1716 69.0079 80.5543 66.5011 65.3225 63.3756 61.6866 58.6961 48.4977 45.7662 43.1983 42.6498 42.3906 46.4854 39.3684 38.6802 35.6819 31.9055 30.6697 30.3457 29.8426 29.7492 29.5733 29.2347 28.9074 27.8865 26.0751 37.0223 26.1685 25.6341 24.9392 24.4127 24.8938 24.3633 28.3509 23.942 25.9027 22.2938 22.1757 21.8721 21.5617 31.172 25.1104 24.9599 22.9468 21.5425 21.4274 21.3096 21.191 21.1723 20.9396 20.7177 20.629 20.5238
threshold=2.5000000000000004 0.43238584697246557 6.5000000000000009 48.500000000000007 2.5000000000000004 60.000000000000007 73.500000000000014 0.53214266896247875 0.59079575538635265 15.500000000000002 75.500000000000014 80.500000000000014 1.5000000000000002 0.59079575538635265 8.5000000000000018 1.5000000000000002 39.500000000000007 0.33385723829269415 4.5000000000000009 0.47618627548217779 0.014599318150430919 0.38311275839805609 11.500000000000002 18.500000000000004 45.500000000000007 0.63545167446136486 19.500000000000004 8.5000000000000018 85.500000000000014 4.5000000000000009 66.500000000000014 3.5000000000000004 26.500000000000004 0.50205266475677501 0.59264525771141063 7.5000000000000009 11.500000000000002 0.015268065501004459 1.5000000000000002 13.500000000000002 32.500000000000007 35.500000000000007 4.5000000000000009 13.500000000000002 5.5000000000000009 91.500000000000014 6.5000000000000009 11.500000000000002 1.0000000180025095e-35 15.500000000000002 27.500000000000004 18.500000000000004 1.0000000180025095e-35 0.52466592192649852 13.500000000000002 76.500000000000014 36.500000000000007 94.500000000000014 9.5000000000000018 60.500000000000007 0.0093025267124176043 13.500000000000002
decision_type=2 2 2 2 2 2 2 2 2 2 2 2 2 2 2 2 2 2 2 2 2 2 2 2 2 2 2 2 2 2 2 2 2 2 2 2 2 2 2 2 2 2 2 2 2 2 2 2 2 2 2 2 2 2 2 2 2 2 2 2 2 2
left_child=1 6 4 8 31 -4 15 14 16 32 24 13 56 28 20 47 -3 59 29 41 -7 -22 -18 38 -11 -26 46 37 -5 -14 61 -2 34 -24 -9 36 -36 -17 -21 -29 -41 42 -16 44 -27 -28 -25 -1 -34 50 -50 -51 55 -48 -31 -52 -6 -13 -12 -8 -38 -30
right_child=2 3 5 11 12 7 17 9 -10 10 58 57 18 -15 19 27 22 -19 -20 23 21 -23 33 26 25 43 45 39 30 54 -32 -33 48 -35 35 -37 60 -39 -40 40 -42 -43 -44 -45 -46 -47 53 -49 49 51 52 -53 -54 -55 -56 -57 -58 -59 -60 -61 -62 -63
leaf_value=-0.0020601080220023025 0.056867952670277971 -0.016973390621431092 0.023848561557132386 -0.00473045177722063 0.048618962863081851 0.03791368735509313 0.084205934849285846 0.055825493133406234 -0.0080292095700691714 -0.0088497869242922349 -0.10468461742885743 0.050113592976880686 0.026109397960559035 0.0095920922340126981 -0.045680801368494721 0.042915399300689022 0.030322916981036847 0.0018351193200114007 0.029282655522692626 -0.099002443940377091 -0.052835080655656431 0.0068688897706952901 -0.055526346891942024 -0.10361598324376578 -0.008056789745970544 -0.10597920019112839 -0.050038422229178453 0.0034167720970506689 0.029246791902686343 0.054332343937671147 -0.008346903050010155 0.037352017949149025 0.030078761422087798 -0.037061011688083158 0.041188991252467451 -0.074651709274229747 -0.10097878050600628 -0.097478098328881449 0.028448727806286683 -0.0079330106592137902 -0.060658796326638231 -0.070995393947023422 0.038427289014381291 0.0095925251019396973 0.050998485396502341 0.017016192543845489 0.031681013337179174 -0.066939417296173573 -0.10414914636379372 -0.10110258189858111 -0.10748724254556635 -0.010277265646840762 0.015750379502732042 -0.099350677074731955 0.00079495176786326344 0.074555226515911052 0.030267685080245677 0.0077122309628009644 0.045254027754359827 -0.076809753339070627 0.0091269703306503854 -0.039618292557151498
leaf_weight=13.139244428370146 645.07956062303856 195.05350275675301 978.1034846897237 292.26958009111695 347.52846319810487 67.868889798177406 2.1328855473548165 77.063624108443037 253.42972218873911 902.65359600284137 2.3800969375297418 66.261504717171192 221.11898157163523 337.15885490132496 46.480799371027388 18.422480330104012 17.143657353473827 88.940633014310151 713.53136800113134 4.1268569296225897 44.329881558427587 123.23807785939425 406.39900689735077 4.011962405871599 255.70595219894312 2.7564222458750001 98.790743126650341 23.746433347929269 11.3410961269401 19.628708037547767 150.92781385942362 273.14702146314085 132.89437923417427 411.49274156428874 111.74838107754476 9.5454481551423651 4.5687715243548146 3.9481499171815804 54.888138276292011 27.331536192214116 123.7304048780934 70.865447436692193 12.772272021044044 400.55840772530064 56.361170995282009 14.174010737799106 34.958659445052035 1145.6467579535674 4.5258317454718044 8.2591181187890452 6.8816256672143918 89.91615381045267 456.96679729991592 3.4459737413562825 390.539266510983 2.0975687988102436 287.4080877173692 52.980718401726335 107.47614418063313 31.536025734851137 61.748099578544497 235.16529855923727
leaf_count=3958 1649 32866 17542 37797 1792 3671 126 910 63395 66184 115 1974 2817 39557 8804 913 1149 7191 5876 376 8143 4361 136861 407 17227 93 12407 1041 961 191 18466 1423 3091 130050 1072 315 352 763 2510 4702 33605 14157 322 17303 828 1194 1314 391716 157 574 186 3808 8883 345 10814 5 2255 3269 1551 8445 1336 61994
internal_value=-5.45551e-05 -0.0341172 0.0185638 -0.0194706 0.0346886 0.00757419 -0.0581849 0.00271233 -0.0332227 0.00655734 0.000573349 -0.00406965 0.0270942 -0.00817387 -0.0151493 -0.0619126 -0.0394209 -0.01696 0.0208536 -0.0286297 0.00457658 -0.00892572 -0.0446644 -0.0149245 -0.00223968 0.00610081 -0.0280129 -0.0366939 -0.0168587 0.0113264 -0.0257777 0.0510625 0.0172585 -0.0462362 0.0313387 0.0212805 0.0264231 0.0181376 0.0195362 -0.0437109 -0.0511192 -0.0512117 -0.0275509 0.0139763 0.0436792 -0.0416249 0.00823882 -0.0662038 0.0119464 0.00770887 0.0130565 -0.0179181 0.014195 0.0199238 0.003357 -0.0649615 0.0403121 0.0312742 0.0420055 -0.0666096 0.00154145 -0.03645
internal_weight=11058.3 3908.2 7150.14 2429.62 2897.98 4252.16 1478.57 3274.06 1283.52 2694.11 1727.89 1146.1 1979.75 1026.86 579.952 1355.97 1030.09 122.61 1344.82 344.515 235.437 167.568 835.035 214.396 1618.04 715.382 155.381 197.179 689.704 631.287 397.434 918.227 966.216 817.892 264.674 187.611 178.065 22.3706 59.015 174.808 151.062 130.119 59.2531 459.676 59.1176 112.965 42.4166 1158.79 701.541 568.647 470.472 98.1753 465.946 38.4046 410.168 8.97919 634.937 119.242 109.856 33.6689 66.3169 246.506
internal_count=1207159 980799 226360 528339 26817 199543 452460 182001 364321 123990 103301 164018 23745 158775 58011 436698 300926 15762 19698 41836 16175 12504 268060 18553 101635 35451 15667 41024 119218 13822 81421 3072 20689 266911 3985 3075 2760 1676 2886 39348 38307 23283 9126 18224 921 13601 2066 395674 16704 13613 9231 4382 9074 1659 11005 191 4047 5243 1666 8571 1688 62955
is_linear=0
shrinkage=0.05


Tree=6
num_leaves=63
num_cat=0
split_feature=21 22 0 19 12 22 19 19 6 22 21 12 0 2 0 0 8 22 2 21 22 2 22 0 0 22 22 22 2 5 14 21 17 6 2 17 19 14 19 22 19 19 4 8 13 14 22 19 22 12 22 8 4 0 12 2 22 6 4 12 22 4
split_gain=2601.84 485.715 419.212 261.866 188.748 116.373 130.192 110.994 66.4072 68.2847 65.1796 51.098 43.073 40.4933 31.834 36.2983 31.8286 30.7612 29.1855 26.3788 24.5744 24.4211 23.7789 23.7486 23.7079 23.7032 23.1251 29.8129 22.7078 25.0911 22.6168 22.5848 26.5672 21.9433 20.9727 20.6933 20.3402 20.2422 28.6303 20.0626 19.7315 42.4196 30.9441 18.9818 18.8415 17.869 37.0907 35.847 31.6308 24.6332 20.7365 20.0926 19.0461 23.6438 18.4061 17.8272 17.7688 18.2565 17.2743 17.1208 28.9892 24.8104
threshold=2.5000000000000004 0.45106692612171179 15.500000000000002 7.2769775390625009 3.5000000000000004 0.59079575538635265 1.0000000180025095e-35 14.040946960449221 3.5000000000000004 0.53214266896247875 1.5000000000000002 15.500000000000002 1.0000000180025095e-35 3.5000000000000004 96.500000000000014 66.500000000000014 12.500000000000002 0.37887088954448706 30.500000000000004 1.5000000000000002 0.46521365642547613 53.500000000000007 0.63834947347641002 40.500000000000007 36.500000000000007 0.68343904614448558 0.53214266896247875 0.45692026615142828 66.500000000000014 0.013072453904896976 18.500000000000004 4.5000000000000009 2.5000000000000004 8.5000000000000018 16.500000000000004 1.5000000000000002 10.984781265258791 8.5000000000000018 7.1368000507354745 0.46917095780372625 3.9273477792739873 6.1086907386779794 17.500000000000004 18.500000000000004 0.016261236742138866 6.5000000000000009 0.26160663366317755 8.7624015808105487 0.30135674774646765 11.500000000000002 0.52175059914588939 1.0000000180025095e-35 60.000000000000007 100.00000000000001 16.500000000000004 96.500000000000014 0.19797331839799884 60.000000000000007 3.5000000000000004 8.5000000000000018 0.6250821352005006 60.000000000000007
decision_type=2 2 2 2 2 2 2 2 2 2 2 2 2 2 2 2 2 2 2 2 2 2 2 2 2 2 2 2 2 2 2 2 2 2 2 2 2 2 2 2 2 2 2 2 2 2 2 2 2 2 2 2 2 2 2 2 2 2 2 2 2 2
left_child=1 3 4 10 13 6 14 8 23 24 17 28 21 -2 15 19 22 -1 -12 -3 -14 -13 -11 36 31 34 27 -16 -6 -30 -9 -10 -33 -20 -7 -28 -4 -36 -39 -29 59 -42 44 -19 -43 46 -26 54 51 50 52 -47 53 -50 -48 -37 -5 -58 -22 61 -61 -18
right_child=2 5 7 56 11 25 -8 30 9 16 18 12 20 -15 26 -17 40 43 33 -21 58 -23 -24 -25 45 -27 35 39 29 -31 -32 32 -34 -35 37 55 -38 38 -40 -41 41 42 -44 -45 -46 48 47 -49 49 -51 -52 -53 -54 -55 -56 -57 57 -59 -60 60 -62 -63
leaf_value=-0.069607199128455796 0.052014154875810382 -0.043815084213225053 0.033066276791723144 -0.09046154815401207 0.030623123457552387 0.036422660177144288 0.0203101407167805 0.03166331738259754 -0.014545624242355993 0.024357023434888835 0.002173545182465183 0.035665395461343549 -0.10394273656573168 0.033727253693678981 0.0058020162509984027 -0.051744634029862013 -0.013582497280940629 0.010210214749294988 0.0091874664569407943 -0.01955736963879558 -0.10688779526246246 -0.10750297817721553 0.00018087524268574402 0.0074573121316299845 0.066967091509529023 0.023172556215908132 0.03136835995703699 -0.057828232212724484 0.018297197877631323 -0.10627890332002453 -0.093534903598426658 -0.099880431389070795 0.050145565173271678 -0.048744736471274509 0.032403837123335125 -0.031050432876444069 -0.10486835521392897 -0.0070990469992169309 -0.10014680131784848 -0.027999275110672624 0.071125804813975707 -0.10265186236585047 0.0084213710137591696 -0.055217592533200445 0.068137573411140101 0.044275070135725625 0.055294992951443633 -0.10891678988923129 -0.07334421123936985 -0.03433334326342459 -0.10382452048551671 -0.080810822938581328 0.046787898266297465 0.00092778800245912917 -0.10580909391946938 -0.0011647342636879889 -0.032654771985342279 0.030744167073402762 0.013044526047940569 -0.016934780454304531 0.00018795726575783063 0.05180919957718462
leaf_weight=801.50553939573001 747.40582374832593 178.13539055990987 193.57829150278121 3.5442352173849931 1080.3893455887446 30.81466196780093 144.45401430269703 344.34110690956004 71.317744312225841 228.74863969162107 43.180147042497993 270.10666168341413 4.5225888758432111 508.80106779292691 56.481295913923532 260.09416888933629 27.187004626728594 11.348457884741945 18.036724798963405 302.191162167117 3.0087150214239946 3.0117986649274817 183.13715574378148 228.85094510717317 15.297633352223782 98.709747967077419 28.093814324121922 67.638900345657021 11.168563747778537 6.3343917028978458 3.6454336531460276 3.2733802320435634 29.951909834053367 174.33762823231518 31.857249687425792 89.717890858650208 2.710109145846217 443.97899691550992 8.4239863893017155 338.36464129760861 26.169477954041213 9.9446438234299386 180.06720825657248 478.31973740551621 1.9279214898124344 3.5091157145798197 9.0911257290281338 9.2399499556049687 12.489161300007252 191.65317780268379 5.0400546835735431 37.713987079565413 18.032901287078857 75.445644627558067 2.2024231916293528 112.43223761208355 12.868104264372958 96.579000601312146 1429.1875968647655 407.35583224799484 628.68237484141719 31.096787189133465
leaf_count=290078 2361 56321 2091 1533 10424 3338 7338 4482 5912 6406 5905 2376 565 3638 11294 72170 1259 2795 1798 46292 113 210 4687 9013 139 10149 3740 23116 199 313 322 205 391 43230 633 26038 87 88976 741 97843 311 481 5282 152975 9 254 132 693 648 24898 436 12866 510 6588 145 26184 758 7554 36767 38801 41854 492
internal_value=1.81831e-05 -0.0331452 0.018051 -0.0537265 0.0284978 -0.0177451 -0.024932 0.00381233 0.000305738 -0.00317766 -0.0591623 0.0212902 0.0158852 0.0446074 -0.0294922 -0.0367002 0.00148148 -0.063575 -0.0349748 -0.0285537 0.0124251 0.0340866 0.0136076 0.0184018 -0.0197676 0.000727524 -0.021788 -0.0282338 0.0297079 -0.0267874 0.0303518 0.00131666 0.0353649 -0.0433131 -0.00357388 -0.00884052 0.0311618 -0.00611895 -0.00883165 -0.0329687 -0.0023241 0.0114083 0.00326634 -0.0537012 -0.0749183 -0.0255726 0.0080296 -0.0358793 -0.0290737 -0.0234773 -0.00473453 -0.0701629 -2.15969e-05 -0.00962088 0.0238771 -0.0144285 0.019722 0.0232901 0.0127926 -0.00506111 -0.00654447 0.0213066
internal_weight=10876.7 3831.11 7045.64 1639.72 4063.94 2191.39 1577.6 2981.7 2633.71 2208.58 1526.73 2807.73 1709.84 1256.21 1433.15 740.421 1724.32 1291.17 235.555 480.327 1436.72 273.118 411.886 425.139 484.258 613.785 692.729 462.485 1097.89 17.503 347.987 104.543 33.2253 192.374 515.075 230.244 196.288 484.26 452.403 406.004 1312.43 218.109 191.94 489.668 11.8726 379.715 35.8311 20.5335 343.884 302.661 111.008 41.2231 105.968 87.9348 11.2935 202.15 112.991 109.447 1432.2 1094.32 1036.04 58.2838
internal_count=1207159 980799 226360 506626 56966 474173 370336 169394 164590 153399 496781 50967 40031 5999 362998 174783 99582 445848 50933 102613 37445 2586 11093 11191 53817 103837 188215 132253 10936 512 4804 6508 596 45028 93688 55962 2178 90350 89717 120959 88489 6083 5772 155770 490 47309 1109 970 46200 33080 8182 13120 7746 7236 277 52222 9845 8312 36880 82406 80655 1751
is_linear=0
shrinkage=0.05


end of trees

feature_importances:
popularity=66
biencoder_cosine=51
rank_biencoder_top100=48
rank_e5_large_top100=44
rank_biencoder_large_top100=35
rank_cf_bpr=24
rank_pmi_leg=24
n_legs_containing=24
rank_metadata_qwen3=21
pmi_sum=20
rank_decay_descending=19
turn_number=19
score_metadata_qwen3=12
score_bm25_norepeat=9
rank_bm25_norepeat=6
n_prior_accepts=6
score_cf_bpr=3
score_biencoder_large_top100=1
score_decay_descending=1
score_e5_large_top100=1

parameters:
[boosting: gbdt]
[objective: lambdarank]
[metric: ndcg]
[tree_learner: serial]
[device_type: cpu]
[data_sample_strategy: bagging]
[data: ]
[valid: ]
[num_iterations: 500]
[learning_rate: 0.05]
[num_leaves: 63]
[num_threads: -1]
[seed: 0]
[deterministic: 0]
[force_col_wise: 0]
[force_row_wise: 0]
[histogram_pool_size: -1]
[max_depth: -1]
[min_data_in_leaf: 10]
[min_sum_hessian_in_leaf: 0.001]
[bagging_fraction: 0.8]
[pos_bagging_fraction: 1]
[neg_bagging_fraction: 1]
[bagging_freq: 5]
[bagging_seed: 3]
[bagging_by_query: 0]
[feature_fraction: 0.8]
[feature_fraction_bynode: 1]
[feature_fraction_seed: 2]
[extra_trees: 0]
[extra_seed: 6]
[early_stopping_round: 0]
[early_stopping_min_delta: 0]
[first_metric_only: 0]
[max_delta_step: 0]
[lambda_l1: 0]
[lambda_l2: 0]
[linear_lambda: 0]
[min_gain_to_split: 0]
[drop_rate: 0.1]
[max_drop: 50]
[skip_drop: 0.5]
[xgboost_dart_mode: 0]
[uniform_drop: 0]
[drop_seed: 4]
[top_rate: 0.2]
[other_rate: 0.1]
[min_data_per_group: 100]
[max_cat_threshold: 32]
[cat_l2: 10]
[cat_smooth: 10]
[max_cat_to_onehot: 4]
[top_k: 20]
[monotone_constraints: ]
[monotone_constraints_method: basic]
[monotone_penalty: 0]
[feature_contri: ]
[forcedsplits_filename: ]
[refit_decay_rate: 0.9]
[cegb_tradeoff: 1]
[cegb_penalty_split: 0]
[cegb_penalty_feature_lazy: ]
[cegb_penalty_feature_coupled: ]
[path_smooth: 0]
[interaction_constraints: ]
[verbosity: -1]
[saved_feature_importance_type: 0]
[use_quantized_grad: 0]
[num_grad_quant_bins: 4]
[quant_train_renew_leaf: 0]
[stochastic_rounding: 1]
[linear_tree: 0]
[max_bin: 255]
[max_bin_by_feature: ]
[min_data_in_bin: 3]
[bin_construct_sample_cnt: 200000]
[data_random_seed: 1]
[is_enable_sparse: 1]
[enable_bundle: 1]
[use_missing: 1]
[zero_as_missing: 0]
[feature_pre_filter: 1]
[pre_partition: 0]
[two_round: 0]
[header: 0]
[label_column: ]
[weight_column: ]
[group_column: ]
[ignore_column: ]
[categorical_feature: ]
[forcedbins_filename: ]
[precise_float_parser: 0]
[parser_config_file: ]
[objective_seed: 5]
[num_class: 1]
[is_unbalance: 0]
[scale_pos_weight: 1]
[sigmoid: 1]
[boost_from_average: 1]
[reg_sqrt: 0]
[alpha: 0.9]
[fair_c: 1]
[poisson_max_delta_step: 0.7]
[tweedie_variance_power: 1.5]
[lambdarank_truncation_level: 20]
[lambdarank_norm: 1]
[label_gain: ]
[lambdarank_position_bias_regularization: 0]
[eval_at: ]
[multi_error_top_k: 1]
[auc_mu_weights: ]
[num_machines: 1]
[local_listen_port: 12400]
[time_out: 120]
[machine_list_filename: ]
[machines: ]
[gpu_platform_id: -1]
[gpu_device_id: -1]
[gpu_use_dp: 0]
[num_gpu: 1]

end of parameters

pandas_categorical:null
