tree
version=v4
num_class=1
num_tree_per_iteration=1
label_index=0
max_feature_idx=19
objective=lambdarank
feature_names=rank_attr_v2_top100 score_attr_v2_top100 rank_bm25_v2_top100 score_bm25_v2_top100 rank_cf_v2_top100 score_cf_v2_top100 rank_last_v2_top100 score_last_v2_top100 rank_meta_v2_top100 score_meta_v2_top100 rank_pmi_v2_top100 score_pmi_v2_top100 rank_siglip_v2_top100 score_siglip_v2_top100 popularity turn_number n_prior_accepts pmi_sum is_in_all_legs n_legs_containing
feature_infos=[0:101] [0:0.016393441706895828] [0:101] [0:0.016393441706895828] [0:101] [0:0.016393441706895828] [0:101] [0:0.016393441706895828] [0:101] [0:0.016393441706895828] [0:101] [0:0.016393441706895828] [0:101] [0:0.016393441706895828] [0:93] [1:8] [0:7] [0:57.740825653076172] [0:1] [1:7]
tree_sizes=7023 6970 6982 6949

Tree=0
num_leaves=63
num_cat=0
split_feature=13 17 10 13 4 4 6 10 4 2 13 0 2 10 9 2 19 2 15 0 0 13 14 14 15 19 0 14 15 13 14 6 14 4 14 2 13 3 17 11 14 4 0 15 14 17 6 2 15 17 17 17 6 10 4 15 2 15 13 14 6 9
split_gain=4307.91 777.735 453.467 288.592 129.704 96.413 63.5501 43.11 32.9766 30.6423 34.6727 34.9759 28.2498 27.4736 25.1413 26.8021 23.5911 29.6112 21.3733 20.7259 20.2043 20.1481 20.0425 18.9669 18.3778 18.2266 15.7244 15.0116 14.7672 14.3005 13.8597 13.478 14.6534 12.7822 12.7328 12.1062 11.8807 11.8724 11.3857 11.2558 11.0825 10.5845 10.5631 10.4324 10.4083 17.9765 10.3404 10.2803 10.0833 9.94045 9.73419 9.62352 9.61306 9.60993 9.46674 9.43294 9.35414 10.2252 13.3384 12.7751 9.10906 13.2735
threshold=0.009756329935044052 1.0000000180025095e-35 100.00000000000001 0.013606071937829258 66.500000000000014 56.500000000000007 41.500000000000007 29.500000000000004 17.500000000000004 71.500000000000014 0.0067797389347106227 58.500000000000007 43.500000000000007 26.500000000000004 0.011428944766521456 97.500000000000014 1.5000000000000002 100.00000000000001 5.5000000000000009 21.500000000000004 95.500000000000014 0.015038444194942715 60.500000000000007 69.500000000000014 6.5000000000000009 5.5000000000000009 14.500000000000002 19.500000000000004 1.5000000000000002 0.0070176301524043092 73.500000000000014 9.5000000000000018 55.500000000000007 34.500000000000007 53.500000000000007 91.500000000000014 0.0094788861460983771 0.011696306522935631 5.860262632369996 0.013986697886139156 40.500000000000007 97.500000000000014 75.500000000000014 3.5000000000000004 78.500000000000014 6.6062858104705819 6.5000000000000009 28.500000000000004 6.5000000000000009 9.166079521179201 6.460538625717164 5.9882411956787118 86.500000000000014 17.500000000000004 12.500000000000002 2.5000000000000004 77.500000000000014 6.5000000000000009 0.0083683477714657801 48.500000000000007 40.500000000000007 0.010695492848753931
decision_type=2 2 2 2 2 2 2 2 2 2 2 2 2 2 2 2 2 2 2 2 2 2 2 2 2 2 2 2 2 2 2 2 2 2 2 2 2 2 2 2 2 2 2 2 2 2 2 2 2 2 2 2 2 2 2 2 2 2 2 2 2 2
left_child=1 2 54 5 8 7 26 -2 42 19 11 55 24 34 15 25 23 20 -17 37 31 53 38 -10 28 -7 -6 -12 40 -19 35 -18 -33 -26 39 -13 46 -8 -15 49 -9 -27 -4 -44 45 -24 -28 48 -16 -3 52 -14 -30 -5 -1 -11 -29 59 -59 -58 61 -48
right_child=3 13 4 21 6 14 9 12 16 10 27 30 51 22 47 18 17 29 -20 -21 -22 -23 44 -25 33 41 36 56 50 -31 -32 32 -34 -35 -36 -37 -38 -39 -40 -41 -42 -43 43 -45 -46 -47 60 -49 -50 -51 -52 -53 -54 -55 -56 -57 57 58 -60 -61 -62 -63
leaf_value=0.097484491545045501 0.077350469031254948 0.030627664416647094 0.046331979492061526 0.088338389646357873 0.052963612863879385 -0.054648053782868682 -0.072754198334247816 -0.010242188749670245 -0.050406170585271297 0.0071833230155748887 0.0036229264210027299 -0.094087065752642418 0.065956141615855654 0.04392382794428637 0.021199467447042583 -0.0061508989391236574 0.067121928431633435 -0.00790475875450335 0.065150628381133183 -0.08877110259963554 -0.078598516809949157 0.089061558696481566 -0.023937898663398197 0.015153759201265294 0.012777036483775839 -0.012948373853675836 0.053589568924220149 -0.087542628224262994 0.051963046980798372 0.040748473722259489 -0.020481145930291683 -0.033051315631061652 0.012568651599468003 -0.057676333166911134 0.071985297922093391 -0.065525860484812556 0.052498017885077068 0.038165421092073409 -0.082942062382936346 0.056351832014456163 0.035817554763189145 0.080660135227427363 -0.045367548961138537 0.020548524033513881 0.068416551086530983 0.062695049685209947 -0.069213085929876003 0.059590341750591962 -0.10000000000000001 -0.070688939392606315 -0.10000000000000001 -0.10000000000000001 -0.10000000000000001 0.067635142859385392 -0.099114911844157993 -0.038496422673307114 -0.0604129197886282 -0.036712275984644195 0.033073533038962592 -0.021799678189128605 0.032681354301504054 -0.016391961060167451
leaf_weight=0.61300860112532873 103.24526278745907 6.3852639491087775 21.900231895939214 75.504682762373704 8.7182273500366119 37.393257178220665 4.4432420594966953 23.359629633952864 92.540307820992894 17.755880327807972 22.747222621110268 41.993746607971843 79.088705518370261 2.4140844292705861 15.380602131743219 33.336134346507606 4.3549411478452376 31.052821243880317 15.349723906489087 107.31036753518856 16.447111639368813 578.44292936481361 13.631614721525695 12.52531458789599 30.366731453308603 15.788406737847255 3.8977017451543352 9.7427609265723714 92.050627036864171 29.404759897690383 15.442788942455079 77.761009693611413 22.752543668495491 8.1699635755503532 93.399771348573267 318.49854249520286 5.3832508370978749 5.2783940341905691 6.6132800743798725 20.426598251680844 29.618610481295036 3.7340182345360509 8.7302230370114575 19.212890324619366 13.855226838611996 10.678833918645976 19.643640116133611 21.231754666601773 1.9316170281090297 3.8993777823634446 1.0906814769841719 0.88330483762547274 1.0526003186823789 217.54764968168456 542.37914058734896 31.090951543752453 53.672822614840697 18.600493904028557 10.83606103833881 35.647395425810828 5.1400043911999083 30.14543813218188
leaf_count=50 8059 2455 7101 4199 2762 27767 4788 10548 70776 10620 14376 40671 13301 1422 7023 17439 603 16440 2283 99239 14528 30711 6554 8181 12376 7352 1604 8030 19411 8390 13421 41450 9438 5216 19160 271407 1550 2711 3623 4665 8075 368 8588 8308 6636 2358 20128 4988 2432 1314 200 281 1434 31491 443076 24049 38534 12061 2811 24347 2097 23477
internal_value=-0.000306469 -0.0509364 -0.0614906 0.0661352 -0.0430725 0.0363844 -0.0544415 0.0499326 -0.0172067 -0.0591133 -0.0543744 -0.0616942 0.0392778 0.0504544 0.00170929 -0.0109063 -0.0237297 -0.0128281 0.0163291 -0.0824379 -0.0270744 0.0836503 0.0179823 -0.0425905 0.0285786 -0.0342035 -0.0100444 -0.0338163 0.0366273 0.0157587 -0.0668659 -0.0189935 -0.0227246 -0.00215941 0.0628019 -0.068853 -0.0185995 -0.01253 -0.0490158 0.0348732 0.0155085 0.00495595 0.0203319 -4.55312e-05 0.0338295 0.0141173 -0.0251056 0.036273 0.00767659 -0.00778609 0.0485053 0.0641231 0.050245 0.0729693 -0.098893 -0.0218918 -0.0404439 -0.0365799 -0.011023 -0.0450025 -0.0306897 -0.0372319
internal_weight=3201.53 1816.97 1645.66 1384.57 1102.67 513.072 765.989 368.926 336.682 693.061 576.029 424.782 265.681 171.304 144.146 105.602 286.839 181.773 48.6859 117.032 121.316 871.495 47.193 105.066 185.709 56.9157 72.9283 151.247 147.172 60.4576 375.935 104.868 100.514 38.5367 124.111 360.492 64.21 9.72164 9.02736 30.7112 52.9782 19.5224 49.8433 27.9431 38.1657 24.3104 58.8268 38.544 17.3122 10.2846 94.1939 79.972 93.1032 293.052 542.992 48.8468 128.5 118.757 29.4366 89.3202 54.9291 49.7891
internal_count=1518753 1303799 1255612 214954 812486 148553 618683 78901 193803 567065 460327 360168 70842 48187 69652 55209 169806 90849 19722 106738 66019 66401 20593 78957 57260 35487 51618 100159 39668 24830 325499 51491 50888 17592 27594 312078 48856 7499 5045 8434 18623 7720 23997 16896 15548 8912 47306 14443 9455 3769 21045 13582 20845 35690 443126 34669 85783 77753 14872 62881 45702 43605
is_linear=0
shrinkage=0.05


Tree=1
num_leaves=63
num_cat=0
split_feature=12 17 10 12 17 4 14 12 4 14 15 1 2 6 15 17 17 8 15 8 1 10 1 2 4 15 6 15 8 2 15 8 19 6 14 17 4 10 17 19 4 2 2 12 8 6 2 15 2 10 14 12 6 17 12 6 19 14 12 6 2 2
split_gain=3479.38 1049.06 478.487 250.103 236.189 184.227 148.607 112.218 179.48 123.006 100.743 93.4116 72.1781 100.951 96.5536 71.9365 71.9024 70.0594 70.0362 96.106 55.6808 56.7777 54.2898 54.1396 56.7541 51.6612 50.5204 49.6502 49.411 70.2794 54.9345 49.1847 44.0303 43.2448 43.1763 84.1314 42.6939 41.4572 45.0312 39.4127 38.2087 37.7627 37.2001 54.7049 42.3347 59.5223 36.6758 36.0069 35.2532 35.1779 35.16 34.8972 34.8792 34.7641 33.9553 38.6627 36.796 42.9198 33.6043 33.0817 36.7406 33.2437
threshold=49.500000000000007 5.0233817100524911 100.00000000000001 1.5000000000000002 17.300107002258304 66.500000000000014 26.500000000000004 5.5000000000000009 32.500000000000007 29.500000000000004 2.5000000000000004 0.015268065501004459 43.500000000000007 23.500000000000004 3.5000000000000004 11.569732666015627 1.0000000180025095e-35 11.500000000000002 6.5000000000000009 5.5000000000000009 0.015268065501004459 13.500000000000002 0.00766294775530696 89.500000000000014 1.0000000180025095e-35 1.5000000000000002 13.500000000000002 3.5000000000000004 67.500000000000014 98.500000000000014 5.5000000000000009 9.5000000000000018 1.5000000000000002 55.500000000000007 62.500000000000007 7.2192618846893319 5.5000000000000009 100.00000000000001 8.84729051589966 1.5000000000000002 39.500000000000007 1.5000000000000002 31.500000000000004 27.500000000000004 25.500000000000004 37.500000000000007 7.5000000000000009 2.5000000000000004 4.5000000000000009 38.500000000000007 58.500000000000007 86.500000000000014 1.5000000000000002 10.499359607696535 19.500000000000004 72.500000000000014 5.5000000000000009 54.500000000000007 3.5000000000000004 22.500000000000004 20.500000000000004 71.500000000000014
decision_type=2 2 2 2 2 2 2 2 2 2 2 2 2 2 2 2 2 2 2 2 2 2 2 2 2 2 2 2 2 2 2 2 2 2 2 2 2 2 2 2 2 2 2 2 2 2 2 2 2 2 2 2 2 2 2 2 2 2 2 2 2 2
left_child=3 2 16 6 7 17 15 9 42 25 26 22 14 -14 31 -1 -2 -4 19 -11 36 -22 51 24 -21 -5 -8 58 54 -30 -31 -10 47 46 37 48 -20 38 -12 49 -34 -27 44 -44 -9 -46 -16 -19 -36 53 -42 -7 -6 -3 -15 56 57 -56 -25 60 -24 -61
right_child=1 39 5 4 52 11 10 8 12 18 34 -13 13 28 33 -17 -18 32 20 23 21 -23 59 27 -26 41 -28 -29 29 30 -32 -33 40 -35 35 -37 -38 -39 -40 -41 50 -43 43 -45 45 -47 -48 -49 -50 -51 -52 -53 -54 -55 55 -57 -58 -59 -60 61 -62 -63
leaf_value=0.065032515707080268 -0.089913754516112554 -0.0089242330733306022 0.058453246000622697 -0.036145239145722312 -0.051561460579299938 -0.042179028639744771 0.054019992355486726 0.026303737939512004 0.050419852716571172 0.010940270047944421 -0.10222352152561971 0.062370577361312386 0.053275754658774668 0.048649058620484943 -0.086625480758234771 -0.042413474245535765 -0.019237901339267408 -0.072831212127600783 0.017997349814108891 0.049984052348314767 0.01165365810939571 -0.078741185429339181 -0.098525045267161687 0.012617775530977555 -0.038515505490414173 -0.035667784785605047 -0.10283224601818793 0.044706136344571025 -0.06032708367711246 -0.016445782396523532 0.037944288263655541 -0.001907077964429002 0.0051899034429144109 -0.097031748552004873 -0.087413420572874934 0.023791678873596313 -0.040771651804478795 0.029830275177558752 0.0067256231438017275 0.034997581567576347 -0.039834666640610937 0.029693969515289822 0.047769229259123275 0.015510709545556785 -0.038248759476660753 0.03207600656649269 -0.019722922283037229 -0.027839517724567466 0.0073373524361696864 0.05175857039883093 0.012643031603569508 -0.062823313335907807 0.04939151953807433 0.029869337913325623 -0.075772017723769361 0.054129945730248964 0.014765868241045997 0.020284490460992798 -0.07675782258809212 -0.061980115328467138 0.033732947179736961 -0.028619720494678941
leaf_weight=469.20935796480626 741.27156650577672 197.12880068121012 28.293667944613844 35.163216693326831 8.7022948060184699 274.83370178227779 319.87114395387471 966.34039987798315 60.644645467749797 635.36327532003634 10.340591573156415 18.106574499048293 129.41883531212807 72.280377803836018 22.670476984232664 16.112850983627141 37.82280535902828 56.858886578702368 66.811008022399619 19.491819396615028 22.211798490956426 79.710914068389684 6.3834003736264995 22.921177692711353 256.59887128695846 23.196949200006202 5.2173751778900614 51.447519787587225 57.177612287108786 134.31658637186047 70.945458253379911 173.05586163827684 184.90111797186546 23.702232771087438 34.444402975961566 77.220151231624186 57.500843176618218 512.74113255692646 114.53373642731458 261.47333726158831 134.20502301922534 466.50792026892304 439.00608040834777 187.58059133344796 63.827485989895649 56.92214472242631 212.48605684272479 204.08122270577587 13.729985308833419 41.545362834585831 41.878317851456814 802.2570208843099 508.76107756537385 81.677864087978378 30.177410844480619 36.214898557169363 92.827915796544403 18.919962119194679 19.434357543475926 114.50098391796928 29.600436010514386 214.70894911966752
leaf_count=1915 443035 17445 1384 787 101 99486 1753 43812 1866 6302 178 848 4132 2543 3453 117 6734 22856 640 116 157 1784 1645 261 3859 343 147 290 17164 24113 3638 20212 35606 8708 843 491 1022 3834 745 12514 42104 3683 10450 12186 9196 4236 34333 67668 162 6055 8013 369715 3978 3595 7327 2489 9676 2260 376 52265 3752 68355
internal_value=-3.98443e-05 -0.0406615 -0.0529948 0.0210211 0.0156654 -0.0406334 0.0384569 0.0120663 0.0181953 0.00212612 0.0281945 -0.0504902 0.00277239 0.013815 -0.0116268 0.0614653 -0.0864826 -0.0184949 -0.00651233 -0.000855716 -0.0316471 -0.0590416 -0.0519071 -0.0211176 -0.0322675 0.0223944 0.0515027 0.0117 0.00385723 -0.0113029 0.00235325 0.0116716 -0.0219955 -0.0326609 0.0182639 -0.00855671 -0.00918644 0.0235384 -0.00229624 0.0205933 -0.0106845 0.0265978 0.0284087 0.038112 0.0228158 -0.00509722 -0.0261727 -0.0376432 -0.0604089 0.00883643 -0.0273538 -0.0575557 0.0476938 0.00244055 0.019745 0.00801713 -0.00374941 -0.0387561 -0.0283912 -0.0352473 0.0102709 -0.0402226
internal_weight=10167.3 3471.53 2889.7 6695.76 5122.34 2110.61 1573.42 4604.87 2848.52 1756.36 1088.1 1460.39 1134.84 642.279 492.559 485.322 779.094 650.218 1231.49 1005.26 226.235 101.923 1442.28 369.894 276.091 524.868 325.089 93.8031 512.86 262.44 205.262 233.701 621.925 258.859 763.01 125.395 124.312 637.615 124.874 581.825 360.984 489.705 1713.68 626.587 1087.09 120.75 235.157 260.94 48.1744 320.352 176.083 1077.09 517.463 278.807 250.421 178.14 141.925 49.0974 42.3555 365.194 35.9838 329.21
internal_count=1518753 1263075 1223466 255678 245493 773697 10185 241414 221794 19620 8153 596066 141914 73342 68572 2032 449769 177631 14807 11204 3603 1941 595218 4902 3975 4813 1900 927 69210 44915 27751 22078 176247 46494 6253 1496 1662 4757 923 39609 85723 4026 79880 22636 57244 13432 37786 90524 1005 27095 50117 469201 4079 21040 24295 21752 19263 9587 637 126017 5397 120620
is_linear=0
shrinkage=0.05


Tree=2
num_leaves=63
num_cat=0
split_feature=8 17 10 8 4 7 17 19 2 4 4 14 0 2 4 15 7 14 7 17 0 0 2 14 15 17 8 14 7 14 15 15 0 0 7 17 10 17 8 8 4 15 4 14 2 14 14 15 4 14 2 7 2 0 4 15 14 17 10 5 10 0
split_gain=3145.86 858.356 613.202 373.901 292.404 147.659 93.0243 91.144 99.5217 88.7131 74.8215 62.9518 59.13 56.62 65.1087 50.5589 43.8478 42.7516 42.4723 48.1762 37.7847 36.1335 35.7718 34.3974 33.9209 32.7251 32.0431 31.7893 50.963 42.2465 43.1643 31.5352 30.6982 29.1549 41.1986 31.1717 28.6859 37.0163 32.2105 28.4626 28.2619 28.1721 27.6184 27.1061 30.4251 24.9811 24.5854 30.2404 24.1533 53.9631 31.0094 29.6923 26.1226 24.675 33.1095 24.1496 23.8888 23.798 32.1592 28.4568 25.3145 23.6137
threshold=32.500000000000007 5.409888982772828 100.00000000000001 9.5000000000000018 51.500000000000007 0.010582306887954475 1.0000000180025095e-35 1.5000000000000002 100.00000000000001 2.5000000000000004 9.5000000000000018 26.500000000000004 38.500000000000007 94.500000000000014 100.00000000000001 3.5000000000000004 0.010929288342595102 62.500000000000007 0.012422839645296337 31.98918437957764 36.500000000000007 40.500000000000007 98.500000000000014 69.500000000000014 6.5000000000000009 10.393567562103273 55.500000000000007 65.500000000000014 0.010152545757591726 80.500000000000014 3.5000000000000004 5.5000000000000009 89.500000000000014 96.500000000000014 0.0086581707000732439 8.8042221069335955 7.5000000000000009 15.636003494262697 20.500000000000004 5.5000000000000009 9.5000000000000018 4.5000000000000009 3.5000000000000004 46.500000000000007 59.500000000000007 7.5000000000000009 71.500000000000014 3.5000000000000004 18.500000000000004 57.500000000000007 11.500000000000002 0.015749008394777778 3.5000000000000004 41.500000000000007 55.500000000000007 2.5000000000000004 87.500000000000014 7.9144067764282235 6.5000000000000009 0.010362972505390646 53.500000000000007 83.500000000000014
decision_type=2 2 2 2 2 2 2 2 2 2 2 2 2 2 2 2 2 2 2 2 2 2 2 2 2 2 2 2 2 2 2 2 2 2 2 2 2 2 2 2 2 2 2 2 2 2 2 2 2 2 2 2 2 2 2 2 2 2 2 2 2 2
left_child=3 2 6 9 7 12 -2 23 20 24 -5 -11 -6 14 -14 17 21 32 19 -18 45 -12 36 41 39 27 -7 28 33 57 -31 -8 -15 34 -3 -35 38 43 -20 -1 -10 -4 -22 -38 46 -9 -45 -48 50 51 -13 52 -50 54 56 -44 -51 60 -59 -60 -29 -24
right_child=1 25 4 10 5 26 31 8 40 11 16 48 13 15 -16 -17 18 -19 22 -21 42 -23 61 -25 -26 -27 -28 29 -30 30 -32 -33 -34 35 -36 -37 37 -39 -40 -41 -42 -43 55 44 -46 -47 47 -49 49 53 -52 -53 -54 -55 -56 -57 -58 58 59 -61 -62 -63
leaf_value=0.053296933500174573 -0.085570737775707451 -0.077894921434944073 -0.067526859066156034 0.027186150407246937 -0.018903319990920559 -0.008171646180436639 0.013329353972026201 -0.064108599252308704 0.052299416760258371 0.044736622128340536 0.035415056135228072 0.023930755406424351 -0.038877328476413731 -0.036170653215510253 -0.076557557714176147 -0.033306929573069931 -0.016955617351839078 -0.019398428349152251 0.031600480866270375 0.061923197752433261 0.039105178531286686 -0.001002505608926608 0.049830759327924801 0.010414385688480878 0.031553386071313742 0.025011179234445464 0.049113417493191813 0.04290462829418052 -0.10339390033446949 0.046718753726751425 -0.03741772570936721 -0.069161900120097333 -0.068770097279036921 -0.012459557845240164 0.013232115405867471 0.036667144577580239 0.0070149907477288376 -0.10100299076213154 -0.1042398000333928 0.016446652048055434 0.01452345796852688 -0.022953736187801343 -0.0077171446622316875 -0.02092256313309146 -0.10257515274994632 0.0071590237977239004 0.060510299305633598 -0.056356163253547656 -0.041505297584545582 -0.086669878480138962 0.044804461822388959 0.04225417541967371 0.016377880775184126 -0.10252465303963261 0.023249099248402533 -0.040408120365384971 0.077327863671649635 -0.1037963647624895 0.036437011479876671 -0.10256973577015177 -0.05967336221650732 0.0053357721404764047
leaf_weight=985.92260903283022 705.92495534406044 26.577357847243547 88.618720813887194 450.52476682513952 201.38943244307302 52.575828379485756 33.059618684696034 13.181308478349818 62.633647098671645 547.23758151452057 176.93791492818855 805.3785720783053 186.81582827679813 95.04004539642483 296.75508839241229 713.25377626053523 399.65771850175224 73.419136856915429 100.96454189135693 20.342918606474996 15.251451234333215 110.74388799478766 71.909160264069214 28.370216981973499 273.55171175079886 405.74091598449741 45.569791568443179 142.8960746844532 13.54534215480089 20.990780722117051 55.67897388827987 17.83634014474228 300.70852783857845 71.949983821483329 23.256094225449488 58.578982122242451 348.41961758467369 9.4274141450878215 4.5610996861942104 55.341615009354427 236.33479080349207 59.08545942697674 82.469086513272487 135.69047019956633 9.8325712138321233 183.0947401196463 21.211696586105976 7.4899524759966871 22.127438421593979 16.754539695801217 228.37657096795738 110.07778273848817 163.64106214151252 10.29023401183076 23.712175328051671 179.35280486487318 2.5597968865185967 6.8853961173444977 25.267354937037457 4.3097292175516477 6.2787928751204154 50.942334427847527
leaf_count=6993 443209 2106 37193 10665 53024 10514 4647 2360 1639 7436 9732 15427 66465 30312 148230 245217 41595 23647 860 86 720 12909 912 6702 3293 9628 3933 7703 814 580 3493 4461 123377 10989 887 3782 22707 240 118 986 20905 17344 12816 11908 986 17442 511 1153 1121 1267 3243 1882 7200 1234 1062 31839 25 1013 1608 285 1106 3212
internal_value=0.000176461 -0.0302209 -0.0407645 0.0268596 -0.0303497 -0.0413518 -0.0808638 -0.00754793 -0.000146933 0.0372054 0.00936204 0.0303821 -0.0444936 -0.0475871 -0.0620007 -0.0416923 0.00389236 -0.0544403 -0.000373371 -0.0131351 -0.0144113 0.021396 0.006675 -0.040011 0.0472221 0.0146805 0.0184263 0.00549278 -0.00985809 0.0168408 -0.0143827 -0.0155795 -0.0609413 -0.00283349 -0.0353681 0.0095876 0.00191484 -0.00280824 0.0257291 0.0513384 0.0224375 -0.0496965 -0.0263011 -0.00103701 -0.0171396 0.0023729 -0.0120296 0.0300129 0.0247019 0.013332 0.0285422 0.0216766 0.00948324 -0.0329706 -0.0163361 -0.0301111 -0.0649347 0.0297363 -0.00647405 0.0161821 0.0385871 0.0313802
internal_weight=9696.32 4532.7 3670.74 5163.63 2913.92 1965.53 756.821 948.392 772.318 3244.97 1918.66 1930.16 1867.38 1665.99 483.571 1182.42 1468.13 469.168 1180.45 420.001 473.349 287.682 760.449 176.074 1314.82 861.956 98.1456 456.215 193.908 262.307 76.6698 50.896 395.749 180.362 49.8335 130.529 637.597 532.072 105.526 1041.26 298.968 147.704 277.073 522.644 174.225 196.276 164.392 28.7016 1382.92 349.163 1033.76 295.846 185.769 53.3167 43.0265 261.822 19.3143 185.637 36.4625 29.5771 149.175 122.851
internal_count=1518753 1349990 1305996 168763 853679 704719 452317 148960 87721 51169 117594 39897 690272 637248 214695 422553 106929 177336 84288 41681 65177 22641 42607 61239 11272 43994 14447 34366 18578 15788 4073 9108 153689 17764 2993 14771 38483 37505 978 7979 22544 54537 45375 37265 14558 19802 13572 1664 32461 13791 18670 10203 8321 3588 2354 44655 1292 11715 2906 1893 8809 4124
is_linear=0
shrinkage=0.05


Tree=3
num_leaves=63
num_cat=0
split_feature=12 17 12 10 4 6 10 12 2 2 0 9 0 2 4 2 12 2 0 6 2 12 2 12 12 2 12 6 0 0 0 0 4 4 6 17 2 4 12 10 6 9 12 4 7 10 0 9 9 6 2 0 6 12 0 9 2 0 4 12 0 9
split_gain=4069.72 886.183 453.669 322.934 129.194 79.0813 78.285 73.7037 69.5596 47.8128 44.7098 43.0484 42.7798 42.7078 38.9121 36.7306 36.4335 48.278 35.9138 32.6754 30.3917 29.8119 32.8364 29.391 29.028 28.5073 37.1561 27.4585 26.7568 27.3547 26.0763 25.4523 25.1248 24.9973 34.8472 24.7746 24.2254 22.8477 30.874 22.6834 21.4278 21.4027 21.2187 20.74 19.9718 19.8246 21.33 22.6213 20.1226 19.7826 24.7316 19.3326 20.3357 19.2781 19.0724 18.9689 22.6313 29.3889 19.6025 19.2006 18.3218 18.1138
threshold=41.500000000000007 1.0000000180025095e-35 6.5000000000000009 100.00000000000001 66.500000000000014 22.500000000000004 63.500000000000007 14.500000000000002 24.500000000000004 31.500000000000004 2.5000000000000004 0.0071175277698785075 32.500000000000007 40.500000000000007 27.500000000000004 98.500000000000014 93.500000000000014 63.500000000000007 1.0000000180025095e-35 3.5000000000000004 1.5000000000000002 85.500000000000014 71.500000000000014 32.500000000000007 1.0000000180025095e-35 3.5000000000000004 3.5000000000000004 13.500000000000002 10.500000000000002 60.500000000000007 61.500000000000007 49.500000000000007 2.5000000000000004 23.500000000000004 29.500000000000004 7.4322564601898202 26.500000000000004 86.500000000000014 33.500000000000007 3.5000000000000004 5.5000000000000009 0.014185110572725536 26.500000000000004 39.500000000000007 0.015268065501004459 23.500000000000004 50.500000000000007 0.00766294775530696 0.012739370577037336 8.5000000000000018 9.5000000000000018 34.500000000000007 75.500000000000014 44.500000000000007 25.500000000000004 0.015268065501004459 10.500000000000002 1.5000000000000002 7.5000000000000009 7.5000000000000009 38.500000000000007 0.012422839645296337
decision_type=2 2 2 2 2 2 2 2 2 2 2 2 2 2 2 2 2 2 2 2 2 2 2 2 2 2 2 2 2 2 2 2 2 2 2 2 2 2 2 2 2 2 2 2 2 2 2 2 2 2 2 2 2 2 2 2 2 2 2 2 2 2
left_child=2 3 13 -2 10 20 -4 8 14 12 -5 15 -9 24 55 -11 17 -12 -7 -18 -6 22 -20 40 -1 26 27 -26 49 -30 -23 -21 44 34 -3 -15 -22 38 -25 -37 -13 -27 -17 53 -28 46 47 -35 -48 50 -16 -44 -53 -19 -10 61 57 -57 -58 -59 -38 -8
right_child=1 33 6 4 5 18 7 9 54 11 16 23 -14 35 28 42 19 43 21 31 36 30 -24 37 25 41 32 -29 29 -31 -32 -33 -34 45 -36 39 60 -39 -40 -41 -42 -43 51 -45 -46 -47 48 -49 -50 -51 -52 52 -54 -55 -56 56 58 59 -60 -61 -62 -63
leaf_value=0.046336573492877585 -0.081686794608293964 -0.10276553413107013 0.025220276754344656 0.063213472872660895 0.06480822127594027 0.076678794463368949 -0.025547645564332214 -0.0078687079612890596 0.052036259011247692 -0.060069921786300245 -0.034617701834517949 -0.10754115552222605 -0.050639525006741903 0.06213253437985438 -0.1026099718065672 0.018606960136599206 0.057461573537939403 -0.096814773852648736 -0.06614447204656497 -0.0079632752694201135 -0.066088653773005226 -0.042895365962933092 -0.034789151368681208 -0.096635089073858163 0.031722254942621542 0.020720827678507678 -0.10580923340008747 -0.10465174074489521 -0.089438118068795106 0.00091250830047094806 -0.063138609734970458 -0.044474469776745094 -0.034981323845556848 0.033605031030031367 0.044422961321247213 0.045417312243630194 0.026394066112964118 -0.044606771612350743 0.010617070717116997 -0.033356278862247367 0.023219963561675442 0.042831827858753918 0.057700698568426217 -0.018825509842296844 0.036313104264162392 -0.006917816597477762 0.014005857533751612 -0.10228860656472168 0.083303742474830564 0.024556606038420085 0.026815952481214447 0.036959554791625125 -0.044496851205610588 0.021111556329144233 0.026651704678163624 0.025411433529403511 -0.10373646866055973 -0.011746419478044976 0.061643322726790378 -0.10459908773805077 -0.025166865844917105 0.018608059568835118
leaf_weight=773.70313006825745 699.9793143288698 4.2309264966752371 818.88957489188761 13.683878873242064 12.127761785406618 5.2143097047228357 24.657190220896155 358.73329867422581 122.73540415847674 36.448726859176531 169.3535902943695 3.1620989819057277 69.846396153094247 298.72489627311006 8.4181216328870487 59.421908427961171 8.8387136664241535 3.5897150195669374 115.51866320986301 54.941733434679918 21.378134368220344 196.157109758351 301.22181050130166 7.091491215163841 715.13984369882382 124.1993239542935 2.6905069127678862 3.7102321374695739 23.172846414381638 13.120803737081586 841.71472486038692 363.77814929815941 37.543613427085802 5.0081616742536408 81.138460604008287 30.388396411668509 27.781450952636078 28.384489198215306 124.72156586952042 13.069026835495604 340.48995365644805 921.22522007941734 6.7106758479494593 65.902829066151753 30.425275010988116 158.57394835783634 396.2662215847522 7.882136891130358 10.760187606094403 29.799148408463225 6.5731271028053007 9.06462405156344 49.521700748242438 100.26604520576075 186.33453354460653 12.252820916008202 2.1042815730907014 8.8891636175103503 12.065513210836796 14.899782029679043 45.360775261418894 400.15910570905544
leaf_count=4891 443126 365 14853 227 114 30 1961 43255 2375 12697 39771 190 14855 3140 1074 5529 85 713 52121 7907 4466 66783 99635 1551 8560 4418 132 252 4145 1208 383228 119644 1737 218 2377 316 1844 6358 12447 357 20476 11671 331 15197 332 22024 22525 637 41 2156 221 527 10571 10259 7023 303 83 291 115 917 10462 13636
internal_value=0.00031724 -0.0404752 0.0267408 -0.0518809 -0.0429908 -0.0512708 0.0122381 0.00681069 0.017715 -0.00181606 -0.0263694 0.00657686 -0.0148391 0.0403926 0.00714577 -0.0159159 -0.0279684 -0.0157295 -0.0543073 -0.0376755 -0.00970666 -0.0547769 -0.0434807 0.0137717 0.038214 0.0347891 0.0276177 0.0310184 -0.024867 -0.0567748 -0.0593126 -0.0396837 -0.00697953 0.0118716 0.0371283 0.0570011 -0.0192675 -0.00391548 0.00484695 0.0217276 0.0220168 0.040205 -0.00301208 0.00311372 0.0247663 0.00814442 0.0138324 -0.049491 0.0158378 0.000987877 -0.0458613 -0.022686 -0.0318937 0.0170355 0.0367322 0.0126101 -0.0164522 -0.0374998 0.0370836 -0.069903 -0.00558259 0.0160452
internal_weight=9439.16 3710.67 5728.49 3046.81 2346.83 1566.47 2777.67 1958.78 865.182 1093.6 780.355 665.017 428.58 2950.82 556.112 161.168 766.671 339.112 1459.83 427.559 106.648 1454.61 416.74 503.85 2608.64 1834.93 789.509 718.85 81.084 36.2937 1037.87 418.72 70.6594 663.86 85.3694 342.182 94.5204 160.198 131.813 43.4574 343.652 1045.42 124.719 169.759 33.1158 578.491 419.917 12.8903 407.026 44.7904 14.9912 65.297 58.5863 103.856 309.07 475.028 50.2116 36.0418 14.1698 23.7889 73.1422 424.816
internal_count=1518753 1303799 214954 1255612 812486 618683 179148 164295 35508 128787 193803 70677 58110 35806 26110 29655 193576 65940 601797 127636 16886 601767 151756 41022 31993 27102 11013 8812 8804 5353 450011 127551 2201 48187 2742 3813 16772 20356 13998 673 20666 16089 16958 26169 464 45445 23421 855 22566 3451 1295 11429 11098 10972 9398 17306 1709 1511 198 1208 12306 15597
is_linear=0
shrinkage=0.05


end of trees

feature_importances:
rank_bm25_v2_top100=33
rank_cf_v2_top100=26
rank_attr_v2_top100=24
popularity=24
pmi_sum=22
turn_number=21
rank_last_v2_top100=19
rank_siglip_v2_top100=19
rank_pmi_v2_top100=16
rank_meta_v2_top100=10
score_meta_v2_top100=8
score_last_v2_top100=7
score_siglip_v2_top100=7
n_legs_containing=6
score_attr_v2_top100=3
score_bm25_v2_top100=1
score_cf_v2_top100=1
score_pmi_v2_top100=1

parameters:
[boosting: gbdt]
[objective: lambdarank]
[metric: ndcg]
[tree_learner: serial]
[device_type: cpu]
[data_sample_strategy: bagging]
[data: ]
[valid: ]
[num_iterations: 300]
[learning_rate: 0.05]
[num_leaves: 63]
[num_threads: -1]
[seed: 0]
[deterministic: 0]
[force_col_wise: 0]
[force_row_wise: 0]
[histogram_pool_size: -1]
[max_depth: -1]
[min_data_in_leaf: 10]
[min_sum_hessian_in_leaf: 0.001]
[bagging_fraction: 0.8]
[pos_bagging_fraction: 1]
[neg_bagging_fraction: 1]
[bagging_freq: 5]
[bagging_seed: 3]
[bagging_by_query: 0]
[feature_fraction: 0.8]
[feature_fraction_bynode: 1]
[feature_fraction_seed: 2]
[extra_trees: 0]
[extra_seed: 6]
[early_stopping_round: 0]
[early_stopping_min_delta: 0]
[first_metric_only: 0]
[max_delta_step: 0]
[lambda_l1: 0]
[lambda_l2: 0]
[linear_lambda: 0]
[min_gain_to_split: 0]
[drop_rate: 0.1]
[max_drop: 50]
[skip_drop: 0.5]
[xgboost_dart_mode: 0]
[uniform_drop: 0]
[drop_seed: 4]
[top_rate: 0.2]
[other_rate: 0.1]
[min_data_per_group: 100]
[max_cat_threshold: 32]
[cat_l2: 10]
[cat_smooth: 10]
[max_cat_to_onehot: 4]
[top_k: 20]
[monotone_constraints: ]
[monotone_constraints_method: basic]
[monotone_penalty: 0]
[feature_contri: ]
[forcedsplits_filename: ]
[refit_decay_rate: 0.9]
[cegb_tradeoff: 1]
[cegb_penalty_split: 0]
[cegb_penalty_feature_lazy: ]
[cegb_penalty_feature_coupled: ]
[path_smooth: 0]
[interaction_constraints: ]
[verbosity: -1]
[saved_feature_importance_type: 0]
[use_quantized_grad: 0]
[num_grad_quant_bins: 4]
[quant_train_renew_leaf: 0]
[stochastic_rounding: 1]
[linear_tree: 0]
[max_bin: 255]
[max_bin_by_feature: ]
[min_data_in_bin: 3]
[bin_construct_sample_cnt: 200000]
[data_random_seed: 1]
[is_enable_sparse: 1]
[enable_bundle: 1]
[use_missing: 1]
[zero_as_missing: 0]
[feature_pre_filter: 1]
[pre_partition: 0]
[two_round: 0]
[header: 0]
[label_column: ]
[weight_column: ]
[group_column: ]
[ignore_column: ]
[categorical_feature: ]
[forcedbins_filename: ]
[precise_float_parser: 0]
[parser_config_file: ]
[objective_seed: 5]
[num_class: 1]
[is_unbalance: 0]
[scale_pos_weight: 1]
[sigmoid: 1]
[boost_from_average: 1]
[reg_sqrt: 0]
[alpha: 0.9]
[fair_c: 1]
[poisson_max_delta_step: 0.7]
[tweedie_variance_power: 1.5]
[lambdarank_truncation_level: 20]
[lambdarank_norm: 1]
[label_gain: ]
[lambdarank_position_bias_regularization: 0]
[eval_at: ]
[multi_error_top_k: 1]
[auc_mu_weights: ]
[num_machines: 1]
[local_listen_port: 12400]
[time_out: 120]
[machine_list_filename: ]
[machines: ]
[gpu_platform_id: -1]
[gpu_device_id: -1]
[gpu_use_dp: 0]
[num_gpu: 1]

end of parameters

pandas_categorical:null
