tree
version=v4
num_class=1
num_tree_per_iteration=1
label_index=0
max_feature_idx=30
objective=lambdarank
feature_names=rank_biencoder_large_top100 score_biencoder_large_top100 rank_biencoder_nv_embed_top100 score_biencoder_nv_embed_top100 rank_biencoder_personalized_top100 score_biencoder_personalized_top100 rank_biencoder_stella_top100 score_biencoder_stella_top100 rank_biencoder_top100 score_biencoder_top100 rank_bm25_norepeat score_bm25_norepeat rank_cf_bpr score_cf_bpr rank_decay_descending score_decay_descending rank_e5_large_top100 score_e5_large_top100 rank_generative_top100 score_generative_top100 rank_metadata_qwen3 score_metadata_qwen3 rank_pmi_leg score_pmi_leg popularity turn_number n_prior_accepts pmi_sum is_in_all_legs n_legs_containing biencoder_cosine
feature_infos=[0:101] [0:0.016393441706895828] [0:101] [0:0.016393441706895828] [0:101] [0:0.016393441706895828] [0:101] [0:0.016393441706895828] [0:101] [0:0.016393441706895828] [0:101] [0:0.016393441706895828] [0:101] [0:0.016393441706895828] [0:101] [0:0.016393441706895828] [0:101] [0:0.016393441706895828] [0:101] [0:0.016393441706895828] [0:101] [0:0.016393441706895828] [0:101] [0:0.016393441706895828] [0:93] [1:8] [0:7] [0:66.898796081542969] none [1:11] none
tree_sizes=7026 6965 6996 7004 7000 6985 6940

Tree=0
num_leaves=63
num_cat=0
split_feature=2 18 6 27 16 24 14 24 21 6 2 16 2 0 24 0 6 12 6 27 2 6 21 21 2 16 2 24 24 24 0 16 0 5 8 4 8 21 21 2 2 6 24 12 0 24 14 12 2 6 24 25 24 27 24 24 8 2 24 24 25 2
split_gain=5829.55 1277.5 411.739 389.72 365.318 179.259 156.689 84.862 86.8814 80.9622 60.9713 60.5299 58.8987 55.8193 55.1201 49.4316 47.733 35.5458 28.2676 27.4259 23.6509 23.2808 22.9118 19.9225 19.3436 19.0763 18.9735 21.1092 18.9693 17.6339 20.3206 17.2109 16.956 16.2859 16.123 15.8702 15.1283 14.8161 14.1983 14.0511 16.4389 16.1869 17.9615 15.6745 13.3747 13.2344 12.5154 12.3038 11.9334 11.8875 11.8127 11.7324 15.7419 11.5688 11.5259 11.4256 10.9054 11.3656 10.5579 17.4266 10.4908 10.4318
threshold=65.500000000000014 98.500000000000014 31.500000000000004 3.4953534603118901 25.500000000000004 56.500000000000007 12.500000000000002 44.500000000000007 1.0000000180025095e-35 20.500000000000004 22.500000000000004 17.500000000000004 97.500000000000014 68.500000000000014 78.500000000000014 93.500000000000014 40.500000000000007 18.500000000000004 90.500000000000014 4.0422644615173349 17.500000000000004 74.500000000000014 0.013072453904896976 0.016001024283468727 52.500000000000007 89.500000000000014 21.500000000000004 60.500000000000007 70.500000000000014 15.500000000000002 96.500000000000014 11.500000000000002 30.500000000000004 0.0070672258734703073 37.500000000000007 32.500000000000007 15.500000000000002 0.012579114176332952 0.013072453904896976 97.500000000000014 82.500000000000014 48.500000000000007 74.500000000000014 7.5000000000000009 12.500000000000002 43.500000000000007 11.500000000000002 9.5000000000000018 9.5000000000000018 96.500000000000014 69.500000000000014 6.5000000000000009 28.500000000000004 8.5396203994750994 18.500000000000004 42.500000000000007 20.500000000000004 77.500000000000014 49.500000000000007 48.500000000000007 1.5000000000000002 25.500000000000004
decision_type=2 2 2 2 2 2 2 2 2 2 2 2 2 2 2 2 2 2 2 2 2 2 2 2 2 2 2 2 2 2 2 2 2 2 2 2 2 2 2 2 2 2 2 2 2 2 2 2 2 2 2 2 2 2 2 2 2 2 2 2 2 2
left_child=2 35 11 4 16 6 17 8 10 34 -4 48 51 37 15 44 -3 60 -19 20 -9 24 26 39 61 36 -13 -28 32 49 33 -18 -22 -31 -8 -2 -15 -14 -36 40 -17 -41 43 -43 -7 -32 -34 -33 -1 -23 55 56 -53 -5 -20 -49 -11 -58 59 -48 -6 -12
right_child=1 3 7 53 5 14 9 19 -10 12 21 22 13 25 -16 23 31 18 54 -21 28 29 -24 -25 -26 -27 27 -29 -30 30 45 47 46 -35 38 -37 -38 -39 -40 41 -42 42 -44 -45 -46 -47 58 50 -50 -51 -52 52 -54 -55 -56 -57 57 -59 -60 -61 -62 -63
leaf_value=0.094392293357570045 0.067178304932732136 0.066389433683934046 0.038942894582617148 0.041627817394689279 -0.0048357699308807216 0.069545261844592282 0.047134777587292724 0.0661975627304872 0.077134892583976919 0.032230948180619973 -0.10000000000000001 0.068864532383868304 -0.035249786073654955 0.047954541064845771 0.059265575762742523 -0.051963314914829008 0.038389379056814159 0.068952597843610242 0.020006709800067621 0.07849517538763727 0.059928803889293038 -0.10000000000000001 0.084004015594690229 0.08312515956780625 -0.031589349774520971 -0.069545109320430107 0.026417459903078557 0.077317520599666567 0.066304162425673371 0.028494509055825446 -0.055104107812954412 0.087733886748534551 0.072924242208549997 -0.06291751825028781 -0.026638702872122767 -0.099702711061366106 -0.052333917804501251 0.064740349596491206 0.094733235886424752 0.011392591571616031 0.024092381370341184 0.034678397411214847 0.0070536763663397346 -0.049753951593398744 0.010515027726992674 0.035711126915648594 0.007331520430018397 -0.0094490873250921217 0.081654885314438666 0.013237867147755806 0.058001987413634194 -0.04741613768729043 0.010833841729494153 0.073159719093842154 -0.079083366680634148 -0.074085080819199442 -0.059930540673028825 -0.029011019597592502 0.023572242387885425 -0.10000000000000001 0.071707448509132951 0.032105041285440658
leaf_weight=582.52481485565659 1.4270802978426207 84.833507326315157 107.13838920670969 47.147190074116224 5.1977949357533353 10.807095389929598 20.310733884747606 95.374583309901936 54.052425799745834 5.5077062725322312 1.5356000700267021 147.59154042731097 155.76349754685361 3.8562893033958963 29.451452883717138 10.200288136751622 33.877876019338146 6.5276505274232486 3.8919391619856478 79.323154503828846 34.763238628773252 2.4661398590687886 120.63063397807127 4.0788834999548262 17.444264156001736 591.40438104713394 72.473717065004166 28.33221673197113 42.008651382231619 18.568877494835764 57.558554054048727 3.023009111871942 10.60411678010132 6.6057563810318234 21.700968869845386 837.65570002837194 151.13153228238662 3.7950192452262845 2.7105448808288193 17.296385302906856 23.411300573439803 5.7468180785363066 18.080532304360531 126.38702943849785 85.604667371400865 4.3122369562042868 20.019681284160473 25.16468559603527 268.70541807284462 38.492322927741043 4.6343440782511598 17.498579497856554 34.400228172788047 75.94677439093357 11.930705280217806 9.3876414583792194 45.150738809985342 86.972265321746818 99.963926210955833 4.6625762594630933 32.256726071063895 55.658678616557154
leaf_count=17507 138 14533 36747 16350 5181 2617 6162 17697 5003 1807 1647 18908 130179 1773 16286 9538 16562 1585 2341 7533 5924 2058 7673 692 7173 640532 21168 3353 9231 7166 45644 269 1136 3994 20266 506146 140672 847 182 9050 8837 2932 8218 106922 39118 2187 11921 18338 21870 25032 1509 12227 17975 14077 11840 10545 32611 56095 39591 2619 8052 15598
internal_value=-2.82043e-05 -0.0483998 0.0651158 -0.0248146 -0.0310637 -0.0385958 -0.047582 0.0359755 0.0186422 -0.0517199 0.00843599 0.0830393 -0.0544119 -0.0597147 -0.00602346 -0.0123987 0.0405997 0.0313078 -0.0185929 0.0522831 0.0455191 -0.00769321 0.0661262 -0.0262734 0.0145007 -0.0654531 0.0574441 0.0407233 0.0362172 -0.0206344 -0.0333645 0.0118456 0.028783 0.00450824 0.0142219 -0.0994189 -0.0498386 -0.0328716 -0.0131621 -0.028492 0.00101135 -0.034412 -0.0396861 -0.0460818 0.0171319 -0.0487745 0.0207777 -0.00945864 0.0903715 0.00641973 -0.0169564 -0.0290645 -0.00880615 0.0610824 -0.0547099 -0.0270103 -0.0367036 -0.0395772 0.0163414 -0.0129438 0.0610851 0.0285582
internal_weight=4624.98 2654.17 1970.81 1815.09 1691.99 1531.07 1200.01 750.553 363.833 1140.2 309.781 1220.26 1095.48 905.951 331.064 301.613 160.921 59.8048 22.3503 386.72 307.397 202.642 369.028 205.201 74.6385 746.392 248.397 100.806 212.022 128.004 87.0454 76.0876 170.014 25.1746 44.7222 839.083 154.988 159.559 24.4115 201.122 33.6116 167.511 150.214 132.134 96.4118 61.8708 135.25 42.2097 851.23 40.9585 39.1867 189.53 51.8988 123.094 15.8226 34.5523 137.631 132.123 124.646 24.6823 37.4545 57.1943
internal_count=2231384 1893004 338380 1386720 1356293 1294537 1090327 247901 152249 1061328 147246 90479 1034718 914003 204210 187924 61756 28999 15766 95652 88119 110499 51102 146189 24418 782977 43429 24521 70422 86081 58991 47223 61191 11160 26610 506284 142445 131026 20448 145497 18375 127122 118072 109854 41735 47831 55267 30661 39377 27090 30392 120715 30202 30427 14181 28883 90513 88706 54131 14540 13233 17245
is_linear=0
shrinkage=0.05


Tree=1
num_leaves=63
num_cat=0
split_feature=29 29 19 24 16 2 12 2 20 24 22 16 0 16 2 0 24 16 6 6 2 16 29 0 16 0 25 2 2 0 4 24 6 16 6 12 24 4 2 2 9 12 6 9 10 4 0 2 12 24 0 24 25 0 0 13 25 24 10 24 16 2
split_gain=4584.45 926.153 813.739 514.776 498.632 286.25 204.454 189.344 185.702 143.889 86.0929 81.2326 79.8304 77.4013 67.5199 67.1855 57.1071 54.0348 53.7125 90.9094 219.943 109.211 90.7437 87.8858 62.377 49.9209 54.8506 48.1515 152.874 51.8467 62.0164 61.7731 47.5918 104.94 61.1896 47.0306 49.0214 46.8996 45.2876 44.8023 44.0915 43.2439 43.2247 41.5893 40.8246 56.8921 55.1427 40.7098 38.839 58.0935 38.4662 37.9231 37.837 36.8632 36.5428 36.9797 35.1511 47.6042 39.0561 44.4567 34.924 34.8251
threshold=2.5000000000000004 6.5000000000000009 1.0000000180025095e-35 58.500000000000007 4.5000000000000009 93.500000000000014 5.5000000000000009 2.5000000000000004 3.5000000000000004 75.500000000000014 17.500000000000004 100.00000000000001 63.500000000000007 100.00000000000001 95.500000000000014 1.5000000000000002 15.500000000000002 94.500000000000014 2.5000000000000004 33.500000000000007 58.500000000000007 20.500000000000004 3.5000000000000004 1.5000000000000002 11.500000000000002 9.5000000000000018 4.5000000000000009 64.500000000000014 40.500000000000007 22.500000000000004 1.5000000000000002 46.500000000000007 3.5000000000000004 17.500000000000004 30.500000000000004 13.500000000000002 43.500000000000007 28.500000000000004 33.500000000000007 12.500000000000002 0.013245614245533945 16.500000000000004 1.5000000000000002 0.012422839645296337 13.500000000000002 90.500000000000014 93.500000000000014 60.500000000000007 4.5000000000000009 58.500000000000007 3.5000000000000004 23.500000000000004 6.5000000000000009 37.500000000000007 27.500000000000004 0.013423423748463394 4.5000000000000009 30.500000000000004 9.5000000000000018 50.500000000000007 18.500000000000004 66.500000000000014
decision_type=2 2 2 2 2 2 2 2 2 2 2 2 2 2 2 2 2 2 2 2 2 2 2 2 2 2 2 2 2 2 2 2 2 2 2 2 2 2 2 2 2 2 2 2 2 2 2 2 2 2 2 2 2 2 2 2 2 2 2 2 2 2
left_child=2 7 3 5 8 -1 38 32 42 18 -8 16 17 -5 -15 37 -12 -7 23 21 39 27 -23 -9 -22 26 -18 28 29 30 -20 -31 -2 34 43 -14 -37 -10 -6 -21 -28 -41 -3 -34 46 -46 -26 -30 49 -48 -49 -45 -29 -44 -17 -56 58 -58 -25 -60 -33 -40
right_child=1 4 -4 13 6 12 10 9 15 -11 11 -13 35 14 -16 54 25 -19 19 20 24 22 -24 56 44 -27 40 52 47 31 -32 60 33 -35 -36 36 -38 -39 61 41 -42 -43 53 51 45 -47 48 50 -50 -51 -52 -53 -54 -55 55 -57 57 -59 59 -61 -62 -63
leaf_value=-0.018794984338213704 0.046449353128368703 0.076296859205508993 -0.090633140588191899 0.025940759453580806 0.042497296380998764 0.017614998643672424 0.027856167120183052 0.050678455149233484 0.056005593532944466 0.034594044865657599 0.028079422024121434 -0.049922068753431997 -0.010479935515490927 0.0085085056647823745 -0.021237478478864605 0.031026859713455004 0.029155202659142999 -0.040314228755482961 -0.084852044048238484 0.041817586890383174 0.030230014097855102 -0.042707036172224572 0.0088832476382162944 0.080256608617784331 0.032312616892281307 -0.0063707985562407119 0.023207072131456973 -0.01360490231108662 -0.10234376638536916 -0.022499319583772021 -0.0087159706573425016 -0.088846106975437142 -0.04312937851672155 0.049906648889744477 0.068773830567157454 -0.065148034328668433 -0.045828132119546533 -0.10236072140826209 0.00055064862294394213 0.047322736458658608 -0.034220805208781895 0.010576838273232447 0.05668573012519016 0.039535786663188792 -0.023235313344024011 0.0050338104731492018 -0.0032837860661616871 0.065525672016190264 -0.064747714302576684 -0.090161208324682551 -0.078120415366428095 -0.016017903454783412 0.035800703848468091 -0.10167002985486462 -0.07976672078998287 0.023667762309480561 0.047138160428442363 -0.016658459616526823 -0.063932800596960146 0.0047973730690902437 0.043816306601964561 0.039742259854638813
leaf_weight=788.57675565488171 244.00315595814027 600.91086348379031 728.70440617494751 199.30759868497262 913.40127893188037 53.292068980168551 537.80124496261124 121.71475631860085 396.22869866131805 280.1790656724479 258.93090316804592 65.773079565144144 49.875276931910776 325.18022696586559 461.54447387059918 640.97186166467145 265.04478380805813 164.54856354673393 27.992538933642209 208.67614882544149 79.84796466527041 97.268575051915832 688.99647272552829 8.3320941124111396 28.129816838307306 675.69944205775391 58.100160886766389 122.4865254086908 76.786943778162822 157.43253397545777 600.82729395793285 65.302971099852584 71.564071700442582 156.0953100733459 26.189519596751779 1179.1606024174253 455.0384295352269 4.7308359141461542 129.62048225733452 92.22096691140905 78.693190449848771 607.45881216519047 407.43759258068167 48.231478170491755 373.07400700141443 340.34148482070304 88.90278096369002 7.6957758506760028 100.71312912856229 24.557381878606975 11.816360018216072 84.609899021335877 56.688230124302208 3.7085174957755944 15.294363318243994 19.864378387806937 60.86051574558951 56.281743054278195 51.690694800578058 43.183506066910923 5.3688509515486649 100.73129717982374
leaf_count=202335 1242 1159 511021 34372 6743 13428 8162 804 1541 9611 3633 2047 12652 35469 118732 4550 2657 72116 539 10662 7808 14688 44525 25 1254 16587 755 5279 2282 2694 8229 1268 558 3979 589 599133 211121 74 2042 1695 1334 63115 1810 183 89912 61761 5088 34 17122 1277 315 621 2398 93 344 240 845 1906 1855 723 151 2197
internal_value=0.00031763 0.0185926 -0.0423638 -0.0327966 0.0335107 -0.044123 0.0207335 0.0035071 0.052371 -0.000100239 0.0108483 0.00432535 -0.0546245 -0.00189147 -0.00894245 0.0379209 0.00699508 -0.0261425 -0.00241211 -0.00409384 0.00352686 -0.0118149 0.00250103 0.0165781 -0.0122247 0.00192854 0.0158841 -0.0217549 -0.026225 -0.0195126 -0.0121052 -0.0399326 0.0291587 0.0182483 -0.00318205 -0.0583087 -0.0597685 0.0541371 0.0375009 0.0214844 -0.0098295 0.0154201 0.0677496 -0.0124014 -0.0157717 -0.00974927 -0.0335037 -0.0859561 -0.0421481 -0.0220876 -0.021465 0.00415229 0.0020263 0.0552574 0.0283045 -0.0213272 -0.00225811 0.0164867 -0.023534 -0.0326492 -0.0787679 0.0176889
internal_weight=14693.7 10288.5 4405.23 3676.52 5172.94 2690.49 3083.8 5115.52 2089.15 4484.83 1940.04 1402.24 1901.91 986.032 786.725 1077.09 1336.47 217.841 4204.65 3862.59 1943.92 1918.66 786.265 342.063 1035.57 1077.54 401.838 1132.4 953.223 856.924 628.82 228.104 630.693 386.69 230.595 1684.07 1634.2 400.96 1143.75 908.356 136.793 699.68 1012.06 204.405 955.719 713.415 242.303 96.2991 214.173 113.46 19.5121 132.841 179.175 411.146 676.131 35.1587 220.349 117.142 103.206 94.8742 70.6718 230.352
internal_count=2231384 421005 1810379 1299358 55968 1110785 46157 365037 9811 357865 35175 27013 908450 188573 154201 6749 24966 85544 348254 342096 259694 82402 59213 6158 184222 21333 4746 23189 15512 12881 8768 4113 7172 5930 1951 822906 810254 1615 10982 75472 2089 64810 3062 1362 176414 151673 24741 2631 23487 6365 349 804 7677 1903 5134 584 5354 2751 2603 2578 1419 4239
is_linear=0
shrinkage=0.05


Tree=2
num_leaves=63
num_cat=0
split_feature=6 2 27 16 19 2 20 24 27 14 14 24 16 24 14 2 2 14 16 0 4 27 6 20 24 2 11 6 16 2 4 2 4 0 0 16 22 2 11 4 27 24 16 14 20 22 0 4 27 22 12 4 6 4 24 4 16 14 16 11 25 0
split_gain=5044.18 1121.96 774.596 589.456 402.737 237.486 193.063 211.792 140.839 130.599 101.77 123.946 82.88 79.8553 73.4135 72.1999 63.8465 62.4689 61.4994 56.2078 48.1114 41.4893 39.9511 39.3742 39.1185 45.8235 38.9457 38.3134 44.0344 51.189 44.3285 37.8557 36.2735 35.3001 35.0727 33.5661 33.0496 31.6767 32.9492 31.1318 36.7609 36.5265 31.1852 29.9416 29.6713 30.132 31.2338 29.481 31.4575 46.8683 37.0274 29.4782 28.9721 28.6725 28.6602 56.549 33.1246 28.9095 39.1851 28.5867 29.194 28.2525
threshold=36.500000000000007 97.500000000000014 3.4953534603118901 17.500000000000004 1.0000000180025095e-35 6.5000000000000009 12.500000000000002 57.500000000000007 20.814304351806644 18.500000000000004 60.000000000000007 48.500000000000007 89.500000000000014 66.500000000000014 1.5000000000000002 93.500000000000014 20.500000000000004 18.500000000000004 26.500000000000004 70.500000000000014 5.5000000000000009 9.7217559814453143 1.0000000180025095e-35 10.500000000000002 80.500000000000014 12.500000000000002 0.013606071937829258 17.500000000000004 65.500000000000014 11.500000000000002 77.500000000000014 54.500000000000007 12.500000000000002 30.500000000000004 67.500000000000014 76.500000000000014 60.000000000000007 8.5000000000000018 0.013606071937829258 32.500000000000007 18.511890411376957 12.500000000000002 20.500000000000004 60.000000000000007 17.500000000000004 7.5000000000000009 36.500000000000007 1.5000000000000002 16.120407104492191 9.5000000000000018 4.5000000000000009 55.500000000000007 15.500000000000002 2.5000000000000004 77.500000000000014 68.500000000000014 23.500000000000004 4.5000000000000009 80.500000000000014 0.012903762981295587 2.5000000000000004 41.500000000000007
decision_type=2 2 2 2 2 2 2 2 2 2 2 2 2 2 2 2 2 2 2 2 2 2 2 2 2 2 2 2 2 2 2 2 2 2 2 2 2 2 2 2 2 2 2 2 2 2 2 2 2 2 2 2 2 2 2 2 2 2 2 2 2 2
left_child=3 8 4 5 6 14 17 12 10 37 -2 18 32 15 52 21 44 26 -12 -9 -16 27 -17 -13 25 -25 -3 -11 30 -30 -29 -20 -8 -27 -34 -24 -14 -5 53 40 41 -40 -43 -4 45 -7 -47 -18 49 50 -49 -31 -1 -39 56 -56 -28 -58 -59 -46 -61 -55
right_child=1 2 43 9 -6 16 7 19 -10 13 11 23 36 -15 20 22 47 -19 31 -21 -22 -23 35 24 -26 33 54 28 29 51 -32 -33 34 -35 -36 -37 -38 38 39 -41 -42 42 -44 -45 59 46 -48 48 -50 -51 -52 -53 -54 61 55 -57 57 58 -60 60 -62 -63
leaf_value=0.068041388472258726 0.012702373850031621 0.057778702331929416 -0.00047337118258002921 0.043030247267940663 -0.085532114315876331 0.062173395210219556 0.017039743191277681 0.0035595547045990591 0.052300754234141336 0.008927865605640543 0.0020184503500449294 0.052008022931799847 -0.08879317362299971 0.026290563816105068 0.053992031238540461 0.060704126617040922 0.039703095941431142 -0.055771767172158683 -0.020348181429641225 -0.031133146454347477 0.037593186130467776 0.036705558481106862 -0.012925192750305703 -0.020655726528039691 0.022481990996620193 0.023810106375599358 -0.078295782344750181 0.0065178767976911099 -0.081190379050775113 -0.050318988393291908 -0.052701777387678651 -0.038560014898998234 -0.024876568297916592 -0.0040567616063989526 -0.051254371981213534 -0.05346470835255146 -0.060060245322990619 -0.10225306572106654 -0.10311291640083142 0.029891391478180221 0.037973793425926702 0.038751779737253494 -0.019696674315417304 0.04257438166128745 0.02932867293896806 0.039098683378023122 -0.063964234059265962 0.015324249588987439 0.050825625809482668 0.014783009999637066 -0.10340297252848048 0.0056610768119330608 -0.031482662238379873 0.049636487619812514 0.083162459628633223 -0.10385875707795911 0.034483976767058139 0.046522529728485598 -0.058743682613010856 0.027461094260632035 -0.10445029218647287 0.003276831605061167
leaf_weight=630.80021477653645 463.81319682358298 37.796997816301882 49.357594672823325 234.87197836022824 745.07536691240966 163.00212889397517 26.490219533909112 157.34758756204974 96.556782712228596 504.46990478190128 211.39917675382458 33.235124788014218 108.11586097697727 283.81330986507237 1081.9639919290785 11.658385385060681 145.86682628863491 40.91031679417938 758.37333751941333 452.51275069930125 762.43845037592109 81.27736876392737 96.169693613774143 367.58486611791886 134.24071870872285 136.4912411296973 9.8381737519521248 268.48827117786277 41.121307719731703 37.286249650409445 35.815753906033933 457.46333765238523 185.52226594428066 678.85520425881259 392.89541289082263 108.8568415310001 1346.4690257743932 3.6309414822608224 10.680651780217884 128.83266513550188 44.176577733829618 29.12307495996356 105.46894048433751 222.42110120737925 424.69192730507348 544.73052454722347 7.4518005447462192 11.472326662391424 56.914888078114018 656.77434037753846 15.358221763395704 63.679338208632544 7.3982261135242871 151.28820779570378 5.5195007110014567 15.097992951283231 78.671512524597347 14.238708365941418 23.319202841608785 8.5564970216946694 8.2275229152291995 41.9835419151932
leaf_count=1412 13033 2268 2943 2025 510894 778 3010 24339 975 21309 14132 531 55532 9398 5198 648 1490 14510 113412 131896 6831 1856 13467 9273 4499 7159 351 13298 1926 4889 3136 132994 39014 91426 165642 47948 665544 295 339 1893 277 336 2468 21889 8825 4740 229 119 502 20051 597 7889 84 2898 26 777 6755 397 8600 115 260 2037
internal_value=0.000525856 -0.0284988 -0.0466694 0.0314317 -0.0527493 0.0418803 -0.0443114 -0.0480636 -0.00720591 0.0107164 -0.0089785 -0.0125988 -0.0557276 0.0023499 0.0522708 -0.00309097 0.0292544 0.000125831 -0.0228726 -0.0221822 0.0472131 0.00241753 -0.0293297 -0.00174046 -0.00309665 -0.00599935 0.0125216 -0.000513333 -0.0111829 -0.0341648 -0.000452115 -0.0272005 -0.0401737 0.000608229 -0.0427939 -0.0344493 -0.0621959 0.0278122 0.0208743 0.0109287 -0.00196663 -0.0141123 -0.00704957 0.0347565 0.0369921 0.0432839 0.0377078 0.0191575 0.0151104 0.0121369 -0.0526371 -0.0150122 0.0668877 0.0369508 0.000859941 -0.0537914 0.00979779 0.0172544 -0.0188358 0.0267993 -0.0372018 0.039566
internal_weight=14058 7249.61 3911.6 6808.34 3639.82 4525.65 2894.75 2669.35 3338.01 2282.69 3241.46 2777.64 2059.49 1532.64 2482.6 1248.82 2043.05 225.392 1427.24 609.86 1844.4 1032.14 216.685 1350.41 1317.17 1182.93 184.482 950.861 446.391 142.087 304.304 1215.84 604.908 815.346 578.418 205.027 1454.58 750.057 515.185 318.282 189.449 145.273 134.592 271.779 1156.66 715.184 552.182 886.387 740.52 683.605 26.8305 100.966 638.198 196.903 146.685 20.6175 126.068 116.229 37.5579 441.476 16.784 193.272
internal_count=2231384 2041821 1654387 189563 1629555 51231 1118661 1084977 387434 138332 386459 373426 928742 125764 13525 116366 37706 33684 260538 156235 12029 54303 62063 112888 112357 107858 19174 52447 31138 14704 16434 246406 207666 98585 204656 61415 721076 12568 10543 5313 3420 3143 2804 24832 14947 5747 4969 22759 21269 20767 716 12778 1496 5230 16906 803 16103 15752 8997 9200 375 4935
is_linear=0
shrinkage=0.05


Tree=3
num_leaves=63
num_cat=0
split_feature=29 29 2 18 24 16 2 12 24 6 2 27 5 2 12 27 2 2 29 20 16 27 6 22 24 27 22 5 25 24 16 10 16 16 20 24 25 6 2 6 24 27 1 24 24 6 24 16 1 25 24 12 5 12 10 21 5 16 10 2 27 16
split_gain=5211.87 970.999 556.583 340.19 282.431 224.263 151.624 145.836 107.545 98.5443 95.1622 81.2864 68.8648 63.3035 62.4176 62.2048 53.5592 51.6847 51.021 50.0408 46.7402 46.4664 43.4569 42.4618 42.3313 40.5307 39.8329 39.6973 38.3901 38.0337 38.6977 35.1654 35.1533 35.5693 32.9437 31.7801 34.912 31.5266 29.7957 28.9667 28.9501 28.2295 27.892 27.7909 26.5522 26.3986 24.6612 24.4399 24.0788 23.9054 23.7655 27.4279 57.6873 28.0047 38.301 26.1608 24.98 23.3753 23.9598 22.8623 28.8232 22.7816
threshold=4.5000000000000009 1.5000000000000002 14.500000000000002 100.00000000000001 53.500000000000007 6.5000000000000009 65.500000000000014 16.500000000000004 56.500000000000007 4.5000000000000009 22.500000000000004 5.5004453659057626 0.015749008394777778 55.500000000000007 10.500000000000002 12.91086530685425 97.500000000000014 45.500000000000007 6.5000000000000009 7.5000000000000009 27.500000000000004 4.0422644615173349 22.500000000000004 1.5000000000000002 48.500000000000007 6.5253655910491952 5.5000000000000009 0.010582306887954475 7.5000000000000009 76.500000000000014 24.500000000000004 9.5000000000000018 43.500000000000007 78.500000000000014 18.500000000000004 23.500000000000004 2.5000000000000004 20.500000000000004 5.5000000000000009 3.5000000000000004 78.500000000000014 18.511890411376957 0.00766294775530696 26.500000000000004 12.500000000000002 39.500000000000007 6.5000000000000009 12.500000000000002 0.015268065501004459 1.5000000000000002 36.500000000000007 1.5000000000000002 0.010471491608768703 9.5000000000000018 15.500000000000002 0.015504807699471714 0.010811126790940763 44.500000000000007 1.0000000180025095e-35 95.500000000000014 5.287137746810914 86.500000000000014
decision_type=2 2 2 2 2 2 2 2 2 2 2 2 2 2 2 2 2 2 2 2 2 2 2 2 2 2 2 2 2 2 2 2 2 2 2 2 2 2 2 2 2 2 2 2 2 2 2 2 2 2 2 2 2 2 2 2 2 2 2 2 2 2
left_child=1 3 5 -1 10 9 21 43 14 19 -5 16 17 -6 31 29 -12 41 -7 -2 48 28 -22 -10 35 37 -24 49 32 59 -31 -8 -3 -34 45 36 -19 -25 -30 -14 -29 -9 -39 -4 -33 -11 -38 -43 -16 -21 51 57 -53 54 56 -56 -54 -45 -59 -15 -61 -35
right_child=2 6 7 4 13 18 8 12 23 34 11 -13 39 15 20 -17 -18 24 -20 27 22 -23 26 25 -26 -27 -28 40 38 30 -32 44 33 61 -36 -37 46 42 -40 -41 -42 47 -44 50 -46 -47 -48 -49 -50 -51 -52 52 53 -55 55 -57 -58 58 -60 60 -62 -63
leaf_value=-0.081846019959047167 0.063149091941790358 0.011469092613318943 0.039028109055767438 -0.00034029638739287502 0.011913172070618183 0.017326665442771349 -0.024224466597686782 0.0057540528879377788 -0.10480265266974929 0.043827938727778584 -0.041885839030190324 0.02307954566511583 0.045935686639348945 -0.0097762366393136998 -0.008905445148770447 0.049618274232089705 -0.063182397130880322 -0.06003316031984484 0.033749854151651347 0.05107913087785091 -0.00011190854143578442 0.032726384188226341 0.017722849347609169 0.030342155255159643 0.0037794608103367657 0.023256749266543777 -0.045625682273159412 0.048377268107892835 0.062952876598792243 0.08031382233866495 -0.012842470350893011 -0.10262117611029045 -0.038918212808899927 0.030871121712933266 0.021281679294562074 -0.030591476890587933 -0.009626961366992896 -0.027589640741109346 0.0087673207690480235 0.0081277232310543908 -0.1078507487418206 -0.045948041059121439 0.0012827186466778523 -0.018566544547614323 0.040870841389304607 -0.10614457856365951 0.034922448293902272 0.050402732913656739 -0.10423330829804188 -0.065468894215315029 0.024759520563398342 -0.080665874591178161 0.05304520155004401 0.036640522262533504 -0.033226038372193373 0.078897979718655475 -0.10337279598315947 -0.10655358210783682 0.071197466597181389 -0.045017053782672907 -0.0082954003972286749 -0.0087164839158271629
leaf_weight=745.97507348062936 1058.8341668912908 241.98081071092747 292.50912308110856 77.848991868784651 141.704531600466 792.54103288170882 53.494857390644029 917.87595023983158 10.076005611335857 465.20445729966741 381.95206190692261 31.218632528558373 126.1150346531067 77.937023469014093 182.08236286527244 26.720187864731997 1300.214337013429 22.055849791388027 1172.5748679031967 6.7402788614854243 62.861757602309808 109.85058291815221 25.710394894937053 44.331067183520645 337.01074146351311 127.51512193656527 712.29682653362397 613.83141640282702 36.303349681198597 12.411391694564371 109.52619423426222 3.4305468131788066 96.026103703537956 38.916334270033985 283.36087461281568 263.04103272664361 78.492638146039099 184.59632919868454 84.243195365648717 84.675298797665164 2.9797189007513216 7.4133429224602869 152.96031577081885 13.750009017297996 53.526493210811168 2.9528771832119665 51.412389470264316 58.658978911582381 6.8743224549107245 12.670329906977711 837.3063377009239 23.101201323559508 3.0916610164567855 42.906051344005391 10.208270011236893 10.608557522296904 14.635190564440562 2.0273597980849472 29.220701243728399 344.98742202413268 63.230385404545814 549.31550795317162
leaf_count=509139 2816 13629 4561 16627 15775 18732 7656 46379 506 2763 125562 3755 1160 16823 26121 796 671418 2738 13343 29 16457 3085 1094 3389 20589 4400 273876 3385 867 432 17769 735 12740 2751 4078 32596 7355 47744 12385 3172 46 126 17939 267 3875 127 3320 641 895 252 18001 1646 36 909 369 17 711 65 172 142762 6478 63503
internal_value=0.000652542 -0.0338488 0.0281627 -0.0521234 -0.0434885 0.0397049 -0.0120373 0.0123788 -0.0219112 0.0498081 -0.0544066 -0.0568632 0.00376087 -0.018303 -0.0307638 -0.0250479 -0.0583468 0.000483925 0.0271263 0.0564898 -0.0347419 0.00179004 -0.0400195 -0.00316095 -0.00938465 -0.00115047 -0.0434188 0.045407 -0.00145645 -0.0283288 -0.00336058 0.00488667 -0.0049108 -0.0107034 0.0347376 -0.0200748 -0.00187075 -0.00930022 0.0250856 0.0307481 0.0476226 0.00802629 -0.0145064 0.0254924 0.0322283 0.042882 0.00800432 0.0395921 -0.0123735 -0.0249979 0.0214803 0.00312058 -0.0109272 0.00885246 -0.0220806 0.023914 -0.0760926 0.0357599 0.0596651 -0.0345914 -0.0393291 -0.00609744
internal_weight=13727.9 6090.12 7637.81 3313.73 2567.75 4411.69 2776.39 3226.12 1619.76 2446.57 1791.23 1713.39 1946.75 776.517 1100.28 634.813 1682.17 1735.96 1965.12 1695.06 989.826 1156.64 800.869 519.479 752.013 509.403 738.007 636.222 1046.79 608.092 121.938 110.452 926.239 684.258 751.518 415.002 151.961 381.888 120.547 210.79 616.811 983.948 337.557 1279.36 56.957 468.157 129.905 66.0723 188.957 19.4106 986.855 149.549 104.551 81.4497 38.5437 20.8168 17.7269 44.9981 31.2481 486.155 408.218 588.232
internal_count=2231384 2040983 190401 1527336 1018197 45571 513647 144830 404687 13496 817362 800735 118076 200835 330709 185060 796980 113744 32075 6528 318443 108960 291427 73978 66598 73472 274970 3712 105875 184264 18201 12266 92623 78994 6968 46009 13413 69072 13252 4332 3431 47146 65683 26754 4610 2890 10675 767 27016 281 22193 4192 3688 2042 1133 386 747 504 237 166063 149240 66254
is_linear=0
shrinkage=0.05


Tree=4
num_leaves=63
num_cat=0
split_feature=29 6 24 29 2 27 16 18 2 18 2 12 0 24 0 12 27 22 2 24 16 16 20 0 10 2 24 2 24 27 9 14 12 4 0 2 9 10 20 20 27 22 24 24 24 14 27 2 24 4 16 24 12 0 16 24 0 27 4 14 0 22
split_gain=4913.03 844.967 451.123 277.702 275.221 192.684 159.715 131.607 110.539 102.575 100.954 68.4697 67.1045 58.4322 56.4513 51.7364 43.725 45.2443 43.0344 42.003 37.8103 36.8819 36.6995 36.0895 36.6247 36.0609 38.5704 33.9503 33.2915 31.7806 31.2614 31.0084 30.4713 30.3252 28.6857 27.4722 29.6215 27.3742 30.3758 26.1908 25.2169 48.8965 25.1997 25.1515 30.4154 24.4909 23.257 23.1817 22.9411 22.4053 22.3148 22.1617 21.3787 24.6971 35.1316 27.7295 32.2841 26.1393 24.9867 22.758 21.3135 25.1855
threshold=2.5000000000000004 9.5000000000000018 61.500000000000007 6.5000000000000009 88.500000000000014 5.287137746810914 6.5000000000000009 100.00000000000001 43.500000000000007 98.500000000000014 3.5000000000000004 60.000000000000007 63.500000000000007 57.500000000000007 29.500000000000004 4.5000000000000009 16.987375259399418 3.5000000000000004 51.500000000000007 80.500000000000014 94.500000000000014 25.500000000000004 5.5000000000000009 11.500000000000002 1.5000000000000002 66.500000000000014 73.500000000000014 5.5000000000000009 86.500000000000014 9.8916802406311053 0.012579114176332952 1.5000000000000002 9.5000000000000018 87.500000000000014 100.00000000000001 39.500000000000007 0.00766294775530696 60.000000000000007 1.5000000000000002 2.5000000000000004 16.120407104492191 3.5000000000000004 62.500000000000007 40.500000000000007 52.500000000000007 9.5000000000000018 8.8916845321655291 1.0000000180025095e-35 49.500000000000007 2.5000000000000004 3.5000000000000004 19.500000000000004 1.0000000180025095e-35 69.500000000000014 9.5000000000000018 37.500000000000007 1.5000000000000002 7.891686439514161 45.500000000000007 60.000000000000007 2.5000000000000004 1.5000000000000002
decision_type=2 2 2 2 2 2 2 2 2 2 2 2 2 2 2 2 2 2 2 2 2 2 2 2 2 2 2 2 2 2 2 2 2 2 2 2 2 2 2 2 2 2 2 2 2 2 2 2 2 2 2 2 2 2 2 2 2 2 2 2 2 2
left_child=2 6 4 8 27 9 10 -4 19 -6 31 37 20 21 35 -8 17 -9 -15 29 -11 34 -23 32 -25 -19 -27 51 -21 47 33 -2 -12 -24 43 -5 -37 38 -10 -26 41 -16 50 -13 -45 -17 -40 -3 -29 -14 -38 -1 -49 55 -55 56 -54 -57 -56 -58 -33 -62
right_child=1 3 7 14 5 -7 15 16 11 12 23 13 49 18 40 45 -18 25 -20 28 -22 22 30 24 39 26 -28 48 -30 -31 -32 60 -34 -35 -36 36 42 -39 46 -41 -42 -43 -44 44 -46 -47 -48 52 -50 -51 -52 -53 53 54 58 57 59 -59 -60 -61 61 -63
leaf_value=-0.095290149744627586 0.066675665405449988 0.027768874532734439 -0.075175110649179228 0.032942403642819709 -0.078979338782678932 0.010493871303010278 0.04220071762731694 -0.10072407673573658 0.028546730322420274 0.0025472721258932795 0.048376932188259746 -0.031340895373151087 0.070130340463693083 -0.055606925194998297 -0.084166158573975025 0.035192278163130503 0.056845362939790083 0.010023281538528271 0.0063632695717101163 0.046251820597120789 -0.043136064526295551 0.044442034532379986 -0.044474467524722873 -0.10975664908608217 0.062593087339829559 -0.024688713853684121 0.0027708744082467944 -0.032015367079552867 -0.10349455869646147 0.038169693420820473 0.0014257720720695513 0.056331537957716206 0.03059529069830861 -0.020889676783995892 0.02642345429608214 -0.058574960466572762 0.046031850538948489 0.027891154687460652 -0.0095118806830953116 0.0063576702481201773 0.031493943826665212 0.009372474499192757 0.048940267608875182 0.017346658326084792 -0.063190502900968865 0.015697471204799262 -0.10684729522665087 0.057338935547274095 -0.010432525587438981 -0.059688845467961688 -0.0049755043154928258 0.0359397154507307 -0.10613913951898601 -0.085677023588354578 -0.030082324249395356 0.013720504660957731 0.050514174972018301 -0.10060548984519974 0.0013779735873800417 -0.0045878518161528185 -0.10670858245830364 0.041384675761174175
leaf_weight=3.5728841588133937 466.37783434521407 107.30660587828606 74.538802852970548 1096.7027880225796 652.17009604454506 95.457832455751486 345.78696544002742 12.908980825566685 60.030358825810254 62.886400353396311 470.25104726641439 102.98497803951614 3.3301881426013997 30.398496333044022 14.376819317694752 202.96232190018054 26.983500915346667 233.91507973882835 357.28918627428357 94.380080226808786 161.90076602133922 16.968826972413808 308.88757818075828 5.9214987759478381 25.740487559232861 315.07852460315917 215.24124697037041 530.13858817046275 3.8635336817242196 76.933287206571549 69.878555346280336 582.42919640755281 494.04878371243831 243.92556980520021 55.113129070727155 13.698708019452168 27.403941956115887 136.96085327758919 132.17293653578963 105.83202421828173 128.82427726895548 495.27487804135308 47.25019439170137 75.751575166359544 13.869434299471321 781.17236426135059 6.435761621920391 18.381312078796327 160.36724914843217 1687.9691943974467 98.559055475401692 32.316553703276441 7.5471036541275671 13.74917477625422 77.461198752163909 708.1540145034669 19.776590371504426 5.0352418003603807 340.7471279441379 357.04958890285343 2.8987341485917559 299.10067941038869
leaf_count=1445 798 1477 51092 14694 454403 7928 2481 2273 3150 13947 2305 13773 1106 2648 654 2625 277 19316 33314 895 74866 1846 83380 109 93 94413 34045 157629 161 1306 13990 1894 5406 56918 4537 623 279 6334 22017 2492 1469 15101 667 6337 1894 24703 635 76 31575 862484 3733 3580 495 1035 7141 28812 300 492 23486 22523 74 1833
internal_value=0.000746411 0.0214194 -0.0435445 0.00865605 -0.0518195 -0.0592591 0.0395161 -0.0116173 0.000152679 -0.0618517 0.0470819 -0.00940054 -0.056022 -0.0146894 0.0238793 0.0255636 -0.00572576 -0.00789831 0.0015042 0.00855914 -0.0303557 -0.0217642 -0.0281077 0.0358497 0.0118849 -0.00633036 -0.0135437 -0.0245385 0.0403629 0.0067553 -0.0300847 0.0562435 0.0392667 -0.0340678 -0.00538409 0.0299226 0.0122042 0.0106937 -0.00116385 0.0173594 0.0117296 0.00673383 0.0178018 -0.0144856 0.00488301 0.019718 -0.0140313 0.00529517 -0.0270028 -0.0594332 0.00612143 0.0228755 0.00373721 0.00309304 -0.00703463 0.00707889 -0.00374671 0.0129133 -0.00444915 -0.00169599 0.0507424 0.0399632
internal_weight=13414.4 9145.66 4268.78 5363.14 3390.11 2663.71 3782.52 878.666 3441.05 2568.26 2452.6 1610.67 1916.09 1275.07 1922.09 1329.92 804.127 777.144 387.688 1830.38 224.787 887.38 639.661 1101.79 137.494 764.235 530.32 726.395 98.2436 1732.14 622.692 1350.81 964.3 552.813 247.719 1283.61 186.912 335.6 198.639 131.573 638.476 509.652 173.213 192.606 89.621 984.135 138.609 1655.21 690.506 1691.3 125.963 35.8894 1547.9 1529.52 431.958 1097.56 384.373 713.189 418.208 376.826 884.429 301.999
internal_count=2231384 421005 1810379 376192 1608963 1414734 44813 201416 338972 1406806 15004 250773 952403 218637 37220 29809 150324 150047 35962 88199 88813 182675 156134 10405 2694 147774 128458 194229 1056 87143 154288 4599 7711 140298 26541 19996 5302 32136 25802 2585 17224 15755 4679 22004 8231 27328 22652 85837 189204 863590 4012 5025 84360 84284 31662 52622 23318 29304 30627 22823 3801 1907
is_linear=0
shrinkage=0.05


Tree=5
num_leaves=63
num_cat=0
split_feature=29 29 18 24 16 16 2 2 22 2 24 12 0 6 0 24 20 25 2 6 16 2 2 25 24 20 16 16 25 12 12 24 11 6 0 24 8 2 22 0 14 8 6 8 0 3 29 24 2 24 24 24 0 16 14 4 14 6 2 2 16 24
split_gain=4797.81 836.756 339.181 309.862 239.267 200.282 117.253 86.3579 88.2291 84.3089 61.155 58.1519 56.2135 63.9908 44.8234 42.0862 63.896 38.5463 31.9628 28.5018 31.9058 28.3257 27.9359 27.6615 34.3131 27.6241 27.4149 26.1261 33.1131 35.0395 38.7061 34.6001 25.8905 25.2526 32.2104 25.8284 25.213 25.129 24.8293 27.8574 23.7944 22.9134 26.7084 22.2342 23.2307 21.1183 21.0953 23.6209 20.7099 20.6349 20.5779 34.7319 26.3062 25.6138 23.841 20.0461 20.029 19.9804 19.947 19.8078 19.7717 19.6401
threshold=2.5000000000000004 6.5000000000000009 100.00000000000001 52.500000000000007 6.5000000000000009 4.5000000000000009 69.500000000000014 39.500000000000007 12.500000000000002 1.5000000000000002 70.500000000000014 12.500000000000002 16.500000000000004 77.500000000000014 21.500000000000004 62.500000000000007 8.5000000000000018 1.5000000000000002 78.500000000000014 30.500000000000004 50.500000000000007 2.5000000000000004 95.500000000000014 7.5000000000000009 65.500000000000014 2.5000000000000004 66.500000000000014 21.500000000000004 5.5000000000000009 10.500000000000002 16.500000000000004 57.500000000000007 0.012903762981295587 5.5000000000000009 9.5000000000000018 71.500000000000014 83.500000000000014 35.500000000000007 11.500000000000002 12.500000000000002 12.500000000000002 55.500000000000007 9.5000000000000018 29.500000000000004 34.500000000000007 0.012903762981295587 4.5000000000000009 48.500000000000007 98.500000000000014 89.500000000000014 69.500000000000014 67.500000000000014 81.500000000000014 7.5000000000000009 6.5000000000000009 8.5000000000000018 1.0000000180025095e-35 2.5000000000000004 51.500000000000007 12.500000000000002 67.500000000000014 14.500000000000002
decision_type=2 2 2 2 2 2 2 2 2 2 2 2 2 2 2 2 2 2 2 2 2 2 2 2 2 2 2 2 2 2 2 2 2 2 2 2 2 2 2 2 2 2 2 2 2 2 2 2 2 2 2 2 2 2 2 2 2 2 2 2 2 2
left_child=2 5 -1 6 9 21 -4 27 18 57 22 -8 13 41 26 16 17 55 -9 20 36 -2 60 32 -25 -11 -13 -7 31 -30 45 37 -17 61 -35 -36 43 46 -24 -40 -21 -6 -43 -18 -45 -31 47 -29 -16 -34 51 53 -52 56 -54 -10 -14 -3 -19 -33 -5 -32
right_child=1 4 3 10 12 7 11 8 15 25 -12 14 50 -15 48 23 19 58 -20 40 -22 -23 38 24 -26 -27 -28 28 29 30 33 59 49 34 35 -37 -38 -39 39 -41 -42 42 -44 44 -46 -47 -48 -49 -50 -51 52 -53 54 -55 -56 -57 -58 -59 -60 -61 -62 -63
leaf_value=-0.075617357152215056 0.044461271381842055 0.063626694092961497 -0.025108658056904421 0.036994345865854698 0.034282707090039465 0.015500949365171483 0.0047360396416445162 0.053176164270134774 0.079962820023112655 0.048861744939377671 -0.0012275242166564272 0.049526400559384634 0.050178067388155029 -0.079130272737341523 -0.042106024531152725 0.011721724985780845 0.0041300242856841746 -0.10575606086430261 0.0088515447875031263 0.0050888510478997988 -0.031226173022999244 0.022702539610028511 -0.00065049718885208999 0.025433238782896734 -0.098479336114416741 0.034761818903129398 -0.03708738121400481 -0.0028908099599518709 -0.10766253788740086 0.069153940544610312 -0.10710759898390206 0.033906111812630389 -0.072253052153920388 -0.087655694898199965 -0.0088710623843579507 -0.075287300004082722 0.030944675836768715 -0.045205148092406937 0.035730862913280696 -0.039090636981977067 -0.028075239931277331 -0.10791459102524932 0.012049526729810533 -0.096618668667708837 -0.013242164391180629 -0.1083825021511305 0.0099139888464670912 -0.054384395649743428 -0.058505053385823992 0.084696382247484187 0.042417322090997502 -0.063924930142273892 0.019758611940320473 0.015774574064679799 -0.10477181127604035 -0.08148584922212232 -0.1060961317112924 0.04531563642283553 0.02486253436693241 0.0087326112436597568 -0.015772180996933147 0.031046327376526756
leaf_weight=714.26229449792299 233.39841692149639 644.96228114166297 437.40454426989891 19.276339550502598 1129.9318997095106 683.01209419697989 41.293664197204635 67.362484456272796 2.2293090843595573 533.03400180279277 421.76466974132927 15.559273542137815 2.8214006703346968 12.854029993060974 220.23240255052224 291.87537867203355 107.61353168881033 2.9856413574889293 102.64922762638889 58.649182269582525 95.283250148408115 416.46354863443412 53.978443074272946 9.3720833281986433 13.833016732241957 997.30412900156807 22.129964791005477 123.01378188322997 8.7959683639928681 21.667542800190862 2.7303959862329057 165.05592224770226 15.215163546847181 15.017685631290076 267.19978498999262 15.486683970782904 60.332507828716189 27.688338337000459 12.844582948833702 395.16041780263186 695.03204035997624 5.4951748619787386 29.801153683336452 12.371777758002279 25.727814366109669 1.815377068473025 380.74881618435029 27.193685054546222 1530.1501465803012 2.4284820025786749 122.42258094414137 14.146561973262576 10.868322142865511 1000.4267984005855 5.9461264382116488 13.976999040460214 7.5023506567813438 193.72377312649041 139.00502807786688 148.40006857225671 224.60838771378621 44.48857187316753
leaf_count=510950 1320 1282 120741 1826 13961 19581 9890 1182 13 2202 60951 2105 11 516 78114 21955 7627 157 4590 9125 21486 11349 7256 993 2975 8623 12276 10689 463 180 157 2774 3861 1426 22565 838 4263 3612 1539 167587 167799 213 665 2326 2877 127 15492 2508 794637 9 1567 542 210 24735 316 3567 363 944 10156 5809 41405 1006
internal_value=0.000477146 0.0208974 -0.0442998 -0.0377098 0.0354518 0.00494408 -0.0483648 0.000388751 -0.00777455 0.0466558 -0.0162911 -0.0539254 0.0241196 0.0318196 -0.0552801 -0.0115344 -0.0158547 0.0137778 0.026414 -0.0202981 -0.00730083 0.0305172 -0.0252918 0.00421887 -0.0484335 0.039673 -0.00133056 0.00763796 0.00333915 -0.00903833 -0.00668361 0.00869267 0.0081663 -0.0109123 -0.0163004 -0.0125096 0.00376315 0.00123256 -0.032519 -0.0367351 -0.0254945 0.0330435 -0.00662731 -0.00749136 -0.0403164 0.0554293 0.0036542 -0.0122133 -0.0564417 -0.0506504 0.0163273 0.0138771 0.0343629 0.014966 -0.0242793 -0.0592773 -0.0633876 0.0593971 0.022116 0.0219882 -0.0116016 0.0230577
internal_weight=13118 9009.36 4108.67 3394.4 4711.24 4298.12 2266.77 3648.26 1715.94 2369.02 1127.63 1829.37 2342.22 1178.08 1788.07 1545.93 1213.21 158.197 170.012 1055.01 301.329 649.862 705.868 332.724 23.2051 1530.34 37.6892 1932.31 1249.3 377.202 368.406 872.101 309.519 344.923 297.704 282.686 206.046 558.645 461.983 408.005 753.681 1165.23 35.2963 145.713 38.0996 23.4829 530.956 150.207 1750.38 17.6436 1164.13 1024.9 139.237 1010.75 16.8144 16.2063 10.3238 838.686 141.991 313.456 243.885 47.219
internal_count=2230284 421007 1809277 1298327 56150 364857 1017763 352188 264961 13051 280564 897022 43099 15355 887132 259189 229396 13893 5772 215503 38579 12669 219613 29793 3968 10825 14381 87227 67646 26762 26299 40884 25825 25992 24829 23403 17093 32301 176382 169126 176924 14839 878 12830 5203 307 28689 13197 872751 3870 27744 25651 2093 25109 526 3580 374 2226 10313 8583 43231 1163
is_linear=0
shrinkage=0.05


Tree=6
num_leaves=63
num_cat=0
split_feature=29 29 2 2 24 2 18 6 24 18 29 24 0 12 0 16 22 16 20 24 16 20 24 6 1 8 24 7 26 16 22 12 8 16 22 0 8 8 2 0 24 16 24 22 22 26 2 2 26 2 10 24 8 17 7 26 24 8 0 10 16 2
split_gain=4465.35 717.372 304.17 231.723 184.731 163.311 88.4749 81.3834 76.8003 74.0275 72.1056 66.5778 57.8515 49.1826 50.6603 39.9063 38.9491 38.7519 37.3463 34.7386 51.0582 30.8941 30.6208 30.532 30.9698 30.0185 31.0344 28.8816 28.6214 28.5706 27.3381 24.999 24.5638 24.4787 24.1446 23.5671 23.5405 23.6 23.51 24.3324 23.1802 24.2956 22.531 21.4461 21.2985 34.786 20.8047 20.6387 20.2879 25.5567 20.0518 23.886 19.7953 46.472 27.3217 19.77 19.6874 20.2214 19.6312 21.769 22.5193 28.3204
threshold=2.5000000000000004 6.5000000000000009 93.500000000000014 7.5000000000000009 56.500000000000007 12.500000000000002 100.00000000000001 2.5000000000000004 50.500000000000007 100.00000000000001 4.5000000000000009 70.500000000000014 4.5000000000000009 13.500000000000002 21.500000000000004 4.5000000000000009 17.500000000000004 95.500000000000014 60.000000000000007 51.500000000000007 32.500000000000007 60.000000000000007 83.500000000000014 49.500000000000007 0.0066890381276607522 30.500000000000004 28.500000000000004 0.0064725596457719812 5.5000000000000009 1.0000000180025095e-35 18.500000000000004 2.5000000000000004 91.500000000000014 11.500000000000002 2.5000000000000004 98.500000000000014 70.500000000000014 1.5000000000000002 93.500000000000014 10.500000000000002 54.500000000000007 66.500000000000014 81.500000000000014 2.5000000000000004 60.000000000000007 2.5000000000000004 22.500000000000004 1.0000000180025095e-35 2.5000000000000004 31.500000000000004 7.5000000000000009 46.500000000000007 100.00000000000001 0.010471491608768703 0.010929288342595102 4.5000000000000009 17.500000000000004 49.500000000000007 12.500000000000002 60.000000000000007 2.5000000000000004 100.00000000000001
decision_type=2 2 2 2 2 2 2 2 2 2 2 2 2 2 2 2 2 2 2 2 2 2 2 2 2 2 2 2 2 2 2 2 2 2 2 2 2 2 2 2 2 2 2 2 2 2 2 2 2 2 2 2 2 2 2 2 2 2 2 2 2 2
left_child=2 5 8 7 9 12 -6 47 46 -4 11 31 27 43 -15 21 -17 -8 -12 20 23 -5 34 24 -20 35 -27 -2 52 -30 32 50 -19 -33 -14 40 37 -25 39 -35 -9 -42 -36 -11 45 -40 56 -3 -13 -50 -7 -52 53 -28 -55 -56 57 -1 59 -23 -61 -62
right_child=1 3 4 15 6 10 17 25 -10 13 18 48 22 14 -16 16 -18 30 19 -21 -22 58 -24 36 -26 26 28 -29 29 -31 -32 33 -34 38 42 -37 -38 -39 44 -41 41 -43 -44 -45 -46 -47 -48 -49 49 -51 51 -53 -54 54 55 -57 -58 -59 -60 60 61 -63
leaf_value=0.087775836679440181 -0.11028493399310274 0.062520925166827293 -0.073395415093501268 0.037978805231081297 -0.071144213352069816 -0.012030578414079729 -0.00056575452910291222 0.034191198573558783 -0.003026584533095851 0.068553702296408017 0.025477261241441559 0.028675455162999922 0.059550241127021356 -0.0035238026157494357 -0.055829322916509466 0.0287126816070725 0.012863782436944816 0.075590582093258196 -0.10096192033469881 0.013177310210503316 -0.019031967322819518 -0.10860332510727225 0.063525185563586647 0.063706987374812674 0.012511178796045727 0.047566118724307209 -0.10550670338738871 0.037181778175726911 0.084056543505232617 -0.10757195887133189 -0.036093362008499219 0.0035057133922827195 -0.013823411045911411 -0.1001316861127195 0.010750628727288224 -0.11224531625426254 0.016413421775422776 -0.064427025637562821 -0.1058357643560059 -0.0097366613122683403 0.052197498117048005 -0.11038100376141875 -0.1088692414461794 -0.018665501731673775 -0.030980940315719935 0.020557992537260251 -0.035876402145890961 0.048877439034968481 -0.10465399853350828 0.0044514172828291751 0.067359095436519315 -0.10624810333042572 0.049037239431331273 -0.10492662574127241 0.036964944361922603 -0.10753099520754612 -0.0013639256343313071 -0.069949793579575023 0.036153535266695881 0.016214613036296812 -0.1101706742834314 0.085128970015719521
leaf_weight=2.2620213634800193 3.3494556634686878 443.49724820023403 591.52158499881625 522.04814777313732 105.15590333018918 24.851084251888096 162.39216985809617 782.98610530106816 417.12310550548136 8.5445586680434626 208.91330665384885 120.09639566531405 25.505720843560994 47.662723194225691 1610.5304649517639 601.09916422632523 1091.6648147087544 8.3743132548406702 6.0973623909521839 495.81140947481617 323.96476892591454 5.3958203769288948 29.188747154083103 4.020095268264412 434.71143875876442 42.908159681595862 10.021664222236721 381.08355275879148 2.3784215450286856 10.675883758813141 333.68140787800075 128.38808483886532 92.792367599788122 7.5782133450265965 939.14343073824421 2.5946176918223491 19.824322403874248 33.86870633054059 6.2581967595033339 421.97508141570142 281.50197243201546 2.3168667829595497 3.9531036089174441 40.23994356370531 429.79956543864682 41.826490015722811 463.39286156138405 739.16863257088698 5.6798375386279067 97.528018081793562 22.148496703943241 2.1759402006864539 20.766533069079742 4.3350201486609867 36.015552518423647 2.5337348133325568 89.430730364983901 19.992673819302581 32.137429763097316 36.292933515273035 8.2823490719310922 2.3924489021301261
leaf_count=137 239 917 433872 3523 76632 2620 33992 6125 61231 40 9240 4569 158 15152 857633 9032 28823 170 1047 26773 46676 178 175 126 22414 317 391 3474 3 397 123659 8339 16327 1662 26560 116 1825 6003 612 67768 1572 92 122 12094 124385 1864 154028 2804 638 6912 334 322 151 185 303 86 16642 7668 482 385 263 5
internal_value=0.000569304 0.0202813 -0.0433595 0.0337569 -0.0512945 0.00532556 -0.0288533 0.0446874 -0.0193602 -0.0581523 -0.00154372 -0.0101583 0.0194173 -0.0528701 -0.0543259 0.0224347 0.0184917 -0.0214072 0.00583606 0.00272348 -0.0035783 0.0334389 0.013068 0.00646428 0.0109416 0.0355081 0.0127855 0.0358969 -0.00442221 -0.0726583 -0.0291904 -0.0152753 -0.00642195 -0.0169289 0.0115474 0.0382626 -0.0277332 -0.0508317 -0.0198201 -0.0113314 0.0386286 0.0508703 0.0102492 -0.00338914 -0.0274503 0.00410791 -0.0312075 0.0539937 0.0147043 -0.00155298 0.0195573 0.0518291 0.0076688 -0.00856905 0.0140844 0.0274676 -0.011836 -0.0539182 0.00539104 -0.013489 -0.00256196 -0.0663999
internal_weight=12891.9 8898.75 3993.1 4681.01 3000.9 4217.74 702.396 2381.7 992.201 2298.5 2835.52 1308.31 1382.22 1706.98 1658.19 2299.31 1692.76 597.24 1527.21 1318.3 822.487 606.549 997.791 498.522 440.809 1199.03 129.635 384.433 86.7268 13.0543 434.848 1085 101.167 1035.83 968.602 1069.4 57.7131 37.8888 907.438 429.553 1066.8 283.819 943.097 48.7845 477.884 48.0847 575.078 1182.67 223.304 103.208 49.1755 24.3244 73.6725 52.906 42.8843 38.5493 111.685 22.2547 84.501 52.3636 46.9677 10.6748
internal_count=2230284 421007 1809277 56150 1569571 364857 250780 13459 239706 1318791 334129 220025 30728 884919 872785 42691 37855 174148 114104 104864 78091 4836 27015 31415 23461 9738 1833 3713 1516 400 140156 207906 16497 204630 26840 7905 7954 6129 196291 69430 7789 1664 26682 12134 126861 2476 178475 3721 12119 7550 3276 656 1116 965 574 389 24447 7805 1313 831 653 268
is_linear=0
shrinkage=0.05


end of trees

feature_importances:
popularity=71
rank_biencoder_nv_embed_top100=63
rank_e5_large_top100=47
rank_biencoder_large_top100=37
rank_biencoder_stella_top100=29
rank_cf_bpr=21
pmi_sum=20
rank_biencoder_personalized_top100=16
rank_pmi_leg=16
rank_decay_descending=14
n_legs_containing=14
rank_metadata_qwen3=13
rank_biencoder_top100=12
turn_number=12
rank_bm25_norepeat=9
rank_generative_top100=7
score_metadata_qwen3=6
score_biencoder_personalized_top100=5
score_biencoder_top100=4
score_bm25_norepeat=4
n_prior_accepts=4
score_biencoder_large_top100=3
score_biencoder_stella_top100=2
score_generative_top100=2
score_biencoder_nv_embed_top100=1
score_cf_bpr=1
score_e5_large_top100=1

parameters:
[boosting: gbdt]
[objective: lambdarank]
[metric: ndcg]
[tree_learner: serial]
[device_type: cpu]
[data_sample_strategy: bagging]
[data: ]
[valid: ]
[num_iterations: 500]
[learning_rate: 0.05]
[num_leaves: 63]
[num_threads: 12]
[seed: 0]
[deterministic: 0]
[force_col_wise: 0]
[force_row_wise: 0]
[histogram_pool_size: -1]
[max_depth: -1]
[min_data_in_leaf: 10]
[min_sum_hessian_in_leaf: 0.001]
[bagging_fraction: 0.8]
[pos_bagging_fraction: 1]
[neg_bagging_fraction: 1]
[bagging_freq: 5]
[bagging_seed: 3]
[bagging_by_query: 0]
[feature_fraction: 0.8]
[feature_fraction_bynode: 1]
[feature_fraction_seed: 2]
[extra_trees: 0]
[extra_seed: 6]
[early_stopping_round: 0]
[early_stopping_min_delta: 0]
[first_metric_only: 0]
[max_delta_step: 0]
[lambda_l1: 0]
[lambda_l2: 0]
[linear_lambda: 0]
[min_gain_to_split: 0]
[drop_rate: 0.1]
[max_drop: 50]
[skip_drop: 0.5]
[xgboost_dart_mode: 0]
[uniform_drop: 0]
[drop_seed: 4]
[top_rate: 0.2]
[other_rate: 0.1]
[min_data_per_group: 100]
[max_cat_threshold: 32]
[cat_l2: 10]
[cat_smooth: 10]
[max_cat_to_onehot: 4]
[top_k: 20]
[monotone_constraints: ]
[monotone_constraints_method: basic]
[monotone_penalty: 0]
[feature_contri: ]
[forcedsplits_filename: ]
[refit_decay_rate: 0.9]
[cegb_tradeoff: 1]
[cegb_penalty_split: 0]
[cegb_penalty_feature_lazy: ]
[cegb_penalty_feature_coupled: ]
[path_smooth: 0]
[interaction_constraints: ]
[verbosity: -1]
[saved_feature_importance_type: 0]
[use_quantized_grad: 0]
[num_grad_quant_bins: 4]
[quant_train_renew_leaf: 0]
[stochastic_rounding: 1]
[linear_tree: 0]
[max_bin: 255]
[max_bin_by_feature: ]
[min_data_in_bin: 3]
[bin_construct_sample_cnt: 200000]
[data_random_seed: 1]
[is_enable_sparse: 1]
[enable_bundle: 1]
[use_missing: 1]
[zero_as_missing: 0]
[feature_pre_filter: 1]
[pre_partition: 0]
[two_round: 0]
[header: 0]
[label_column: ]
[weight_column: ]
[group_column: ]
[ignore_column: ]
[categorical_feature: ]
[forcedbins_filename: ]
[precise_float_parser: 0]
[parser_config_file: ]
[objective_seed: 5]
[num_class: 1]
[is_unbalance: 0]
[scale_pos_weight: 1]
[sigmoid: 1]
[boost_from_average: 1]
[reg_sqrt: 0]
[alpha: 0.9]
[fair_c: 1]
[poisson_max_delta_step: 0.7]
[tweedie_variance_power: 1.5]
[lambdarank_truncation_level: 20]
[lambdarank_norm: 1]
[label_gain: ]
[lambdarank_position_bias_regularization: 0]
[eval_at: ]
[multi_error_top_k: 1]
[auc_mu_weights: ]
[num_machines: 1]
[local_listen_port: 12400]
[time_out: 120]
[machine_list_filename: ]
[machines: ]
[gpu_platform_id: -1]
[gpu_device_id: -1]
[gpu_use_dp: 0]
[num_gpu: 1]

end of parameters

pandas_categorical:null
