tree
version=v4
num_class=1
num_tree_per_iteration=1
label_index=0
max_feature_idx=21
objective=lambdarank
feature_names=rank_cf_bpr score_cf_bpr rank_decay_descending score_decay_descending rank_leg_attributes_qwen3_embedding_0_6b score_leg_attributes_qwen3_embedding_0_6b rank_leg_image_siglip2 score_leg_image_siglip2 rank_leg_lyrics_qwen3_embedding_0_6b score_leg_lyrics_qwen3_embedding_0_6b rank_metadata_qwen3 score_metadata_qwen3 rank_pmi_leg score_pmi_leg rank_state_bm25_focused score_state_bm25_focused popularity turn_number n_prior_accepts pmi_sum is_in_all_legs n_legs_containing
feature_infos=[0:101] [0:0.016393441706895828] [0:101] [0:0.016393441706895828] [0:101] [0:0.016393441706895828] [0:101] [0:0.016393441706895828] [0:101] [0:0.016393441706895828] [0:101] [0:0.016393441706895828] [0:101] [0:0.016393441706895828] [0:101] [0:0.016393441706895828] [0:93] [1:8] [0:7] [0:67.071929931640625] [0:1] [1:8]
tree_sizes=6956 6896 6976 6932 6922 6943 6917 6935 6959 6907 6887 6956

Tree=0
num_leaves=63
num_cat=0
split_feature=7 19 12 7 15 2 16 15 8 12 7 17 15 2 12 16 8 4 7 16 17 11 15 0 16 2 17 16 0 4 2 0 7 16 16 7 21 17 17 1 21 11 16 16 17 2 9 17 21 16 11 16 16 16 2 15 7 4 16 1 16 17
split_gain=1843.74 485.137 256.762 180.267 92.3767 54.755 33.7301 33.3566 23.2259 21.6712 21.7325 20.4568 20.2923 19.0102 18.365 26.488 17.0091 17.4343 18.3598 16.1853 16.2158 14.2203 12.7801 12.7266 13.9322 12.9438 12.4649 10.5603 12.162 14.5041 11.3965 9.9976 9.86598 9.68281 9.37071 11.8304 9.88867 9.05976 8.93527 12.5362 8.92607 8.92262 11.1731 15.7836 13.2938 8.84454 10.7734 9.05897 8.69343 8.52383 8.22616 9.2965 8.34497 8.14538 8.13632 7.91559 7.90141 7.80762 7.7332 7.5838 7.46596 7.43509
threshold=0.013423423748463394 4.2210593223571786 60.000000000000007 0.015268065501004459 0.013793759513646366 14.500000000000002 64.500000000000014 0.014389234129339458 17.500000000000004 16.500000000000004 0.014815627597272398 1.5000000000000002 0.015749008394777778 2.5000000000000004 13.500000000000002 65.500000000000014 60.000000000000007 1.0000000180025095e-35 1.0000000180025095e-35 31.500000000000004 6.5000000000000009 0.013986697886139156 0.013423423748463394 13.500000000000002 14.500000000000002 5.5000000000000009 7.5000000000000009 17.500000000000004 14.500000000000002 10.500000000000002 17.500000000000004 1.5000000000000002 0.012579114176332952 59.500000000000007 70.500000000000014 0.014815627597272398 1.5000000000000002 7.5000000000000009 1.5000000000000002 1.0000000180025095e-35 2.5000000000000004 0.013072453904896976 22.500000000000004 1.0000000180025095e-35 4.5000000000000009 5.5000000000000009 0.014185110572725536 2.5000000000000004 3.5000000000000004 6.5000000000000009 0.013072453904896976 51.500000000000007 39.500000000000007 40.500000000000007 18.500000000000004 0.013423423748463394 0.012579114176332952 12.500000000000002 79.500000000000014 1.0000000180025095e-35 1.0000000180025095e-35 3.5000000000000004
decision_type=2 2 2 2 2 2 2 2 2 2 2 2 2 2 2 2 2 2 2 2 2 2 2 2 2 2 2 2 2 2 2 2 2 2 2 2 2 2 2 2 2 2 2 2 2 2 2 2 2 2 2 2 2 2 2 2 2 2 2 2 2 2
left_child=1 2 54 7 11 45 19 8 9 -2 -11 -4 -5 61 -3 -16 22 -18 23 20 41 33 48 24 -19 -25 -17 -10 -29 -30 59 -21 -20 -12 35 36 -32 -23 -8 -40 -38 42 43 -7 -45 -6 47 -47 -15 -34 51 56 -52 -24 -1 -42 -50 -58 -26 -31 -22 -13
right_child=3 14 4 12 5 6 38 -9 27 10 21 13 -14 16 15 26 17 18 32 31 60 37 53 25 58 -27 -28 28 29 30 34 -33 49 -35 -36 -37 40 -39 39 -41 55 -43 -44 44 -46 46 -48 -49 50 -51 52 -53 -54 -55 -56 -57 57 -59 -60 -61 -62 -63
leaf_value=0.10000000000000001 0.038424500890919373 0.030057576254806817 -0.0086033234801859166 0.061214219819851083 0.068647554435898095 -0.067981581387534462 0.07472825577861035 0.047306767814964547 0.056671745580423816 -0.016449375777156366 -0.10000000000000001 0.037650902667325813 0.080691215288926449 -0.072141482971774862 -0.025281078053149997 0.038684290928945056 0.084552117521000808 0.010719088843864846 0.0073630606429556655 0.09048294681713652 -0.032839009662586703 0.048082441837249856 0.03476284705544358 -0.0043440347085934774 -0.046637316854240315 -0.0557837371041639 -0.066181614985854328 0.043531925990977022 -0.055928465477440584 0.056589866696224615 -0.052212866995027557 -0.048029917853923854 0.011600864107737443 0.061373478428309862 0.062736566845271083 0.046541904219179933 0.026776748718825225 -0.028414202129945304 -0.014031068207795264 0.070736459828463646 -0.10000000000000001 0.025641659789954224 -0.089135838048053376 -0.067242876471647631 0.059237959665895804 -0.099999999999999423 -0.10000000000000001 0.039580947069494249 -0.099999999999999922 -0.042596479525358499 -0.03654624465954396 0.029877669637600874 -0.10000000000000001 -0.099999999999999936 -0.10000000000000001 0.022787450017317454 -0.099999999999999964 0.009375973145536648 0.026533263935165852 -0.10000000000000001 0.036836948811898404 -0.053428544932082239
leaf_weight=0.5097000002861013 39.434502873220481 200.73228156834375 31.846870962297544 359.70744111970998 17.585168425983284 9.7636228673509375 7.2757363296113935 141.36553224924137 34.236968387995148 96.64772901989636 3.3291510669514528 8.5958648681116738 212.86796996358316 137.89542496926151 42.882507283531595 38.074313758814242 2.5408659201348192 15.259982056682928 19.014093510806561 1.3224938948405895 4.9357972583966356 30.576120199053548 5.0860672846902153 12.638518854277207 61.512280016147997 377.81784487038385 3.0615969036007291 53.871535270533059 7.0417866095085619 19.805646312161119 12.435477991879454 87.18428225495154 8.5627769177663122 1.2896539708599446 6.2815547098871312 9.3389991794829239 13.582077949948145 4.4315150220645583 15.064316499163398 6.1390577917918554 3.1705134835792697 5.4203840398695311 9.3831443702802044 2.95947363268351 6.9710580208338797 1.2367937418166608 1.6938172747031774 19.333127035642974 4.4076852670405087 47.489204690064071 10.648972853261514 5.956028760643675 10.091731115651781 1.4383760888595132 219.6173271118605 2.2397919842042029 2.172773085301742 6.5508408936439064 3.8361854308750472 0.80462642153724928 17.39181985205505 3.0307394172996274
leaf_count=19 1945 21732 7018 20746 927 2682 647 8083 2345 15033 766 1055 4762 34077 6226 3949 69 2215 2477 51 1048 2797 289 2042 15174 87886 772 3956 1415 1556 3015 20242 1261 165 463 911 1690 686 2846 347 854 503 2852 956 522 335 452 1691 980 9759 1919 866 2867 307 63565 157 437 707 748 235 1771 806
internal_value=-0.0011858 -0.0368773 -0.0506938 0.049511 -0.0398341 -0.0107202 -0.0228398 0.0269076 0.0183889 0.005782 -0.00366396 -0.0478461 0.0684552 -0.0495247 0.0218425 0.00221547 -0.050531 -0.046117 -0.0467249 -0.0325902 -0.0117661 0.0275193 -0.0636753 -0.0503846 -0.032297 -0.0541187 0.0308795 0.0319947 0.0254235 0.0123643 0.0194721 -0.0459602 -0.0237595 -0.0549416 0.00589005 -0.00286913 -0.017552 0.038399 0.0269176 0.0105119 0.00514268 -0.033254 -0.0442329 -0.0228392 0.0215444 0.0421427 0.0212077 0.0311885 -0.0661984 -0.034317 -0.0456218 -0.0219346 -0.0674207 0.00505309 -0.0995369 -0.0491677 -0.0454354 -0.0178661 -0.0423419 0.0504766 0.0214342 0.013909
internal_weight=2547.39 1494.93 1210.18 1052.46 990.053 213.66 173.811 479.883 338.518 175.709 136.274 776.393 572.575 744.546 284.751 84.0184 732.92 548.672 546.131 145.332 56.8253 39.6264 184.248 471.065 80.6084 390.456 41.1359 162.809 128.572 74.7005 67.6587 88.5068 75.0661 4.61881 47.0484 40.7669 31.4279 35.0076 28.4791 21.2034 18.9924 34.4977 29.0773 19.6942 9.93053 39.8489 22.2637 20.5699 177.723 56.052 39.828 19.0873 20.7407 6.52444 220.127 5.41031 13.1313 8.72361 65.3485 20.6103 22.3276 11.6266
internal_count=378674 307094 274415 71580 210831 37872 34467 46072 37989 21392 19447 172959 25508 165941 32679 10947 164080 121631 121562 30627 10334 4414 42449 108065 18137 89928 4721 16597 14252 10296 8881 20293 13497 931 7090 6627 5716 3483 3840 3193 2701 7515 7012 4160 1478 3405 2478 2026 41853 11020 7776 2990 4786 596 63584 1011 2124 1144 15922 1791 2819 1861
is_linear=0
shrinkage=0.05


Tree=1
num_leaves=63
num_cat=0
split_feature=6 19 12 6 14 14 4 12 16 6 14 6 12 8 0 16 2 19 0 8 14 16 0 2 6 4 4 8 6 0 16 19 12 0 6 10 2 6 10 16 19 12 8 12 16 16 10 14 9 8 10 10 19 16 0 14 0 8 6 9 16 14
split_gain=1049.11 691.147 438.109 194.339 118.457 100.472 79.1223 73.6564 101.626 66.5921 60.8385 47.4803 46.4823 45.9894 46.8316 42.5854 39.4136 38.8223 35.4961 34.5993 43.2885 33.9011 34.3353 32.841 32.5011 31.6382 31.1679 31.1196 37.9372 37.5931 35.2167 29.4412 34.751 27.2327 26.6784 32.3878 26.5066 26.4942 38.49 26.1794 25.2317 26.5806 25.0252 25.4088 24.625 24.3336 24.2218 23.7831 31.8943 23.5853 23.451 22.9725 22.7165 22.2663 27.6958 22.2381 29.5093 25.5226 34.9346 30.0786 21.5518 29.5503
threshold=16.500000000000004 4.2210593223571786 60.000000000000007 1.0000000180025095e-35 13.500000000000002 1.5000000000000002 1.5000000000000002 11.500000000000002 43.500000000000007 4.5000000000000009 60.000000000000007 2.5000000000000004 18.500000000000004 10.500000000000002 4.5000000000000009 69.500000000000014 60.000000000000007 22.371184349060062 4.5000000000000009 60.000000000000007 13.500000000000002 73.500000000000014 17.500000000000004 1.5000000000000002 11.500000000000002 3.5000000000000004 3.5000000000000004 12.500000000000002 1.5000000000000002 5.5000000000000009 83.500000000000014 21.391034126281742 1.5000000000000002 13.500000000000002 4.5000000000000009 7.5000000000000009 2.5000000000000004 10.500000000000002 12.500000000000002 56.500000000000007 6.9708402156829843 13.500000000000002 60.000000000000007 11.500000000000002 35.500000000000007 58.500000000000007 1.5000000000000002 13.500000000000002 0.014185110572725536 11.500000000000002 10.500000000000002 1.0000000180025095e-35 13.641043663024904 54.500000000000007 17.500000000000004 18.500000000000004 15.500000000000002 6.5000000000000009 12.500000000000002 0.013072453904896976 38.500000000000007 60.000000000000007
decision_type=2 2 2 2 2 2 2 2 2 2 2 2 2 2 2 2 2 2 2 2 2 2 2 2 2 2 2 2 2 2 2 2 2 2 2 2 2 2 2 2 2 2 2 2 2 2 2 2 2 2 2 2 2 2 2 2 2 2 2 2 2 2
left_child=3 2 25 5 6 -1 -4 9 11 18 40 44 26 21 45 36 46 42 -5 20 24 22 34 -22 -13 -2 -12 28 -20 49 -29 32 -3 -18 35 -14 51 -21 -39 -37 -10 -42 47 -44 -9 -15 -6 48 -7 -30 -26 -8 -43 54 -34 -25 -57 -58 -59 -60 61 -49
right_child=1 31 4 7 16 17 15 8 10 -11 12 19 13 14 -16 -17 33 -19 27 37 23 -23 -24 55 50 -27 -28 30 29 -31 -32 -33 53 -35 -36 39 -38 38 -40 -41 41 52 43 -45 -46 -47 -48 60 -50 -51 -52 -53 -54 -55 -56 56 57 58 59 -61 -62 -63
leaf_value=0.053860271441471652 0.094576277107329562 -0.031618417012441682 0.070584822905201183 0.020345542513053056 0.079603656025381303 -0.10264311696306855 0.061619427130476981 0.030444630403211471 0.0090158020566617238 0.039151625853712485 -0.058092768198009105 0.015454832804184374 -0.05293789512041655 0.049021876022310756 -0.018897029734932892 0.02008489169733934 -0.025284941113377615 -0.053918879228974752 -0.10195082178442741 0.026175288335267555 -0.10110255310353454 -0.10070854204117552 -0.079494881019623875 -0.053637725610033299 -0.10049903670445762 -0.092904582977726399 0.043867227891144771 -0.061758360841167252 -0.10179540824455416 0.028524013478739643 0.089385149950997903 0.041409518427536644 0.041281954323012175 -0.048038437690342536 0.0060896276598844503 0.055062182214859423 -0.017685397921166461 -0.064390490089424463 0.010448673984950096 -0.1010585955195253 -0.10122676547111172 -0.042328377498242982 -0.10167564044669164 0.056607372018871498 0.0067246609019782806 -0.050751641240767913 -0.025774082331277461 -0.10187666588811845 0.033877349584482075 0.09346630665768052 -0.0096320232676843243 -0.10243369098467328 0.026983792717701922 0.023895008422167553 -0.0089595868885075716 0.0044993415149497881 -0.0017670443917024701 -0.099687927859601205 0.031775759253626322 -0.096453048120715867 -0.016379337223759668 0.029461778277512646
leaf_weight=415.33784365095198 2.265892267227172 38.893239135388285 28.834787480533123 246.78913533780724 5.5342025870922944 4.4064885936677447 2.4766631275415447 462.02461135573685 523.03179623931646 360.64133561588824 9.0198237998411042 396.0722608549986 76.373176949098706 42.097759475931525 244.96546590526123 76.921062608249485 162.8890199852176 17.697823740541935 7.5799568556249133 331.39663238078356 10.226625436451284 21.298192948102951 33.519547242438421 26.719007148873061 9.720910827862097 326.69815168261994 44.3454347953666 38.703137995675206 9.4311724593862873 70.555172244086862 4.2801901996135703 118.16401983588003 34.91938635148108 682.46820370375644 50.220067209098488 13.410512721166016 451.28731141216122 19.417344042100012 149.12085066828877 3.3574847020208827 9.7299322751350683 25.769587780348957 2.6435316670685998 62.015123397111893 143.37129459157586 7.1487984559498718 372.43454909708817 4.5659771971404544 146.90742810815573 1.8498129509389389 26.340750890783966 15.419785474427043 21.839750842191279 382.34264066349715 127.89520848239772 199.82439481909387 39.432843225542456 22.992374506546184 13.963988838950174 6.8004350132541722 78.233601081185043 69.033240251243114
leaf_count=1317 1 2990 210 1589 134 85 5 3318 9198 5409 121 5160 1851 538 12816 2876 18785 135 99 6169 560 1303 2503 1195 415 63582 682 575 111 411 5 1724 1085 94074 2969 107 40343 1036 6353 101 199 571 75 378 1549 388 40293 80 1082 3 926 242 169 17379 7980 7646 1729 2351 709 1031 1297 657
internal_value=-0.000481561 -0.0243624 -0.0385606 0.0144535 -0.0288555 0.0367982 -0.0101364 0.00964753 0.00614561 0.0237699 -0.00570574 0.0133309 -0.0176902 -0.0224941 -0.00995276 -0.0143986 -0.0376531 0.0184156 0.00914052 0.00777206 0.00099538 -0.0411126 -0.0339366 -0.0129452 0.0113173 -0.0916132 0.0266339 -0.0117454 0.00506149 0.0149734 -0.0467078 0.0186483 0.0140433 -0.0436541 -0.0232846 -0.0391226 -0.020052 0.0179668 0.00182643 0.0238019 0.00556395 -0.0259228 0.0218962 0.0501361 0.0248272 0.0345384 -0.0242311 0.0158728 0.0299017 -0.0697771 -0.0341265 -0.0797306 -0.0105329 0.0173009 0.00181588 -0.0100345 -0.00591797 -0.0309407 -0.0572315 -0.0102197 0.00189196 0.0213138
internal_weight=7353.67 2829.44 2127.23 4524.22 1798.27 800.841 574.94 3723.38 2983.55 739.83 1126.13 1857.42 545.756 492.391 294.212 546.105 1223.33 385.503 379.189 1252.03 752.094 198.179 176.881 319.96 432.134 328.964 53.3653 132.399 89.4161 81.8362 42.9833 702.214 584.05 845.357 143.361 93.1412 469.184 499.935 168.538 16.768 580.371 57.3393 367.805 64.6587 605.396 49.2466 377.969 303.147 151.314 11.281 36.0617 17.8964 47.6093 545.157 162.815 309.733 283.014 83.1896 43.7568 20.7644 151.833 73.5992
internal_count=378674 291703 260545 86971 196962 5106 43676 81865 73663 8202 33516 40147 23379 22576 13742 43466 153286 3789 2793 35280 21722 8834 7531 15221 6501 63583 803 1204 624 525 580 31158 29434 112859 5028 2059 40590 13558 7389 208 10137 939 3654 453 4867 926 40427 3201 1167 114 1341 247 740 26444 9065 14661 13466 5820 4091 1740 2034 737
is_linear=0
shrinkage=0.05


Tree=2
num_leaves=63
num_cat=0
split_feature=10 10 16 17 14 4 2 17 14 12 4 14 17 0 14 16 17 17 0 16 0 16 16 16 17 10 4 0 14 12 16 15 12 16 0 12 4 16 2 16 8 14 8 16 17 8 16 17 10 16 12 16 0 16 14 16 16 8 12 12 16 16
split_gain=1020.85 198.428 187.206 124.07 86.2489 73.5952 68.0392 61.9983 60.323 59.3269 50.2387 49.8879 49.4522 40.5083 37.5748 35.7061 35.4693 39.379 45.0059 32.7203 32.3715 31.8524 29.3705 44.8697 36.8863 26.4105 26.2333 25.3135 25.3907 24.982 23.9634 23.6833 21.5855 21.4706 20.8515 29.7099 23.4761 30.3199 27.6482 21.0044 20.5928 25.2474 20.5452 20.2621 20.1777 31.1054 20.8395 20.1469 24.0048 26.2659 21.2805 20.0593 21.9437 20.3123 20.0136 19.4999 32.6108 19.2639 24.6942 41.361 33.3739 30.4235
threshold=15.500000000000002 3.5000000000000004 52.500000000000007 2.5000000000000004 1.5000000000000002 60.000000000000007 18.500000000000004 3.5000000000000004 13.500000000000002 6.5000000000000009 1.0000000180025095e-35 16.500000000000004 1.5000000000000002 12.500000000000002 10.500000000000002 12.500000000000002 1.5000000000000002 3.5000000000000004 4.5000000000000009 28.500000000000004 1.5000000000000002 38.500000000000007 73.500000000000014 72.500000000000014 3.5000000000000004 18.500000000000004 1.0000000180025095e-35 5.5000000000000009 1.5000000000000002 1.0000000180025095e-35 45.500000000000007 0.012903762981295587 5.5000000000000009 47.500000000000007 14.500000000000002 2.5000000000000004 14.500000000000002 30.500000000000004 18.500000000000004 52.500000000000007 3.5000000000000004 18.500000000000004 1.5000000000000002 51.500000000000007 5.5000000000000009 1.0000000180025095e-35 64.500000000000014 5.5000000000000009 8.5000000000000018 45.500000000000007 3.5000000000000004 25.500000000000004 2.5000000000000004 3.5000000000000004 4.5000000000000009 66.500000000000014 48.500000000000007 16.500000000000004 60.000000000000007 2.5000000000000004 36.500000000000007 17.500000000000004
decision_type=2 2 2 2 2 2 2 2 2 2 2 2 2 2 2 2 2 2 2 2 2 2 2 2 2 2 2 2 2 2 2 2 2 2 2 2 2 2 2 2 2 2 2 2 2 2 2 2 2 2 2 2 2 2 2 2 2 2 2 2 2 2
left_child=1 4 3 5 10 15 11 25 19 -4 44 32 -10 29 -15 -2 31 -18 33 -3 -7 -21 23 -11 -24 -8 -17 28 -23 -9 40 -6 -5 -19 39 -36 37 -37 43 -14 -28 -42 -35 -38 -1 46 -46 -29 49 54 -50 53 -53 -31 -49 56 -40 -16 59 60 -59 -60
right_child=2 8 9 6 16 20 7 13 12 22 -12 -13 34 14 57 26 17 18 -20 21 -22 27 24 -25 -26 -27 30 47 -30 51 -32 -33 -34 42 35 36 38 -39 55 -41 41 -43 -44 -45 45 -47 -48 48 50 -51 -52 52 -54 -55 -56 -57 -58 58 61 -61 -62 -63
leaf_value=0.062550840715239073 -0.095859400626449848 0.029654880296251331 0.016571105204205353 -0.10217360932520406 -0.10181734437454655 0.044180314072268544 0.0034936105615101585 0.071709874931750114 -0.049331735744284018 -0.013798010162864013 0.029737864089577848 -0.01687915150971538 -0.00073791235868819792 -0.0070623702740392896 -0.060421278136991302 0.071925579880006585 0.035942205735803166 0.02997019854820045 -0.0066501174471786011 -0.011184289276737952 -0.066218428332960058 -0.014359977990629458 0.024527848455027142 -0.094799852141073823 -0.014509505138546054 -0.057655762051148009 0.068699987932415371 0.01434449598377128 0.037138956886725381 -0.013925861969092474 -0.078650698764067106 -0.0036168513199522517 0.025114566385903498 -0.016700162240476824 0.043061020328569628 5.3950524993822839e-05 0.030228798063143842 -0.054113875706176463 -0.011589955706201039 0.019386435434300898 -0.078817131889333925 -0.00068716209948386066 0.021747672097622347 -0.035389746988613455 0.051801206515667345 -0.055900152991113464 -0.10443244886500658 0.037696635534968263 -0.10131696282176926 -0.082989355359554304 0.017511508229487643 0.034334882276679385 -0.033296405376622693 0.047760648266222734 -0.10038514848306933 0.022342063004827332 -0.073984391754901485 -0.059723135600368127 0.00047595784374545507 -0.052200035063943329 0.019663275449825809 -0.030990241667554611
leaf_weight=281.87569537106901 13.031923869624732 282.52938067424111 256.66945360507816 3.4270484629087141 6.7596519780345252 6.7731042336672536 19.294335176236928 11.448774019721894 52.890936965821311 669.05893565481529 339.61817265488207 276.16611681552604 367.5303592014825 177.37358882767148 57.937784659909084 9.3338023112155479 387.49561440525576 357.89181379158981 166.14416622580029 147.18660551030189 338.12625423108693 28.053735304158181 117.24595652800053 17.54468390904367 125.05520263290964 208.15852052345872 8.3265712475404126 220.74527466413565 162.98774044727907 25.393244162201881 13.112417066469787 66.95881862193346 118.38076470629312 55.558094140607864 25.537081870250404 43.370977648999542 69.346614796668291 63.887927610892802 96.107524817576632 200.33607350895181 12.537655945168806 58.990679173730314 92.755578385666013 14.167971586342899 52.137846816331148 8.8043937627226097 2.2255200869403771 11.106195206753908 4.1026496021077028 20.272455136291683 46.153799734893255 14.660411092452703 65.936932498589158 28.12628877768293 3.4360316302627316 26.179214822594076 26.776001722319052 19.391801413847134 107.3210172529798 212.47619035490789 41.725145001430064 270.27038632403128
leaf_count=854 1491 3413 8681 127 957 252 1041 49 5376 58207 2069 22064 9537 13816 8553 66 4304 3024 5070 3026 48748 394 4484 2601 8918 25934 109 4280 1734 1264 1426 1031 3419 1349 272 2330 2469 7064 8024 4723 874 3824 1437 1270 209 100 39 94 66 641 1154 509 5453 695 121 1567 3921 2331 7590 31124 1889 31216
internal_value=-0.00037208 0.0175508 -0.0206152 -0.0295213 0.0293775 -0.0524883 -0.0231441 -0.0288385 0.00630832 -0.00470685 0.0433898 -0.00512225 -0.00229885 -0.0236307 -0.0276448 -0.0179123 0.0209142 0.0232468 0.0159301 0.0154687 -0.0640504 0.00924554 -0.0105862 -0.0158678 0.00438009 -0.0524686 -0.00798275 0.0152976 0.0295765 0.000814737 -0.0160054 -0.0126214 0.0215333 0.0233413 0.000366722 -0.00895073 -0.0128592 -0.0322107 -0.00393472 0.0063617 -0.00571891 -0.014382 0.00734517 0.0190968 0.056827 0.0312853 0.0454053 0.0063776 -0.0142951 -0.0462063 0.00781103 -0.00523717 -0.0209945 0.0184924 0.00507073 -0.0168385 -0.0251855 -0.0327931 -0.0303349 -0.0417735 -0.00552525 -0.0220468
internal_weight=7034.22 3730.93 3303.29 2117.72 1818.23 460.232 1657.49 1259.51 1912.7 1185.57 684.662 397.974 986.131 1032.06 886.496 115.333 1133.56 1059.85 672.35 926.574 344.899 644.044 928.905 686.604 242.301 227.453 102.301 496.858 191.041 145.566 92.9673 73.7185 121.808 506.205 933.24 365.373 339.836 107.259 232.577 567.866 79.8549 71.5283 148.314 83.5146 345.043 63.1678 54.3634 305.816 85.0711 34.8147 50.2564 134.117 80.5973 53.5195 14.5422 149.063 122.884 709.122 651.185 273.593 61.1169 377.591
internal_count=378674 81919 296755 213864 20443 56790 157074 131464 61476 82891 3271 25610 46553 104489 96519 7790 17172 15184 10880 14923 49000 11510 74210 60808 13402 26975 6299 8484 2128 7970 6233 1988 3546 5810 41177 26917 26645 9394 17251 14260 4807 4698 2786 3739 1202 348 248 6356 2076 856 1220 7921 5962 1959 215 13512 11945 82703 74150 35344 4220 38806
is_linear=0
shrinkage=0.05


Tree=3
num_leaves=63
num_cat=0
split_feature=21 19 6 12 6 6 12 14 6 14 17 17 4 6 17 4 11 2 4 19 19 0 17 17 17 2 14 12 4 2 17 17 0 14 10 21 6 2 14 2 2 17 1 10 4 2 14 17 11 14 14 4 12 2 2 6 14 14 0 6 19 4
split_gain=1343.43 314.684 297.823 243.918 121.715 90.8205 85.6961 72.7153 60.2365 62.9201 36.7796 46.2627 35.4506 35.289 33.2245 30.3576 29.3295 24.7692 24.0642 23.5386 23.4965 30.8255 23.2455 22.4163 21.1558 29.047 25.5785 22.7925 22.237 21.9081 20.6964 23.4698 20.3282 20.3148 22.1998 19.8631 19.7184 19.4865 21.3152 18.5752 18.2108 17.673 19.4294 17.0783 16.9087 16.5042 16.2991 42.338 18.6016 16.2071 16.1408 16.032 15.5379 15.1666 18.7244 15.1167 15.0733 20.937 14.9402 14.7558 14.6541 19.2748
threshold=1.5000000000000002 4.2210593223571786 5.5000000000000009 60.000000000000007 9.5000000000000018 1.0000000180025095e-35 17.500000000000004 1.5000000000000002 9.5000000000000018 18.500000000000004 6.5000000000000009 1.5000000000000002 1.0000000180025095e-35 14.500000000000002 1.5000000000000002 10.500000000000002 0.012903762981295587 1.5000000000000002 1.5000000000000002 8.3838925361633319 10.718293190002443 12.500000000000002 3.5000000000000004 2.5000000000000004 7.5000000000000009 1.0000000180025095e-35 11.500000000000002 1.5000000000000002 3.5000000000000004 7.5000000000000009 2.5000000000000004 3.5000000000000004 15.500000000000002 18.500000000000004 1.0000000180025095e-35 3.5000000000000004 4.5000000000000009 15.500000000000002 3.5000000000000004 4.5000000000000009 1.5000000000000002 2.5000000000000004 0.013986697886139156 5.5000000000000009 1.0000000180025095e-35 1.5000000000000002 8.5000000000000018 1.5000000000000002 0.014599318150430919 6.5000000000000009 1.5000000000000002 1.0000000180025095e-35 3.5000000000000004 8.5000000000000018 12.500000000000002 60.000000000000007 1.5000000000000002 1.0000000180025095e-35 1.5000000000000002 60.000000000000007 5.5523953437805185 3.5000000000000004
decision_type=2 2 2 2 2 2 2 2 2 2 2 2 2 2 2 2 2 2 2 2 2 2 2 2 2 2 2 2 2 2 2 2 2 2 2 2 2 2 2 2 2 2 2 2 2 2 2 2 2 2 2 2 2 2 2 2 2 2 2 2 2 2
left_child=1 3 5 -1 23 7 17 44 15 19 11 -6 -13 -11 49 16 -8 -4 -9 30 21 -3 32 -5 29 -26 27 -27 43 33 60 37 41 -16 -35 -31 40 -32 -39 -17 56 42 -15 45 -2 58 -18 -48 -49 -7 -12 -36 -30 -14 -55 -52 57 -29 -28 -56 61 -10
right_child=2 20 6 4 10 14 8 18 9 13 50 12 53 22 24 39 46 -19 -20 -21 -22 -23 -24 -25 25 26 28 36 52 35 31 -33 -34 34 51 -37 -38 38 -40 -41 -42 -43 -44 -45 -46 -47 47 48 -50 -51 55 -53 -54 54 59 -57 -58 -59 -60 -61 -62 -63
leaf_value=-0.085625228990535887 0.062863931332180864 0.059924076380369021 -0.061354508705613597 -0.028477074683984568 -0.0050365647803166328 0.0046188141019831899 -0.07593823206905996 0.014396125142638936 0.026390436337217556 -0.0063813087424660873 0.031631207787018431 0.087005308463297099 -0.018966264189400242 0.0092437513035089781 0.033171492069803687 -0.036910071858468049 0.012756939216557956 0.017408872190820851 0.041567204682107645 -0.098409714207028348 0.016307122253300239 -0.011949404528572558 -0.041712717068960209 0.042689837358186072 -0.10431878964144237 -0.10316507995497244 0.020795850258303605 -0.10508347830971675 0.063503762706166464 0.034389044781902071 0.045604840822162311 0.00067652431509992615 -0.028587508849192575 -0.0459240034497162 -0.05191130165261966 0.010030805809396193 -0.056226106637563146 -0.099580931399416914 0.014250868408007378 0.026086385309913102 0.047626146809094376 0.036774348336236787 -0.094850695345106609 0.04334186775015901 0.037391804304954861 -0.086968902154189773 -0.08257476261922575 -0.032889592712452641 0.016054039955649822 -0.03954408247968827 0.021160838983815416 0.022388277621848425 -0.0036978666811573742 -0.09078305338138741 -0.027145245412786307 -0.028315941772768884 -0.10345882102153166 0.060577354218936563 -0.10246515012876417 -0.049565406485369196 0.061070663216112347 -0.029558429787865305
leaf_weight=297.66919959499501 279.10304530523717 15.984970833174883 10.134240686893461 13.773599176667629 72.873470719438046 102.59836756065488 12.776302592828868 211.55900720274076 18.479226282797754 219.60934304189868 13.527246572542934 4.9493409795686594 45.250811998266727 13.737991751637312 678.97526305727661 12.360630724113433 144.0116407785099 662.96477053989656 132.54149720910937 5.8543298114091149 192.55119361076504 223.50875769928098 227.63271704153158 56.264975583180785 5.7576249176636329 3.2313454318791619 9.2971768779680115 2.6010049004107714 11.055806541815398 107.6027491078712 63.272151198238134 298.92313571926206 109.47712392080575 13.267966170329599 7.4674817281775168 376.67472403962165 5.9410932054743162 4.6481411075219503 35.68395765312016 219.43675230210647 73.86598009057343 27.354402887634933 6.6539279380813232 5.151150311343371 84.989775698632002 17.290131552144885 18.155606417916715 28.0119460192509 63.242430383805186 26.048957625404 16.685622449964285 261.67714535747655 38.746227778028697 25.603057776577771 81.353869640966877 206.48364494531415 3.5887647839263073 7.1509840302169305 3.3420689525082734 749.50930306315422 5.8367346245795479 92.199039216386154
leaf_count=63507 940 408 176 866 7632 1166 1052 2567 352 14093 760 27 4070 862 5107 548 2151 12220 1183 324 6178 16402 29771 1473 174 45 118 35 49 2161 1225 13498 10353 392 296 6075 155 457 1911 6122 498 1328 801 103 377 677 2001 1915 2526 2027 1043 4227 1079 4135 7621 25371 85 28 127 100717 53 5034
internal_value=-0.000300629 -0.0345211 0.0141623 -0.0448382 -0.0353993 0.0262208 0.00121767 0.0413424 -0.00498875 -0.0113766 -0.0390902 -0.0433643 -0.0464449 -0.0223742 0.0201407 0.00949772 -0.00202204 0.016223 0.0248619 0.00128816 0.003303 -0.00715222 -0.0315002 0.0286943 0.0220683 0.00624402 0.00975596 0.0273827 -0.0102582 0.0241154 0.00241267 0.00778433 -0.0167143 0.028484 0.0172143 0.015443 0.0319115 0.0282921 0.00113213 0.0227271 0.037916 0.0105097 -0.0247225 -0.0407504 0.056918 -0.0552236 0.00170446 -0.0128434 0.00103003 -0.00432344 -0.0214021 0.0203268 0.0112206 -0.0471774 -0.0486679 -0.0246167 -0.015848 0.0163931 -0.0117968 -0.0473701 -0.016145 -0.020217
internal_weight=6785.97 2015.99 4769.98 1583.94 1286.27 2469.53 2300.46 708.193 1627.36 1129.36 1216.24 979.54 906.666 604.466 1761.33 497.995 266.198 673.099 344.101 524.897 432.045 239.494 384.856 70.0386 1632.68 187.019 181.262 96.3792 84.8826 1445.67 519.042 402.527 157.223 961.388 282.413 484.277 93.1478 103.604 40.3321 231.797 87.2067 47.7463 20.3919 35.0805 364.093 29.9294 253.422 109.41 91.2544 128.647 236.697 269.145 49.802 901.717 856.466 223.169 13.3408 9.75199 12.6392 830.863 116.515 110.678
internal_count=378674 240210 138464 217222 153715 29691 108773 5067 96377 80062 151376 124202 116570 57208 24624 16315 9645 12396 3750 22854 22988 16810 43115 2339 21431 3173 2999 846 2153 18258 22530 17091 13344 10022 4915 8236 801 3593 2368 6670 646 2991 1663 1025 1317 922 8593 6442 4441 3193 27174 4523 1128 116543 112473 26414 148 63 245 108338 5439 5386
is_linear=0
shrinkage=0.05


Tree=4
num_leaves=63
num_cat=0
split_feature=7 19 21 12 7 15 15 16 17 17 16 7 16 16 4 11 4 17 8 15 15 17 15 0 11 4 19 8 4 17 17 4 0 12 4 21 0 0 16 16 4 4 16 11 8 15 11 19 15 16 4 17 17 8 7 11 8 11 21 7 19 17
split_gain=1149.53 435.542 294.042 173.777 114.783 67.771 66.5389 39.9984 37.9824 37.7116 49.8435 35.3782 33.5863 32.7182 29.9289 29.1705 27.8185 26.8192 23.2002 22.9152 21.6718 20.23 19.8283 23.1922 19.6498 19.8136 19.1665 18.0288 17.3334 17.2045 16.9782 35.1283 33.0627 17.8942 16.9093 18.2222 16.7846 38.765 36.637 27.2722 16.8747 16.6686 16.6632 16.2841 25.6991 15.9989 15.783 36.9214 16.5327 15.5768 15.5371 16.8458 14.9651 14.8401 14.7223 22.1106 15.8297 14.6347 14.6054 22.2133 16.5942 16.2505
threshold=0.014185110572725536 4.2210593223571786 1.5000000000000002 60.000000000000007 0.016001024283468727 0.016001024283468727 0.012579114176332952 79.500000000000014 1.5000000000000002 6.5000000000000009 38.500000000000007 0.013423423748463394 69.500000000000014 22.500000000000004 1.0000000180025095e-35 0.016001024283468727 1.0000000180025095e-35 5.5000000000000009 2.5000000000000004 0.012903762981295587 0.014389234129339458 2.5000000000000004 0.016001024283468727 8.5000000000000018 0.015268065501004459 60.000000000000007 34.721099853515632 9.5000000000000018 16.500000000000004 2.5000000000000004 2.5000000000000004 13.500000000000002 10.500000000000002 1.0000000180025095e-35 3.5000000000000004 5.5000000000000009 2.5000000000000004 9.5000000000000018 42.500000000000007 60.500000000000007 1.0000000180025095e-35 12.500000000000002 55.500000000000007 0.016261236742138866 9.5000000000000018 0.014389234129339458 0.016001024283468727 5.5523953437805185 0.015504807699471714 87.500000000000014 3.5000000000000004 7.5000000000000009 7.5000000000000009 60.000000000000007 0.016261236742138866 0.016261236742138866 2.5000000000000004 0.014815627597272398 3.5000000000000004 0.013793759513646366 18.275854110717777 3.5000000000000004
decision_type=2 2 2 2 2 2 2 2 2 2 2 2 2 2 2 2 2 2 2 2 2 2 2 2 2 2 2 2 2 2 2 2 2 2 2 2 2 2 2 2 2 2 2 2 2 2 2 2 2 2 2 2 2 2 2 2 2 2 2 2 2 2
left_child=1 2 3 -1 8 13 11 9 19 16 -11 17 15 -6 54 29 -5 24 -3 -2 43 -9 42 -24 -4 -26 -22 36 41 34 33 32 -32 -20 35 -8 -15 38 -38 40 -40 -13 45 49 -45 -21 48 -48 -29 -10 -42 -52 -43 -18 55 56 -7 -30 -34 61 -61 -60
right_child=4 18 6 7 5 14 12 21 20 10 -12 28 -14 27 -16 -17 53 -19 30 22 26 -23 23 -25 25 -27 -28 46 57 -31 31 -33 58 -35 -36 -37 37 -39 39 -41 50 52 -44 44 -46 -47 47 -49 -50 -51 51 -53 -54 -55 -56 -57 -58 -59 59 60 -62 -63
leaf_value=-0.081998566060829281 -0.071934258157259498 -0.10079160560162913 -0.027000518959159444 0.073730974189975679 0.041148697659588333 0.066831900054584392 0.046665314123300328 0.037339938525938428 0.011576296261269194 -0.0029465474595559214 -0.050699446631535999 -0.0094593275643914017 0.042253258602211657 0.017301664032933883 0.033941620832259302 0.047083537720814923 -0.063973520234201428 -0.051634178608940068 -0.099989399275239504 -0.068441899719678498 0.020701413285143425 -0.032923403267673297 -0.1029166896057478 0.092727208101467271 0.043179523739695254 -0.092782771522655919 0.060367112123129965 0.022492360889258947 0.014977476997991011 -0.00014883723647549121 -0.076012614584661575 0.0095150537228049573 0.067174371202845432 0.030950202887685907 -0.035397375540478386 -0.10109816920962744 -0.10333346544264133 0.024054083130755171 -0.10180309822924903 -0.10232435356118155 0.05055242957183767 -0.094689174567591627 0.032229974657082293 -0.10119190358771364 0.043038818589279139 -0.0018680934425730844 0.065247115919045889 -0.10374916229246685 -0.10464738909346363 0.081450146901745249 -0.1016481128921438 0.061655189632738819 0.002370562742621389 -0.042743304356234198 0.061135037915454771 -0.10629756330785983 -0.10449164883054557 -0.098202292484251288 0.0087109335813543697 -0.10023727610185883 0.059372702850061645 -0.099762078018504716
leaf_weight=274.93760154256597 13.773396445438264 4.8242820943705729 232.27043261891231 4.9618019908666602 185.09820458386093 9.518000088632105 12.782153737265615 25.983523692470044 1059.9953635402489 140.23947567678988 89.530793513637036 73.392715946771204 47.339695062953979 242.08552450546995 221.96460383152589 28.222188366577029 92.092982459347695 118.04068656428717 2.6751334406435481 10.230507726315407 773.00630136579275 16.911790957208723 8.8441972099244577 1.8278390169143666 18.186010280624036 3.1426225290633729 31.703693988267332 80.972849211189896 83.974859388545156 322.27478716173209 23.876393629936501 764.32215478015132 6.6779994638636699 105.8866793862544 71.646322350483388 2.4934490742161861 15.167938738595693 49.260855072177947 2.8977534053847185 6.425559574738144 17.560753943398598 12.18647838290781 32.559352031908929 7.8354326877743006 5.097860577516256 76.555856955237687 47.563168118707836 3.4675639271736136 2.6403186609968534 8.0365570951253158 4.1190296085551408 2.5611465498805046 5.8912422861903897 775.11299706622958 267.41327915526927 3.2185173369944087 1.5707842223346222 2.9567418657243243 5.6691965451464084 1.9343439815565933 10.297943100333212 8.8313092174939793
leaf_count=63507 2744 200 25319 25 1269 39 213 826 26704 12134 14519 5241 1203 3321 1167 290 15806 18065 173 652 8298 2400 220 7 866 572 112 1038 3656 15321 773 31170 116 2107 4673 70 365 850 90 290 180 1387 368 454 97 1128 233 102 79 46 129 9 316 105666 940 63 29 342 107 126 42 420
internal_value=-0.000187478 -0.0204671 -0.031529 -0.0463032 0.0213408 0.0338612 -0.0112583 -0.0377308 0.0141627 -0.0395748 -0.0215536 -0.023161 0.0022473 0.0233179 0.0476727 -0.00208235 -0.0443224 -0.0319467 0.00857289 -0.0106079 0.0160516 0.0096381 -0.00411134 -0.069408 -0.022783 0.0231464 0.0222641 0.0163655 -0.00485889 -0.0054733 0.0091401 0.0066846 -0.0310792 0.0277236 -0.0252145 0.0225458 0.0102344 -0.00722467 -0.0388428 -0.0096989 0.0122318 -0.0200525 0.00172757 0.0114268 -0.0443411 -0.00971591 0.0318512 0.0537637 0.0184776 0.0121021 0.0258635 -0.0390384 -0.0630589 -0.0449978 0.0584912 0.0090759 0.042563 0.011128 0.00103164 -0.0154912 0.0341329 -0.0573529
internal_weight=6582.54 3389.57 2454.57 1419.77 3192.97 1163.51 1034.8 1144.83 2029.47 1101.94 229.77 550.042 484.759 659.821 503.685 437.419 872.168 371.64 934.995 143.791 1885.68 42.8953 130.018 10.672 253.599 21.3286 804.71 474.722 178.402 409.197 930.171 821.609 57.2872 108.562 86.9219 15.2756 340.079 97.993 48.7322 33.5642 27.1387 91.4704 119.346 1080.97 12.9333 86.7864 134.644 51.0307 83.6132 1068.03 24.2409 6.68018 18.0777 867.206 281.721 14.3073 11.0888 86.9316 33.4108 26.7328 12.2323 14.5005
internal_count=378674 327651 292417 214883 51023 10193 77534 151376 40830 148150 26653 55764 21770 7955 2238 20567 121497 44822 35234 5119 35711 3226 2375 227 26757 1438 8410 6686 10942 20277 35034 32754 1584 2280 4956 283 5234 1913 1063 698 408 6944 2148 27301 551 1780 1452 335 1117 26750 318 138 1703 121472 1071 131 68 3998 811 695 168 527
is_linear=0
shrinkage=0.05


Tree=5
num_leaves=63
num_cat=0
split_feature=6 19 12 14 14 16 4 3 3 16 3 16 16 0 12 14 8 11 6 0 0 0 16 16 16 8 8 16 4 12 14 8 3 12 8 6 8 16 16 18 3 15 11 18 16 18 16 6 6 6 4 16 6 18 18 19 16 0 12 12 19 3
split_gain=1025.11 374.209 217.472 140.207 107.55 52.671 50.3075 41.0652 37.1401 33.6232 39.6292 32.2106 39.3582 29.5177 28.2593 32.9084 27.2246 29.0567 23.0243 25.6218 22.9772 20.7238 20.4158 19.6457 21.7552 24.2299 25.4226 23.974 21.6717 18.7756 18.6586 19.3325 32.0433 21.8562 18.4211 18.4081 19.2202 22.3255 18.2042 17.9375 17.5657 16.8861 16.8015 26.7629 20.9246 20.1 18.0336 18.3569 24.6096 20.1259 18.2597 22.906 18.2628 16.723 16.4531 33.8542 57.7703 21.6407 19.282 19.1652 26.0629 17.7232
threshold=14.500000000000002 1.0000000180025095e-35 60.000000000000007 1.5000000000000002 11.500000000000002 23.500000000000004 1.0000000180025095e-35 0.014599318150430919 0.015504807699471714 69.500000000000014 0.016001024283468727 4.5000000000000009 1.0000000180025095e-35 5.5000000000000009 4.5000000000000009 60.000000000000007 10.500000000000002 0.013793759513646366 1.5000000000000002 5.5000000000000009 4.5000000000000009 18.500000000000004 32.500000000000007 38.500000000000007 56.500000000000007 11.500000000000002 6.5000000000000009 65.500000000000014 17.500000000000004 9.5000000000000018 60.000000000000007 3.5000000000000004 0.013423423748463394 2.5000000000000004 1.0000000180025095e-35 2.5000000000000004 14.500000000000002 12.500000000000002 19.500000000000004 1.0000000180025095e-35 0.013606071937829258 0.014815627597272398 0.013793759513646366 2.5000000000000004 70.500000000000014 1.0000000180025095e-35 34.500000000000007 12.500000000000002 2.5000000000000004 13.500000000000002 11.500000000000002 35.500000000000007 1.0000000180025095e-35 1.0000000180025095e-35 1.5000000000000002 8.6437578201293963 66.500000000000014 2.5000000000000004 1.5000000000000002 60.000000000000007 6.804225206375123 0.014815627597272398
decision_type=2 2 2 2 2 2 2 2 2 2 2 2 2 2 2 2 2 2 2 2 2 2 2 2 2 2 2 2 2 2 2 2 2 2 2 2 2 2 2 2 2 2 2 2 2 2 2 2 2 2 2 2 2 2 2 2 2 2 2 2 2 2
left_child=3 2 8 6 9 11 18 21 -2 10 -4 12 53 16 30 22 17 -7 -1 34 -9 -6 -16 28 -25 26 29 -27 -24 -26 31 -15 33 -33 -20 38 37 -37 -13 -23 41 -29 44 45 46 -44 47 48 -17 -49 51 -48 -53 -5 -3 56 57 -56 -57 60 -58 -60
right_child=1 54 4 5 7 13 -8 20 -10 -11 -12 35 -14 14 15 42 -18 -19 19 -21 -22 39 23 24 25 27 -28 40 -30 -31 -32 32 -34 -35 -36 36 -38 -39 -40 -41 -42 -43 43 -45 -46 -47 50 49 -50 -51 -52 52 -54 -55 55 58 59 -59 61 -61 -62 -63
leaf_value=0.057337576877564522 -0.078841108292714721 0.025421914225369432 -0.016451573377652497 -0.032109705460750933 -0.027397787399258473 -0.065237995920773173 0.026763030954039729 0.063736804354652621 0.085163361152972752 0.025887577886745242 0.055971955665772191 0.05874361596428003 -0.064393148481454596 0.04867399842716099 0.027418928513744528 0.017115141123805987 0.027281500588497043 0.011076653634646751 -0.10479049459543328 -0.10351274435370313 -0.012972665022142411 -0.012673051822930263 -0.039223207242889746 0.018024315230367179 0.03102211328648969 -0.099334399233613369 0.033581778679225509 0.031182343311404938 0.022175693518481612 -0.061928369982714032 0.035002534882541451 0.037676429005958245 -0.068280610335435796 -0.10090575350038873 0.057698749412775988 -0.096058199825979573 0.040464407820235519 0.012699625216858064 0.01842565150694532 -0.044202304896933095 -0.10097212303962 -0.10210273512517841 -0.043886049016776785 -0.011686050283076191 -0.075370427749957503 0.025266602142792277 0.07058811450857147 0.035491654400168174 -0.078692213508665051 -0.091046206174107414 -0.00056353995566857981 0.052506093666769442 -0.083651090867378042 0.020626996321525669 0.056535976627180656 -0.013344203132259189 -0.0639541441233452 -0.064453452211162499 0.014945377087005799 0.036889612540006417 0.0092185243384965091 -0.097865718197944068
leaf_weight=261.23078557383269 261.31282361363992 101.05243219109252 367.98891264596023 15.728581673465667 320.44032430485822 12.70283525274135 470.72114310925826 11.02610249025747 3.4982221517711869 65.931127328425646 19.910431848373264 116.78878260683268 14.999148415867237 15.035166244488208 126.62044608872384 8.6214501820504648 320.5727737788111 689.38898798357695 2.0510638086125246 4.5521683897823086 85.149255351163447 47.883483435958624 46.526880964636803 224.2040684458334 8.0830719219520706 12.464739194139836 38.483746253419667 14.821959901601081 20.795303203631192 16.570397953968495 109.66468191938475 21.622323078569028 17.890231270808727 3.2762121427804223 11.660123897716405 5.1155589222908011 82.576623618835583 60.821517281932756 36.824958694167435 778.84044539788738 4.4876054013147941 2.8300590151920906 11.608637447934596 177.26647558948025 14.267651489470152 110.8256959086284 3.6003036382608142 12.961879576090725 30.116304072085768 4.1479341830126932 177.08092607511207 2.8372412398457554 18.660535619826987 339.6294195135124 3.9673365280032149 75.414717584149912 16.322693127207458 54.012992914998904 432.53921717358753 34.324726672377437 47.824598157312721 3.5098389168269923
leaf_count=1029 63692 2107 34522 940 38714 656 4200 400 7 2450 211 483 824 86 1982 145 4131 11722 41 101 8565 4190 1373 4641 56 735 636 299 444 593 1352 244 385 119 50 316 1245 1492 286 116805 232 151 1737 8787 1132 2332 79 506 2382 505 10094 24 2238 5947 58 3182 1774 6663 13929 1301 3126 163
internal_value=0.000291899 -0.0229451 -0.0345322 0.0174396 -0.0279567 0.0125322 0.03674 -0.0355611 -0.0766746 -0.00712331 -0.0127342 0.0248276 0.0149441 0.00890248 0.00376547 0.000821954 0.0152084 0.0096959 0.0535431 -0.000731786 -0.00417825 -0.0381922 0.00997889 0.00430602 0.00944253 -0.0102428 0.00818739 -0.0438694 -0.0202576 -0.0314529 0.0228844 -9.80733e-05 -0.0172357 0.0194414 0.0333919 0.0369432 0.0243912 0.00426193 0.0490784 -0.0423761 -0.0126423 0.00981342 -0.00743678 0.000731351 -0.016427 0.0187099 -0.0131678 -0.0383182 -0.0573694 0.00481507 -0.0062205 -0.0461335 -0.0656813 0.0182928 0.00661891 0.00377411 -0.0165791 -0.0561747 0.00999996 0.00673485 -0.00940073 0.0140373
internal_weight=6431.69 2730.95 1961.98 3700.74 1697.17 2950.52 750.215 1243.34 264.811 453.83 387.899 672.485 370.357 2278.04 1255.37 1087.88 1022.66 702.092 279.494 18.2634 96.1754 1147.16 515.888 389.268 321.946 97.7416 63.1372 34.6044 67.3222 24.6535 167.489 57.8239 42.7888 24.8985 13.7112 302.127 148.514 65.9371 153.614 826.724 22.1396 17.652 571.995 299.701 272.294 122.434 258.027 55.8476 38.7378 17.1098 202.179 25.0981 21.4978 355.358 768.969 667.916 156.452 57.9803 511.464 98.472 64.1473 436.049
internal_count=378611 301859 269556 76752 205857 71331 5421 168674 63699 37183 34733 11533 7711 59798 43289 41103 16509 12378 1221 192 8965 159709 11142 9160 7343 2702 1285 1417 1817 649 2186 834 748 363 91 3822 3053 1808 769 120995 682 450 29961 12856 17105 4069 15973 3538 2527 1011 12435 2341 2262 6887 32303 30196 12922 6721 17274 6201 4900 14092
is_linear=0
shrinkage=0.05


Tree=6
num_leaves=63
num_cat=0
split_feature=21 19 6 12 14 6 12 14 0 14 5 10 2 18 6 19 18 18 2 19 19 19 19 6 10 19 19 14 3 12 19 9 2 19 18 21 21 9 10 5 5 5 18 18 18 9 9 9 6 18 5 10 0 13 18 19 0 6 0 0 2 18
split_gain=979.975 215.891 213.731 158.78 73.3799 66.4665 58.7827 51.3699 53.2922 37.3684 33.7931 29.6555 24.4541 24.0907 23.442 19.8518 19.8065 23.2409 18.2194 17.804 19.2188 17.7349 18.3686 17.3683 32.1427 24.0423 25.8766 24.7076 22.9524 24.0243 21.5214 22.2997 32.0062 23.8525 26.7767 21.3742 19.8885 27.1949 21.1181 17.4995 17.1394 16.5321 23.0794 16.4175 15.023 39.3568 14.801 14.483 14.3699 14.0831 16.0903 13.7 13.6112 13.4871 13.7575 15.3911 13.4796 13.6783 13.4026 20.9094 17.6861 15.6937
threshold=1.5000000000000002 5.8748800754547128 5.5000000000000009 60.000000000000007 1.0000000180025095e-35 9.5000000000000018 60.000000000000007 16.500000000000004 17.500000000000004 1.5000000000000002 0.016261236742138866 7.5000000000000009 17.500000000000004 2.5000000000000004 14.500000000000002 19.368328094482425 1.0000000180025095e-35 6.5000000000000009 5.5000000000000009 5.4598431587219247 6.4119079113006601 6.0477678775787362 7.35363793373108 2.5000000000000004 2.5000000000000004 8.2117390632629412 8.84729051589966 6.5000000000000009 1.0000000180025095e-35 2.5000000000000004 17.613447189331058 1.0000000180025095e-35 11.500000000000002 7.7624046802520761 5.5000000000000009 5.5000000000000009 6.5000000000000009 0.015038444194942715 9.5000000000000018 0.013986697886139156 0.016261236742138866 0.016261236742138866 3.5000000000000004 3.5000000000000004 4.5000000000000009 0.016261236742138866 0.015504807699471714 0.015504807699471714 1.5000000000000002 2.5000000000000004 0.015268065501004459 18.500000000000004 2.5000000000000004 0.014599318150430919 4.5000000000000009 15.87588405609131 13.500000000000002 14.500000000000002 3.5000000000000004 10.500000000000002 6.5000000000000009 1.5000000000000002
decision_type=2 2 2 2 2 2 2 2 2 2 2 2 2 2 2 2 2 2 2 2 2 2 2 2 2 2 2 2 2 2 2 2 2 2 2 2 2 2 2 2 2 2 2 2 2 2 2 2 2 2 2 2 2 2 2 2 2 2 2 2 2 2
left_child=1 3 4 -1 10 -5 19 -8 11 -7 -2 58 14 -14 -10 21 -11 18 -18 -4 -21 -3 -23 25 -25 36 -27 28 -28 40 31 -26 -33 34 39 -29 37 -6 -38 47 -30 46 -43 -22 -12 -46 48 -34 -39 50 -20 -15 -41 54 -31 -56 -51 -58 -9 60 -60 -62
right_child=2 15 6 5 23 9 7 8 12 16 44 -13 13 51 -16 -17 17 -19 49 20 43 22 -24 24 30 26 27 35 29 53 -32 32 33 -35 -36 -37 38 41 -40 52 -42 42 -44 -45 45 -47 -48 -49 -50 56 -52 -53 -54 -55 55 -57 57 -59 59 -61 61 -63
leaf_value=-0.076000403987881521 0.027938295948769749 0.058512156837985302 0.074423300469278419 0.01608262821791543 0.029589427322576273 0.017374500968641991 0.005820093102005563 0.043924113379040078 0.0053174601604167584 -0.011659267313542207 0.062634101668818581 -0.0083911584301940966 -0.01947260101134023 -0.039674428012694871 -0.030966783280744925 0.022774541148268414 0.0001095687741815597 -0.016579485700399806 -0.05111771473241955 -0.09812317109085103 0.02222589853893156 -0.037536540942616943 -0.0016915065438398505 -0.013432629620292853 0.028185732044838069 -0.10560072277314941 0.073096935022178441 -0.10425397753540291 0.02148674238152019 -0.10531705513431983 0.038787663602990574 0.0132450122651305 -0.10012728242915359 -0.10198822952539816 -0.10040903188959045 0.025401404064888333 0.034784550707502956 -0.0024780060809493454 -0.10523648529415663 -0.10285704289589498 -0.10365444600825985 0.015561731539045741 -0.055821195092110337 0.0061984847379649016 -0.10594289817981589 0.047840774637237564 0.018921689070385477 0.010041304941918456 -0.10362648867656395 -0.014372815998407574 0.031451369885884518 -0.076342439073932955 0.028037828375234594 -0.1058022835935165 0.051412512254260849 -0.10265566190713404 0.0019670144171117375 -0.042057053802667006 -0.071733132097133931 0.038462931291653096 0.048184399518741504 -0.027016690226816149
leaf_weight=251.17854063853156 198.04938091151416 10.860794889740644 12.080207985825835 67.362097516423091 273.88191424543038 32.874202623032033 741.8262455095537 42.435723273549229 89.547276649624109 73.053452518302947 176.45123116765171 295.10973201482557 91.279996095690876 62.833068583160639 88.515479832654819 86.11146250879392 25.691022510174662 106.18073159013875 371.15377820492722 3.8568010954186311 304.89057255256921 41.275450574234128 266.51170602673665 95.707965657114983 183.28844115138054 4.9695342620834699 6.0553935654461375 3.2626992668956509 20.70476063806564 4.0063200164586332 101.20576978940517 330.5409351203125 6.6208465318195504 8.8341684564948064 7.5606214036233714 123.465738076251 465.26146211987361 13.172580771613868 2.7084988057613364 2.1200993163511113 3.1527587901800862 21.942902186885476 23.397249133326113 335.70804568077438 4.813476374372839 30.666263971943408 132.78839742857963 5.4296892695128918 4.7875463515520087 58.589474041946232 5.9955531014129511 42.841821858426556 31.413285746239129 11.249692816287277 5.770465159788726 2.2542484253644943 18.491620791144669 384.81673726066947 10.467729060444979 31.841774754226208 11.872353598941119 16.691617481876165
leaf_count=64317 1255 318 137 2352 2988 2669 25746 926 5317 7216 573 22938 8256 9033 11955 1255 2010 12479 56442 322 5185 4323 15996 2043 2904 233 35 153 134 52 564 6620 519 253 550 1169 3749 242 85 99 40 454 939 7472 66 175 2684 132 249 7145 466 7392 689 166 34 27 1415 61921 1049 1149 487 1048
internal_value=0.000489515 -0.0306764 0.0129921 -0.0400021 0.0236074 -0.0320997 0.00177477 -0.00360971 -0.0125387 -0.0351138 0.0427878 -4.26181e-05 -0.0261477 -0.0382878 -0.0127195 0.0014737 -0.0367666 -0.0386557 -0.0413664 0.014284 0.0131567 -0.00428264 -0.00649846 0.0194589 0.0136896 0.0234293 0.00695036 0.0100591 -0.0185399 -0.0303116 0.0175238 0.0137863 0.0070625 -0.0259097 -0.0132632 0.0220633 0.0266777 0.0194124 0.0339741 0.00119092 0.0049494 0.0051978 -0.0212746 0.0138267 0.0566647 0.0269772 0.0131598 -0.0504879 -0.0294407 -0.0426364 -0.0498051 -0.0545401 0.0197622 -0.0664461 -0.0296459 0.00813272 -0.036783 -0.0400386 0.0217009 0.00839461 -0.0161349 0.00423996
internal_weight=6287.48 1800.15 4487.33 1395.39 2305.53 1144.21 2181.8 1525.26 783.437 1076.85 409.98 408.419 375.018 196.955 178.063 404.759 1043.97 970.919 864.738 656.536 644.455 318.648 307.787 1895.55 772.722 1122.83 184.892 179.922 53.1936 47.1382 677.014 575.808 392.52 61.9787 53.1445 126.728 937.941 469.971 467.97 45.5839 23.8575 196.089 45.3402 640.599 211.931 35.4797 150.749 12.0505 17.9601 839.047 377.149 105.675 33.5334 23.2807 12.031 8.02471 461.898 403.308 113.309 70.8735 39.0317 28.564
internal_count=378611 240324 138287 218432 29875 154115 108412 95296 69550 151763 2069 27597 41953 24681 17272 21892 149094 141878 129399 13116 12979 20637 20319 27806 14373 13433 2043 1810 488 453 12330 11766 8862 2242 1989 1322 11390 7556 3834 1439 174 4568 1393 12657 814 241 3175 651 491 127389 56908 16425 788 279 113 61 70481 63336 4659 3733 2584 1535
is_linear=0
shrinkage=0.05


Tree=7
num_leaves=63
num_cat=0
split_feature=6 19 12 6 14 14 2 4 19 16 2 16 16 6 16 2 16 6 0 17 16 2 9 17 9 10 12 1 14 9 16 4 19 11 16 17 16 4 2 16 9 4 10 0 17 16 15 11 14 16 15 11 6 17 16 2 17 19 17 10 16 0
split_gain=858.128 321.214 162.984 129.639 93.8663 58.6703 52.2435 32.9151 32.2552 32.8567 31.7106 30.7751 28.3824 26.1724 22.7925 21.7038 18.5733 18.9433 18.4994 17.9001 17.684 15.5114 25.7369 29.0429 23.0974 19.3066 16.3363 15.3757 14.8579 19.9597 14.3801 17.4973 14.3413 20.9302 15.6701 14.2553 14.1667 20.0749 20.3695 13.9469 17.7673 13.8946 22.6468 22.002 19.8138 21.8614 17.8237 21.7593 16.9065 16.8164 16.0424 14.5392 13.8536 13.7593 15.1724 34.7414 18.444 15.6106 13.6622 13.4891 13.4256 13.3587
threshold=14.500000000000002 1.0000000180025095e-35 60.000000000000007 2.5000000000000004 5.5000000000000009 1.5000000000000002 7.5000000000000009 1.0000000180025095e-35 17.613447189331058 80.500000000000014 7.5000000000000009 19.500000000000004 4.5000000000000009 8.5000000000000018 61.500000000000007 11.500000000000002 15.500000000000002 60.000000000000007 3.5000000000000004 4.5000000000000009 79.500000000000014 15.500000000000002 1.0000000180025095e-35 3.5000000000000004 0.014389234129339458 7.5000000000000009 7.5000000000000009 0.015504807699471714 14.500000000000002 0.013986697886139156 69.500000000000014 1.0000000180025095e-35 9.4785318374633807 0.013072453904896976 48.500000000000007 2.5000000000000004 23.500000000000004 8.5000000000000018 1.5000000000000002 79.500000000000014 0.012579114176332952 3.5000000000000004 2.5000000000000004 3.5000000000000004 6.5000000000000009 67.500000000000014 1.0000000180025095e-35 0.015504807699471714 9.5000000000000018 54.500000000000007 1.0000000180025095e-35 0.014389234129339458 15.500000000000002 1.5000000000000002 52.500000000000007 11.500000000000002 3.5000000000000004 22.371184349060062 5.5000000000000009 1.5000000000000002 82.500000000000014 1.5000000000000002
decision_type=2 2 2 2 2 2 2 2 2 2 2 2 2 2 2 2 2 2 2 2 2 2 2 2 2 2 2 2 2 2 2 2 2 2 2 2 2 2 2 2 2 2 2 2 2 2 2 2 2 2 2 2 2 2 2 2 2 2 2 2 2 2
left_child=3 2 10 5 30 7 18 -1 9 13 -2 12 -7 20 16 -16 -8 -18 -6 -11 36 22 32 26 25 -23 -24 -26 29 58 31 -4 -3 34 -34 39 37 38 -5 40 -17 42 44 46 45 53 47 -44 -46 50 -50 -45 -33 -13 57 56 -56 -55 -19 -10 -61 -38
right_child=1 21 4 8 6 11 14 -9 59 19 -12 41 -14 -15 15 35 17 28 -20 -21 -22 24 23 -25 27 -27 -28 -29 -30 -31 -32 52 33 -35 -36 -37 61 -39 -40 -41 -42 -43 43 51 48 -47 -48 -49 49 -51 -52 -53 -54 54 55 -57 -58 -59 -60 60 -62 -63
leaf_value=0.05410452752150257 0.075863321486042606 0.061210562048225163 0.056216307641066048 -0.10041203663313857 0.054882744532368237 0.01897823445054065 -0.023891271535164536 0.02910152386487071 -0.10071471977893794 0.061473650527772754 -0.073698669522264421 -0.015086663957182013 0.053211723386284854 -0.0032638863227817867 0.034788848361955525 -0.040344236411325118 -0.023968626534429629 -0.048877842129280112 -0.0069899247325828405 -0.037558351535882863 -0.095930937753723369 -0.10083190450251023 0.058866618701318332 -0.096936768910247398 0.068348798508903658 0.0026781027507139657 -0.096606516061848044 -0.099904671007497878 -0.047920611616845431 0.032437000814656662 0.033224615487956688 0.04690655909231041 -0.098445556947803159 -0.099803601845321388 0.045122212675994346 -0.03477831119953189 0.02432528617936322 0.033662118062142032 0.0096997418952280232 0.030878814752057678 0.027690038650224874 0.023584104790881556 -0.10285577379877087 -0.10219391257383011 0.015221871025554695 0.057274801070708925 -0.10533743183456555 0.020894224330834585 -0.0011974222766508137 -0.10140319691887366 -0.10309790003436292 0.013369060394045682 -0.0099244046859927326 0.02766215142279066 0.0051877526752690502 0.069918589588054761 -0.084281400435888387 -0.098873711869392311 -0.019466009867123973 0.02650817962536748 -0.10545003605001885 0.0047704357443340874
leaf_weight=253.83547901781276 3.5988858025521031 38.135557746049017 12.074261956848202 4.3459061000030479 13.680173478089271 124.19386962242424 202.25865814182907 273.40519344992936 2.1318148681893936 37.528666845522821 232.69444469059817 32.421639194712043 118.14172265306115 619.14170452393591 17.116016246378422 32.460352023597807 141.45416102162562 87.910524214617908 103.34298475971445 5.194527809508144 3.9700742703862479 4.5364234149456015 8.7145542996004206 8.0016049733385426 18.782645598519597 647.2060501629021 2.0959675256162908 1.4636456063017238 557.3287400213303 11.535779369063674 34.596843715989962 11.502224596682934 2.1064562951214674 3.5578224691562346 19.452071700710803 114.18425803096034 97.71956995036453 132.99241239810362 125.13278018217534 18.790018212515861 13.624068796634672 281.48199180839583 5.3330662110820422 2.9269472211599341 38.789325992576778 35.446506137959659 10.083232993260024 10.637345905415714 26.788176087662581 7.0426901141181579 4.5131221059709778 38.816583070904016 158.36602402105927 170.65023268759251 10.468548841308804 9.3836972056888026 12.807873590383677 2.4727530665695658 71.675746463006362 267.03383035305887 1.9415365867316712 821.94943369715475
leaf_count=1080 7 656 75 245 339 1301 24626 1645 42 338 63692 1034 483 29588 1253 4061 14982 12808 9176 329 387 153 63 568 266 29940 131 29 92902 480 1126 296 132 131 234 18985 1453 1998 2652 755 1023 3753 196 193 428 456 245 166 713 600 139 603 14461 1589 131 71 404 36 8509 1893 51 22510
internal_value=0.000537523 -0.0213829 -0.0326558 0.0163714 -0.0269376 0.0277827 -0.0317228 0.041139 0.00845729 0.00609454 -0.0714208 0.0203103 0.0356675 0.0050689 -0.0346721 -0.0190025 -0.0375392 -0.0407124 0.000243078 0.0494328 0.00941855 0.00609751 0.0266186 -0.0247254 0.00359145 0.00195763 0.0287231 0.0561854 -0.0439638 -0.0310768 0.00367637 -0.00194231 0.0418891 0.0125522 0.0310944 -0.0241444 0.00977236 0.0200181 0.00600388 -0.00542777 -0.0202311 0.0149942 0.00921776 -0.0172366 0.0143307 0.0206396 -0.0532908 -0.0204301 -0.00805197 -0.0315961 -0.0158898 0.00526609 -0.00607623 0.015188 0.0199579 -0.0113001 -0.0440427 0.0258548 -0.035668 0.0245628 0.0255557 0.00684824
internal_weight=6180.97 2592.25 1838.19 3588.72 1601.9 1469.64 1385.36 527.241 2119.08 1847.98 236.293 942.399 242.336 1805.25 1268.34 196.175 1072.16 869.905 117.023 42.7232 1186.11 754.053 82.064 18.8121 671.989 651.742 10.8105 20.2463 728.451 171.122 216.539 181.943 63.2519 25.1164 21.5585 179.059 1182.14 262.471 129.479 64.8744 46.0844 700.064 418.582 67.7972 350.785 273.651 26.0536 15.9704 77.1333 38.344 31.3013 41.7435 169.868 238.205 205.783 32.6601 23.2764 173.123 159.586 271.107 268.975 919.669
internal_count=378611 301859 269556 76752 205857 15266 189899 2725 61486 59500 63699 12541 1784 58833 180384 26077 154307 129681 9515 667 29245 32303 1915 762 30388 30093 194 295 114699 21797 15958 14832 1153 497 366 24824 28858 4895 2897 5839 5084 10757 7004 1403 5601 3721 607 362 1880 1452 852 796 14757 3265 2231 606 535 1625 21317 1986 1944 23963
is_linear=0
shrinkage=0.05


Tree=8
num_leaves=63
num_cat=0
split_feature=21 6 16 6 17 12 14 14 4 11 0 14 16 17 8 17 2 16 8 6 1 6 16 16 16 17 16 12 16 6 0 12 16 6 11 21 8 11 14 2 17 2 11 11 11 16 16 14 6 4 11 16 4 16 21 8 2 12 17 14 6 16
split_gain=826.614 209.004 63.2217 66.7955 57.8018 55.269 69.9953 50.7956 32.7529 32.6406 31.6992 29.3325 28.8569 26.2331 25.2507 22.9726 22.3703 27.1613 29.8993 28.2474 25.4056 21.3294 19.9416 26.5522 18.3106 22.4134 17.8546 23.4366 28.8453 17.5088 22.7269 16.521 20.3059 16.1044 15.942 16.6974 15.7701 16.0879 15.5571 15.4348 16.4598 15.1658 15.257 14.9104 16.722 14.4253 25.7458 16.785 15.5644 24.065 22.2121 17.6039 16.2636 26.8775 23.6944 15.3601 30.7032 13.9884 13.9311 13.5822 14.5211 17.6982
threshold=1.5000000000000002 3.5000000000000004 50.500000000000007 14.500000000000002 6.5000000000000009 17.500000000000004 16.500000000000004 1.5000000000000002 1.0000000180025095e-35 1.0000000180025095e-35 17.500000000000004 4.5000000000000009 63.500000000000007 4.5000000000000009 60.000000000000007 1.5000000000000002 14.500000000000002 53.500000000000007 14.500000000000002 16.500000000000004 0.012903762981295587 14.500000000000002 22.500000000000004 2.5000000000000004 60.500000000000007 2.5000000000000004 73.500000000000014 17.500000000000004 65.500000000000014 1.0000000180025095e-35 2.5000000000000004 7.5000000000000009 36.500000000000007 60.000000000000007 0.014599318150430919 6.5000000000000009 18.500000000000004 0.015268065501004459 1.0000000180025095e-35 4.5000000000000009 3.5000000000000004 2.5000000000000004 0.013423423748463394 1.0000000180025095e-35 0.014185110572725536 68.500000000000014 56.500000000000007 2.5000000000000004 11.500000000000002 1.0000000180025095e-35 0.015749008394777778 46.500000000000007 13.500000000000002 52.500000000000007 4.5000000000000009 6.5000000000000009 14.500000000000002 60.000000000000007 7.5000000000000009 5.5000000000000009 5.5000000000000009 51.500000000000007
decision_type=2 2 2 2 2 2 2 2 2 2 2 2 2 2 2 2 2 2 2 2 2 2 2 2 2 2 2 2 2 2 2 2 2 2 2 2 2 2 2 2 2 2 2 2 2 2 2 2 2 2 2 2 2 2 2 2 2 2 2 2 2 2
left_child=2 7 3 13 39 12 45 8 29 14 15 -6 16 -1 -4 -8 -3 18 20 -19 43 36 23 -9 41 -26 27 28 -16 -2 38 -13 57 -27 -17 -36 58 -38 -31 -5 -41 42 -23 -18 -45 46 48 -48 49 -7 -50 -52 54 -54 -51 56 -47 -33 -12 60 -56 -62
right_child=1 5 9 4 11 6 10 22 -10 -11 21 31 -14 -15 26 34 17 19 -20 -21 -22 24 -24 -25 25 33 -28 -29 -30 30 -32 32 -34 -35 35 -37 37 -39 -40 40 -42 -43 -44 44 -46 55 47 -49 50 52 51 -53 53 -55 59 -57 -58 -59 -60 -61 61 -63
leaf_value=-0.019951657503753051 0.055442614697837546 0.017187326744113489 -0.063176150541653181 0.0041050438132107575 0.027874008709258793 -0.10071049805096229 -0.033920310012401991 0.014695570578602643 0.027174636973342259 -0.079357549637954605 -0.020809397735769605 3.0998005577998502e-05 0.027284165579831307 0.035825327588854483 0.0063147324082867958 -0.0069278139722040687 -0.098196535827261122 0.00060290667197610177 0.015838448654030328 -0.061667556239653566 -0.099853146441231042 -0.088142917027375978 0.015751730936603994 0.044186836620552214 0.048855874661592989 0.011733226357691666 0.0019636651065845293 -0.028746413327893905 -0.031304894552102495 0.04661694517026204 -0.10723358561202639 -0.06344209759894727 -0.058276640164295783 -0.070693952262678245 0.014516279835622078 -0.099066663592785931 0.0039833373880341144 -0.098789232147977482 -0.10255765524052496 -0.055888890313335521 -0.040548201910032444 -0.044508097632937213 0.052626719483617759 0.053184823066511788 -0.10801218603092858 -0.10283848689725904 -0.070673324677675273 -0.010465161687482386 -0.004989231359857617 -0.069928947020900495 0.055403473711588117 -0.10049430126511082 0.032630351106390516 -0.10228822312380798 0.031860298037673242 0.034662902987575357 0.056331043549027765 -0.012978678429709432 -0.090561055255656234 -0.00063040934438744756 0.0095428859814250637 -0.098622095411550731
leaf_weight=45.472356243757531 230.69700771383941 274.69101960794069 26.00485395360738 14.194432114250956 29.199242670089006 4.5260323667898765 53.402083983644843 141.37990074139088 313.3562030820176 20.264729577116668 70.593517123023048 48.233435478061438 279.50167979160324 39.298892972059548 151.80060705170035 267.19447928282898 3.0286425305530456 38.115998940076679 148.02562098717317 34.875338904093951 11.044900972396134 2.5535421906970424 849.46921442262828 165.86194350058213 13.796277524903415 11.356953393202273 152.57885140762664 237.36718534771353 76.701222115312703 16.679518780671064 3.5388856232166281 16.198020464158617 54.115555175114423 12.391131160082297 174.13247879734263 3.2969209481962016 120.42675734637305 3.93222827091813 1.95231946744025 365.95975716155954 334.8380027320236 153.22870929527562 7.8176862518303096 9.6757473880425078 1.9297064822167147 6.2500465530902147 14.262760141864417 61.445152330910787 259.52433609729633 9.2022025152109546 23.909683352801952 1.9591766279190768 142.06913559231907 3.7898273477330795 110.41888341726735 80.728892939165235 5.8801430603489262 90.228479203768075 7.966192139312624 138.8096078177914 85.557283486472443 3.9566731685772529
leaf_count=2893 887 3382 5146 1034 1696 171 5984 1731 2008 4496 6367 4448 4363 1058 9821 19476 136 876 3318 1397 349 450 14233 941 616 1141 10486 35296 8811 74 112 4575 11173 2851 5580 154 5642 387 47 71117 58344 24841 255 87 43 282 791 3101 14205 396 240 65 2011 201 1085 1676 84 9930 1390 3231 1471 159
internal_value=0.000649019 0.0121447 -0.0289145 -0.036626 -0.0404094 0.00334478 -0.00139593 0.0257066 0.0379772 -0.0168755 -0.0113767 -0.0190649 0.0143214 0.00590586 -0.0149107 -0.00293428 0.00737246 -0.0035562 0.00719841 -0.02915 -0.0426068 -0.0217824 0.0197 0.0306162 -0.0333207 -0.00182971 -0.0128813 -0.0177432 -0.00631305 0.0513639 0.00892328 -0.0256297 -0.0333393 -0.0312751 0.000787333 0.0124057 -0.010345 0.000733671 0.0309858 -0.0475137 -0.0485592 -0.0405475 0.0179673 0.00059921 0.0263817 0.00805872 0.00603591 -0.0218079 0.00872563 0.014058 -0.000585275 0.0435966 0.0151099 0.0291248 0.00923486 0.0267802 -0.0256806 -0.0206592 -0.0278824 0.0113854 0.0197278 0.0047618
internal_weight=6080.66 4378.2 1702.46 1037.74 952.967 2655.27 1854.38 1722.93 566.224 664.717 902.089 237.975 800.889 84.7712 644.453 498.026 521.387 246.696 173.705 72.9913 25.679 404.063 1156.71 307.242 201.144 37.5444 618.448 465.869 228.502 252.868 22.1707 208.775 160.542 23.7481 444.624 177.429 202.919 124.359 18.6318 714.992 700.798 163.6 10.3712 14.6341 11.6055 952.29 859.431 75.7079 783.723 498.33 285.393 25.8689 493.804 145.859 347.945 92.8591 12.1302 106.426 78.5597 338.742 199.933 89.514
internal_count=378611 138287 240324 166268 162317 118254 104303 20033 3128 74056 75134 31822 13951 3951 69560 31194 9588 6206 3933 2273 615 43940 16905 2672 30154 4608 64414 53928 18632 1120 233 30126 25678 3992 25210 5734 13786 6029 121 130495 129461 25546 705 266 130 29169 27127 3892 23235 8725 14510 305 8554 2212 6342 2042 366 14505 7757 5946 2715 1630
is_linear=0
shrinkage=0.05


Tree=9
num_leaves=63
num_cat=0
split_feature=6 19 12 14 2 14 6 2 6 12 6 10 14 10 4 17 2 2 2 0 2 4 19 14 19 0 9 2 9 0 17 9 9 2 6 9 0 11 17 5 19 19 19 6 14 4 19 4 19 12 19 3 14 4 19 1 11 3 4 2 6 9
split_gain=692.36 326.065 147.995 97.7087 70.8969 54.1659 49.4716 47.2337 30.5383 20.719 20.4203 20.2252 19.1017 16.8213 16.4049 28.3886 25.0967 15.7923 16.2462 15.7907 23.9317 24.4261 17.5347 17.1384 16.4495 15.1427 14.5686 19.2272 16.5507 14.9368 14.5497 14.2454 13.8638 13.7557 13.6378 21.0141 16.56 15.4296 17.01 15.0797 14.7335 13.6152 19.7761 18.5511 13.54 13.5361 13.5102 31.4756 14.7056 14.5026 13.3613 13.2809 13.0492 31.9761 12.9837 16.4007 13.5735 13.7909 12.8792 15.1025 12.6166 12.1892
threshold=11.500000000000002 1.0000000180025095e-35 60.000000000000007 3.5000000000000004 7.5000000000000009 4.5000000000000009 1.0000000180025095e-35 10.500000000000002 5.5000000000000009 4.5000000000000009 14.500000000000002 2.5000000000000004 60.000000000000007 16.500000000000004 18.500000000000004 3.5000000000000004 1.5000000000000002 8.5000000000000018 11.500000000000002 3.5000000000000004 5.5000000000000009 10.500000000000002 36.489439010620124 16.500000000000004 25.354743957519535 60.000000000000007 0.014389234129339458 15.500000000000002 0.015504807699471714 1.5000000000000002 2.5000000000000004 0.012739370577037336 0.015268065501004459 9.5000000000000018 2.5000000000000004 0.016001024283468727 1.0000000180025095e-35 0.012579114176332952 2.5000000000000004 0.012903762981295587 19.743078231811527 19.11519813537598 9.3998298645019549 8.5000000000000018 5.5000000000000009 13.500000000000002 10.161968708038332 16.500000000000004 9.9812240600585955 17.500000000000004 23.130131721496586 0.012903762981295587 4.5000000000000009 60.000000000000007 7.7831633090972909 0.014815627597272398 0.013606071937829258 0.014815627597272398 4.5000000000000009 1.5000000000000002 14.500000000000002 0.013245614245533945
decision_type=2 2 2 2 2 2 2 2 2 2 2 2 2 2 2 2 2 2 2 2 2 2 2 2 2 2 2 2 2 2 2 2 2 2 2 2 2 2 2 2 2 2 2 2 2 2 2 2 2 2 2 2 2 2 2 2 2 2 2 2 2 2
left_child=3 2 7 6 11 60 30 -2 9 -5 -7 -4 13 -12 34 16 -16 32 33 -10 21 41 23 52 50 -14 27 45 51 -29 -1 -18 54 -19 40 36 44 38 -38 -39 -11 42 43 -21 -36 -20 48 -48 -31 -49 -25 -28 53 -22 -3 56 57 -56 59 -13 -6 -17
right_child=1 17 4 8 5 10 -8 -9 19 14 12 58 25 -15 15 61 31 18 26 20 22 -23 -24 24 -26 -27 28 29 -30 46 -32 -33 -34 -35 35 -37 37 39 -40 -41 -42 -43 -44 -45 -46 -47 47 49 -50 -51 -52 -53 -54 -55 55 -57 -58 -59 -60 -61 -62 -63
leaf_value=0.055019134823575989 0.072626799534672146 0.070416067966223558 0.043249736958678592 0.029697084974877337 -0.051656439891205969 -0.0136449848220495 0.021413839260933709 -0.070383908729329758 0.019579038410591221 0.015556835517380282 0.001002807373430697 0.014994365054233932 -0.02810111155772322 -0.028065868636115252 0.056549657074982197 0.043651600794228251 0.0010535725361793574 0.012545482492722006 -0.095165643069715922 -0.059922674329942117 -0.099222969748393453 -0.081708551163638246 -0.1002322890676733 -0.0050731700491580926 0.037882214282887662 -0.042618916630456229 0.061528039689864034 -0.10059168319362533 -0.095514048781583247 -0.0011092215945591158 0.034570585609848221 -0.055195473102026715 -0.095390825987847858 -0.074251059809811101 0.044469728987943033 -0.046466581296114563 0.025166124631042765 -0.10127470142182503 -0.1005015912957456 0.0095659114093437012 -0.043610766823217142 -0.10045674584819297 0.042644987848569571 0.012509147383541794 -0.10325486663962469 0.040786177682854807 -0.096825981187229279 0.014859183758401499 -0.067581516669855499 -0.048630687042471046 -0.10318037157329121 -0.095758366111726057 0.016831469291402106 0.043755860966272653 0.028032015469571958 -0.097444380137041264 0.058162047815296804 -0.096812367084833026 0.0026494269686286966 -0.094223432237304908 0.0035385031133004759 0.004646157640368298
leaf_weight=169.74001806043088 5.9290671544149509 21.209798147901893 29.819112203549594 205.1506920279935 11.095382802654056 160.98616128391586 688.7253197398968 220.35523420409299 118.4151624571532 525.14216740010306 57.048586284276098 5.3842842136509717 282.46945664682426 389.95415957365185 18.531975843012333 127.29979640059173 73.7337856432423 7.7441749684512642 1.8988711806014169 18.489682478364553 8.1155157750472409 16.159302033018321 4.08577612414956 330.66650657751597 22.699893955141306 493.27051483490504 25.681130797602243 3.355467962101101 2.0065311444923273 271.66216163896024 178.43636863864958 13.283866785001008 1.9455972015857685 11.11848466331139 2.0826159063726664 21.196438893675804 4.4442209303379041 3.0979873882606617 6.8326511485502124 323.00494844326749 10.73661197721958 4.0095839304849497 15.3540399861522 16.938122546300296 6.078312471508978 51.149160522036254 6.6066389507614067 361.25784618454054 8.5832559950649721 9.2241768846288306 3.5072651337832204 1.4161075754091133 230.9259697990492 7.546753564849495 6.2524237786419743 2.7389542721211901 16.856279597617686 3.4231047467328608 143.20914588170126 7.6798892868682724 154.82774159871042 23.768972385674715
leaf_count=575 11 291 432 1938 637 11346 7158 63696 2159 8600 3174 266 40137 52295 95 1345 1687 202 121 1328 334 1042 83 17390 128 87851 271 182 118 19409 1118 470 119 457 22 897 109 158 513 7415 162 70 131 753 253 746 279 9806 780 589 61 86 4541 106 129 118 159 189 10351 886 12117 720
internal_value=0.00070321 -0.0175661 -0.0286041 0.0165616 -0.0236459 -0.0271477 0.0291791 -0.0666368 0.0105083 0.0150505 -0.0303847 0.00551446 -0.0325887 -0.024356 0.0124585 0.0236138 0.00371817 0.00903541 0.00720846 0.00273153 -0.000208785 -0.0276874 0.00300022 0.00369917 -0.00330505 -0.0373326 0.00837206 0.0069581 0.0430478 0.00463272 0.0445395 -0.00753325 0.0355793 -0.0386162 0.00928704 0.00185777 0.00482212 0.00652452 -0.0509759 0.00851292 0.0143714 -0.0117552 -0.00475164 -0.0252928 -0.0655565 0.0359197 0.00516985 0.0113494 -0.00314511 0.0132784 -0.00610284 0.0533082 0.013836 -0.0303296 0.0406271 0.0190418 0.031067 -0.0161367 -0.00168595 -0.0492103 -0.000152417 0.0375145
internal_weight=5974.36 2776.16 1962.03 3198.2 1735.74 1549.65 1036.9 226.284 2161.3 1364.39 1383.73 186.092 1222.74 447.003 1159.23 256.618 105.55 814.13 761.704 796.914 678.498 70.9507 607.548 603.462 356.874 775.74 742.841 713.738 29.1038 660.69 348.176 87.0177 52.4262 18.8627 902.616 366.737 345.541 337.38 11.2769 326.103 535.879 54.7914 50.7818 35.4278 8.16093 53.048 657.334 377.089 280.245 370.482 334.174 27.0972 246.588 15.6623 50.4806 29.2708 26.5318 9.67553 156.273 13.0642 165.923 151.069
internal_count=378611 317250 283199 61361 219492 207557 8851 63707 52510 24384 194803 11935 183457 55469 22446 4317 2252 34051 33046 28126 25967 3324 22643 22560 17579 127988 32387 31912 475 31045 1693 2157 1005 659 18129 9367 8470 8195 622 7573 8762 2282 2212 2081 275 867 30863 10674 20189 10395 17451 357 4981 440 886 595 477 318 11503 1152 12754 2065
is_linear=0
shrinkage=0.05


Tree=10
num_leaves=63
num_cat=0
split_feature=6 19 6 14 2 12 8 2 16 12 6 4 19 0 2 8 14 17 16 14 17 6 16 19 19 1 17 6 12 0 11 0 14 4 16 19 16 19 16 16 12 14 11 3 11 6 16 11 0 16 16 8 6 14 11 11 12 8 14 4 16 16
split_gain=657.142 244.063 138.665 129.313 66.6425 64.8584 55.7923 31.4086 29.7123 26.9939 25.9192 23.3894 22.3108 22.2527 21.9485 21.5172 21.4105 20.0656 19.5521 20.9153 18.8006 18.5328 18.141 17.7212 17.8679 17.0126 16.8267 27.7322 20.1821 17.6401 16.5222 18.5827 15.9988 16.3506 15.9888 19.9314 15.8352 15.591 15.5564 15.4176 17.9175 17.3387 17.6015 23.2313 16.1131 15.7734 16.565 15.3654 23.9244 17.6197 17.0852 15.1706 15.1378 19.757 14.4966 21.7523 14.3549 13.7896 21.4734 13.3445 13.2816 13.0428
threshold=16.500000000000004 1.0000000180025095e-35 4.5000000000000009 13.500000000000002 1.0000000180025095e-35 18.500000000000004 16.500000000000004 14.500000000000002 24.500000000000004 17.500000000000004 15.500000000000002 2.5000000000000004 24.047787666320804 18.500000000000004 17.500000000000004 6.5000000000000009 6.5000000000000009 2.5000000000000004 79.500000000000014 1.5000000000000002 5.5000000000000009 11.500000000000002 74.500000000000014 28.612809181213382 6.105419635772706 0.012739370577037336 3.5000000000000004 2.5000000000000004 1.0000000180025095e-35 4.5000000000000009 0.015749008394777778 9.5000000000000018 13.500000000000002 4.5000000000000009 57.500000000000007 6.1850199699401864 71.500000000000014 34.721099853515632 70.500000000000014 45.500000000000007 3.5000000000000004 60.000000000000007 0.016001024283468727 0.013606071937829258 0.013793759513646366 3.5000000000000004 66.500000000000014 0.015504807699471714 4.5000000000000009 51.500000000000007 59.500000000000007 11.500000000000002 6.5000000000000009 18.500000000000004 0.015038444194942715 0.013986697886139156 1.5000000000000002 17.500000000000004 9.5000000000000018 9.5000000000000018 61.500000000000007 63.500000000000007
decision_type=2 2 2 2 2 2 2 2 2 2 2 2 2 2 2 2 2 2 2 2 2 2 2 2 2 2 2 2 2 2 2 2 2 2 2 2 2 2 2 2 2 2 2 2 2 2 2 2 2 2 2 2 2 2 2 2 2 2 2 2 2 2
left_child=2 3 4 6 17 -5 54 16 12 10 37 -7 -6 14 -13 -9 -3 30 19 20 -8 -11 39 24 -17 -20 -24 28 -28 -29 31 -1 38 -34 -23 -36 -21 -4 -19 -10 -41 42 43 44 60 -43 -47 50 49 -49 -45 -40 -39 -54 55 61 -55 58 -18 -56 -42 -2
right_child=1 7 9 5 8 11 18 15 22 21 -12 13 -14 -15 -16 23 57 32 25 36 -22 34 26 -25 -26 -27 27 29 -30 -31 -32 -33 33 -35 35 -37 -38 52 51 40 41 45 -44 47 -46 46 -48 48 -50 -51 -52 -53 53 56 59 -57 -58 -59 -60 -61 -62 -63
leaf_value=-0.10772070851215482 0.0057238691620576489 -0.098443693147118858 0.0059287167434667904 -0.06699905120857895 0.02920651693089198 0.02317311468868348 -0.029594881141752866 0.059034944467497935 0.015994687273275601 0.0017407812830400769 0.057196430313627235 0.0034479425437082493 -0.10161181438412865 -0.041477547645496972 -0.031818026002367376 0.027791670121961161 0.063278905242755312 0.037637089121367706 0.037699329322789348 -0.024143882955391251 0.03423951006492134 -0.0081533648576388468 0.058199020813029245 0.026200060001393882 -0.0067171911041641851 -0.10715351388697514 0.072687350065150355 0.060599701661262356 -0.10497491038074683 -0.10061269356141388 0.05458753396548395 0.044410895225158453 -0.0084903680098863468 0.049239275449303628 -0.056638873687358482 0.03717425187061394 -0.094862790205019448 0.06241226284632876 -0.11323700265705178 0.02407391415018785 -0.10259235260938809 -0.00831798610194605 0.024791860669631571 0.031738112302477958 -0.10469784802053497 -0.084516272984558646 0.014455742700187525 -0.10306654817817032 0.021748437447052738 -0.020573536507216113 -0.028313880233046304 0.089770566665244148 -0.097569026447396026 -0.10041582805827785 0.061168109029259725 -0.094874181362855498 0.062785819198784745 0.050512122188975918 -0.092317249568795057 -0.10113138255945911 0.048396992216538141 0.064345321870450597
leaf_weight=3.3883854253217578 36.473764914553612 2.8458772189915171 362.43998819543049 198.42752844025381 404.53594545740634 16.656696227844805 18.905318526551127 15.20542626455426 590.38862949656323 812.72729660291225 30.17723073111847 56.097898559411988 3.2857271060347548 664.38531792955473 206.62848350522108 40.678170203464106 4.3285007448866963 239.67244056425989 22.780124662443999 278.95604581059888 29.585301181534305 265.49600152252242 39.901081649586558 53.439059903845191 481.68516800738871 2.2250028923153868 2.0737515687942523 15.827038471587004 6.9752230737358332 1.9006227110512544 170.73715251591057 4.9247068678960186 44.628522024955601 16.913619304075837 34.967075281776488 6.7555893459357312 8.1469629234634322 25.029147654771805 3.253800637088716 86.240022787358612 2.1816292069852343 108.95503179216757 86.24065759126097 54.701509777456522 9.0481915110722166 14.678871763404461 5.9379552239552131 9.362229101359846 22.806297346018255 20.974738515913486 15.117489165626464 1.2832101434469212 3.9352118629030874 1.6193598899990309 29.901607402600352 4.4148418656550339 8.0223539136350137 57.769145945552737 4.546420098282395 1.3225288996472944 4.3816290944814682 12.824793876148759
leaf_count=50 2099 214 6054 59912 3790 1206 2145 151 8205 31331 374 5148 46 119135 31597 2027 42 1409 724 34944 1335 19322 294 521 27155 77 7 158 421 158 896 38 1418 143 3922 283 1123 61 129 766 113 3301 939 562 387 951 163 199 250 437 364 5 86 32 264 492 39 769 365 154 71 221
internal_value=-0.000335258 -0.0214771 0.0130862 -0.0321026 0.0218205 -0.0410145 -0.00925548 0.00406477 0.0166286 0.00187911 0.0125088 -0.0355513 0.0281525 -0.0366063 -0.024288 0.000326055 0.0358624 0.0379434 -0.0178427 -0.0210208 0.00935203 -0.00221374 0.0123472 -0.00122429 -0.00402987 0.0248101 0.0376228 0.00696126 -0.0642601 0.0433158 0.0512361 -0.0175974 0.0301592 0.00737546 -0.0126752 -0.041449 -0.0261506 0.00914622 0.0359008 0.0107125 0.00363504 -0.00133877 0.00705743 -0.00397951 -0.0614348 -0.0159066 -0.0560108 0.0033151 -0.0169439 -0.0460315 0.0187354 -0.05582 0.0393527 -0.00315786 0.0272013 0.0114521 0.0353755 0.0415976 -0.0164295 0.0542938 -0.00179192 0.020974
internal_weight=5789.72 2248.23 3541.49 1587.73 1990.32 1142.2 445.536 660.498 1505.51 1551.17 431.223 943.768 407.822 927.112 262.726 591.008 69.4899 484.802 360.599 335.594 48.4906 1119.95 1097.69 575.802 522.363 25.0051 66.6777 26.7766 9.04897 17.7277 179.05 8.31309 305.752 61.5421 307.219 41.7227 287.103 401.046 244.209 1031.01 440.626 354.386 224.814 138.574 15.6114 129.572 20.6168 122.962 53.1433 30.337 69.819 4.53701 38.6061 13.5769 84.9375 53.7134 9.64171 66.6441 8.87492 31.2241 6.56326 49.2986
internal_count=378994 291820 87174 260576 25670 216998 43578 31244 21582 61504 6646 157086 3836 155880 36745 29854 1390 4088 40348 39547 3480 54858 17746 29703 29182 801 1038 744 428 316 984 88 3104 1561 23527 4205 36067 6272 1543 16708 8503 7737 3322 2383 571 4415 1114 1812 886 636 926 134 218 157 3230 2812 71 1176 407 418 184 2320
is_linear=0
shrinkage=0.05


Tree=11
num_leaves=63
num_cat=0
split_feature=21 7 19 12 2 19 7 14 7 16 16 14 17 10 17 16 16 17 4 17 17 16 16 19 9 7 19 14 2 19 16 19 17 14 14 4 2 19 14 10 21 9 12 14 12 16 9 16 19 15 11 16 13 12 16 16 16 10 19 16 16 10
split_gain=701.986 178.735 115.482 86.9731 60.3798 55.5158 51.4529 48.1778 29.0157 42.6479 27.3071 26.5692 22.8362 21.3318 21.275 21.2013 21.0837 20.3817 19.4882 22.0616 18.6438 18.4311 29.9844 14.8048 14.5721 14.2015 20.5888 13.6272 12.3968 11.9957 11.8589 18.4254 16.2082 19.2035 26.6143 22.2599 15.2675 16.2035 18.7399 16.6636 14.5611 13.8054 13.6631 17.2052 13.9156 14.9065 17.0551 12.6652 15.8579 12.2673 12.9075 13.2295 12.2229 11.7694 17.3553 18.6416 11.7502 11.7424 11.572 11.4953 11.4434 11.2837
threshold=1.5000000000000002 0.015268065501004459 1.0000000180025095e-35 60.000000000000007 1.0000000180025095e-35 4.2210593223571786 0.014389234129339458 60.000000000000007 0.013423423748463394 66.500000000000014 79.500000000000014 1.5000000000000002 3.5000000000000004 1.5000000000000002 3.5000000000000004 24.500000000000004 74.500000000000014 3.5000000000000004 1.0000000180025095e-35 3.5000000000000004 1.5000000000000002 21.500000000000004 2.5000000000000004 21.658555030822757 1.0000000180025095e-35 0.016001024283468727 11.478756427764894 7.5000000000000009 2.5000000000000004 38.403104782104499 63.500000000000007 7.35363793373108 4.5000000000000009 13.500000000000002 2.5000000000000004 7.5000000000000009 13.500000000000002 20.806070327758793 1.5000000000000002 16.500000000000004 3.5000000000000004 1.0000000180025095e-35 8.5000000000000018 10.500000000000002 6.5000000000000009 54.500000000000007 0.013606071937829258 60.500000000000007 8.2478299140930194 0.013606071937829258 0.014815627597272398 49.500000000000007 0.012903762981295587 2.5000000000000004 48.500000000000007 50.500000000000007 43.500000000000007 6.5000000000000009 20.54030799865723 56.500000000000007 27.500000000000004 1.5000000000000002
decision_type=2 2 2 2 2 2 2 2 2 2 2 2 2 2 2 2 2 2 2 2 2 2 2 2 2 2 2 2 2 2 2 2 2 2 2 2 2 2 2 2 2 2 2 2 2 2 2 2 2 2 2 2 2 2 2 2 2 2 2 2 2 2
left_child=2 5 3 -1 12 7 10 -2 17 20 11 -5 61 -7 -12 25 -17 57 -13 -20 -10 22 -21 58 -19 27 -27 28 -6 30 31 -15 -32 34 -34 -35 40 38 -38 -39 56 52 44 -44 45 -42 -47 -40 -49 50 51 -45 -37 54 -41 -56 -33 -9 -4 -48 -59 -3
right_child=1 4 23 6 15 13 -8 8 9 -11 14 18 -14 29 -16 16 -18 24 19 21 -22 -23 -24 -25 -26 26 -28 -29 -30 -31 32 36 33 35 -36 41 37 39 47 53 42 -43 43 49 -46 46 59 48 -50 -51 -52 -53 -54 -55 55 -57 -58 60 -60 -61 -62 -63
leaf_value=-0.066740027459281773 0.0035996297658944854 0.051385193445163013 -0.0082165665533296423 0.0088749674058951813 -0.0061898682056359495 -0.099671277365312588 0.014081077561676317 0.025248787774242387 -0.047697341115014974 -0.089736798324856773 0.02967331436049225 0.074802519943356155 0.025843841658963709 -0.052854074817268094 -0.058856782340173913 0.010874265656480121 0.040177096371545901 -0.022915273970624546 -0.046595558016113398 -0.032454210786541947 0.00045154359203308141 -0.035640980121699965 0.021812892656287268 0.016820460406251323 -0.051998956641843841 0.037216870013839935 -0.1031405880058479 0.0012976899782957982 0.036389252903418705 0.042459476035000131 0.029795319951310312 -0.095094776981125992 0.018257044674689808 -0.10113500010320023 -0.067079295962295879 -0.097061272111344493 -0.098985632448498506 0.0057834958992281577 0.010519578028850231 -0.10389834252180362 0.01959420114810928 0.047088792648055822 -0.071597405058986638 -0.060029140287092032 0.048573382346455897 -0.10650726243688693 -0.10160651120484002 0.035703320761723771 -0.097121569394272134 0.064819936881038348 -0.099212254121873691 0.033021046704407087 0.012133997693145342 -0.098312151007199311 0.071192940864587786 -0.10063303196038825 0.059383473704495426 -0.051405433094099132 -0.098092170824683245 0.018787475305940424 -0.010066050259780478 0.016658353460098335
leaf_weight=199.28229128953535 770.93283312325366 215.58437851723284 300.62015023967251 32.921196359209716 21.216818779706955 4.2785458173602811 60.665734030772001 18.771989667555317 21.312391945626587 14.474795773159711 28.348557230783626 3.8871358381584278 239.88073647860438 12.946439953986554 8.9219998007174564 997.60820421855897 65.410719275008887 86.211106768110767 369.95649880333804 68.454986156430095 354.85910244681872 374.22934477590024 40.522176584927365 66.097086909692734 86.064963191747665 201.73978832503781 2.6470420509576789 83.652457356918603 87.981932421214879 31.565968478331342 155.31676584901288 1.2936179214157189 18.070335031021386 3.7173181674443176 18.480809778440744 2.7291512205265454 4.2399550690315655 17.922551532275975 170.42149782087654 4.4440947500988859 91.599475296214223 35.930569699499756 9.7415972356684488 5.5096545438282289 31.855502986349165 5.1519413697533336 2.3656856250017873 3.5526757985353452 6.1148655880242586 6.6539728092029682 3.6028629015199831 12.454920679796485 42.034721172880381 10.260713802184908 5.3521005883812904 2.2387929791584611 25.423771437257528 20.359306689817458 3.6246710680425158 12.245930999051778 94.181138422572985 26.238617461174726
leaf_count=63769 29848 1124 22092 2581 228 183 1926 1181 3289 1977 1356 31 2708 1097 1764 16242 1022 12836 64183 10086 18161 68088 3408 846 17400 1156 65 1671 579 208 2358 93 312 195 774 334 216 192 4919 114 1054 534 270 260 267 157 50 134 458 40 144 287 941 355 10 95 195 2736 177 122 9840 256
internal_value=-0.000365359 0.01034 -0.029004 -0.0366081 0.021424 0.000664681 -0.0305299 -0.00501077 -0.014545 -0.00551709 -0.0334486 -0.0352045 0.0367744 0.011657 0.00848057 0.0163603 0.0126774 -0.0260857 -0.0368977 -0.0374067 -0.00227638 -0.0303714 -0.0122755 -0.00462771 -0.0374448 0.0262158 0.0353991 0.0164833 0.0281163 0.0122893 0.0109697 0.00592162 0.0191077 0.00538481 -0.0248903 0.0184942 0.00768123 -0.00135861 0.00491526 -0.0301131 0.017445 0.0240051 0.0123636 -0.0143054 0.0194327 0.011097 -0.0282853 0.00736147 -0.0483104 0.0054709 -0.0128394 0.00448297 0.00547661 -0.0589688 -0.0254258 0.0205161 0.0519039 -0.0114066 -0.00928731 -0.000704846 -0.017414 0.0476172
internal_weight=5724.18 4166.65 1557.53 1187.19 1941.96 2224.68 987.908 1467.17 696.235 390.646 927.242 889.971 481.704 757.517 37.2706 1460.26 1063.02 305.589 857.05 853.163 376.171 483.207 108.977 370.342 172.276 397.238 204.387 192.851 109.199 753.238 721.672 445.393 276.28 120.963 36.5511 84.4118 432.446 224.547 184.329 40.2183 207.899 80.6944 181.182 37.963 143.219 111.363 19.7636 180.089 9.66754 28.2214 21.5674 17.9646 44.7639 22.2957 12.035 7.59089 26.7174 133.312 304.245 14.6116 114.54 241.823
internal_count=378994 138687 240307 217192 25051 113636 153423 97268 67420 23427 151497 148377 4088 16368 3120 20963 17264 43993 145796 145765 21450 81582 13494 23115 30236 3699 1221 2478 807 16185 15977 10529 5448 3090 1086 2004 9432 6493 5727 766 2939 1809 2651 1001 1650 1383 329 5511 592 731 691 547 1275 574 219 105 288 13757 22269 172 12576 1380
is_linear=0
shrinkage=0.05


end of trees

feature_importances:
popularity=120
rank_state_bm25_focused=62
turn_number=60
rank_leg_image_siglip2=57
pmi_sum=57
rank_decay_descending=49
rank_pmi_leg=49
rank_leg_attributes_qwen3_embedding_0_6b=47
rank_cf_bpr=46
score_metadata_qwen3=32
rank_leg_lyrics_qwen3_embedding_0_6b=31
rank_metadata_qwen3=24
score_leg_lyrics_qwen3_embedding_0_6b=21
score_state_bm25_focused=17
score_leg_image_siglip2=16
n_legs_containing=16
n_prior_accepts=15
score_decay_descending=10
score_cf_bpr=7
score_leg_attributes_qwen3_embedding_0_6b=6
score_pmi_leg=2

parameters:
[boosting: gbdt]
[objective: lambdarank]
[metric: ndcg]
[tree_learner: serial]
[device_type: cpu]
[data_sample_strategy: bagging]
[data: ]
[valid: ]
[num_iterations: 300]
[learning_rate: 0.05]
[num_leaves: 63]
[num_threads: -1]
[seed: 0]
[deterministic: 0]
[force_col_wise: 0]
[force_row_wise: 0]
[histogram_pool_size: -1]
[max_depth: -1]
[min_data_in_leaf: 10]
[min_sum_hessian_in_leaf: 0.001]
[bagging_fraction: 0.8]
[pos_bagging_fraction: 1]
[neg_bagging_fraction: 1]
[bagging_freq: 5]
[bagging_seed: 3]
[bagging_by_query: 0]
[feature_fraction: 0.8]
[feature_fraction_bynode: 1]
[feature_fraction_seed: 2]
[extra_trees: 0]
[extra_seed: 6]
[early_stopping_round: 0]
[early_stopping_min_delta: 0]
[first_metric_only: 0]
[max_delta_step: 0]
[lambda_l1: 0]
[lambda_l2: 0]
[linear_lambda: 0]
[min_gain_to_split: 0]
[drop_rate: 0.1]
[max_drop: 50]
[skip_drop: 0.5]
[xgboost_dart_mode: 0]
[uniform_drop: 0]
[drop_seed: 4]
[top_rate: 0.2]
[other_rate: 0.1]
[min_data_per_group: 100]
[max_cat_threshold: 32]
[cat_l2: 10]
[cat_smooth: 10]
[max_cat_to_onehot: 4]
[top_k: 20]
[monotone_constraints: ]
[monotone_constraints_method: basic]
[monotone_penalty: 0]
[feature_contri: ]
[forcedsplits_filename: ]
[refit_decay_rate: 0.9]
[cegb_tradeoff: 1]
[cegb_penalty_split: 0]
[cegb_penalty_feature_lazy: ]
[cegb_penalty_feature_coupled: ]
[path_smooth: 0]
[interaction_constraints: ]
[verbosity: -1]
[saved_feature_importance_type: 0]
[use_quantized_grad: 0]
[num_grad_quant_bins: 4]
[quant_train_renew_leaf: 0]
[stochastic_rounding: 1]
[linear_tree: 0]
[max_bin: 255]
[max_bin_by_feature: ]
[min_data_in_bin: 3]
[bin_construct_sample_cnt: 200000]
[data_random_seed: 1]
[is_enable_sparse: 1]
[enable_bundle: 1]
[use_missing: 1]
[zero_as_missing: 0]
[feature_pre_filter: 1]
[pre_partition: 0]
[two_round: 0]
[header: 0]
[label_column: ]
[weight_column: ]
[group_column: ]
[ignore_column: ]
[categorical_feature: ]
[forcedbins_filename: ]
[precise_float_parser: 0]
[parser_config_file: ]
[objective_seed: 5]
[num_class: 1]
[is_unbalance: 0]
[scale_pos_weight: 1]
[sigmoid: 1]
[boost_from_average: 1]
[reg_sqrt: 0]
[alpha: 0.9]
[fair_c: 1]
[poisson_max_delta_step: 0.7]
[tweedie_variance_power: 1.5]
[lambdarank_truncation_level: 20]
[lambdarank_norm: 1]
[label_gain: ]
[lambdarank_position_bias_regularization: 0]
[eval_at: ]
[multi_error_top_k: 1]
[auc_mu_weights: ]
[num_machines: 1]
[local_listen_port: 12400]
[time_out: 120]
[machine_list_filename: ]
[machines: ]
[gpu_platform_id: -1]
[gpu_device_id: -1]
[gpu_use_dp: 0]
[num_gpu: 1]

end of parameters

pandas_categorical:null
